0.010767698287963867
0.009532451629638672
0.010300159454345703
0.010328292846679688
0.009948015213012695
0.00921010971069336
0.0093536376953125
0.009451150894165039
0.00980997085571289
0.01004338264465332
0.010057449340820312
0.009865760803222656
0.009648323059082031
0.00957036018371582
0.009053468704223633
0.009289264678955078
0.009388923645019531
0.009467124938964844
0.009471416473388672
0.010041952133178711
0.009427070617675781
0.010114908218383789
0.008206367492675781
0.009208440780639648
0.009574413299560547
0.010094642639160156
0.010107994079589844
0.010075092315673828
0.009211301803588867
0.01034688949584961
0.009710550308227539
0.009407520294189453
0.009811639785766602
0.010129451751708984
0.009764432907104492
0.009244918823242188
0.01008296012878418
0.008654117584228516
0.010130643844604492
0.01032876968383789
0.010077953338623047
0.01010274887084961
0.009493350982666016
0.009100675582885742
0.010078907012939453
0.010080099105834961
0.00991201400756836
0.010080575942993164
0.010067939758300781
0.011087417602539062
0.005228281021118164
0.02061915397644043
0.007953882217407227
0.010105609893798828
0.00792837142944336
0.01009225845336914
0.010090112686157227
0.010114431381225586
0.010120630264282227
0.010100841522216797
0.007245063781738281
0.009767293930053711
0.009533882141113281
0.01010751724243164
0.010156869888305664
0.009672403335571289
0.010071992874145508
0.01011347770690918
0.01010441780090332
0.010080099105834961
0.010952472686767578
0.010088205337524414
0.01003718376159668
0.009379148483276367
0.009709835052490234
0.010069131851196289
0.009807586669921875
0.00936436653137207
0.010073661804199219
0.008817911148071289
0.00528717041015625
0.010107755661010742
0.009720325469970703
0.009450197219848633
0.011149406433105469
0.009485960006713867
0.009785652160644531
0.008750677108764648
0.010087013244628906
0.00991058349609375
0.009507894515991211
0.009361028671264648
0.01011204719543457
0.0052187442779541016
0.008219480514526367
0.010051965713500977
0.009761571884155273
0.01136469841003418
0.009735107421875
0.009562253952026367
0.009462356567382812
0.010431289672851562
0.010441780090332031
0.009380102157592773
0.010429143905639648
0.01041269302368164
0.009977340698242188
0.010413408279418945
0.010421276092529297
0.009865045547485352
0.009453058242797852
0.010432720184326172
0.010068655014038086
0.009672164916992188
0.00953817367553711
0.00948786735534668
0.010425329208374023
0.010094881057739258
0.009738445281982422
0.009557962417602539
0.010424613952636719
0.01011514663696289
0.01042795181274414
0.010419130325317383
0.009868383407592773
0.009545564651489258
0.01025247573852539
0.010275840759277344
0.00969552993774414
0.009624719619750977
0.010274410247802734
0.00974726676940918
0.009803056716918945
0.009616851806640625
0.009502172470092773
0.01025080680847168
0.010702848434448242
0.009615182876586914
0.009623527526855469
0.010280847549438477
0.010081052780151367
0.010204553604125977
0.010302543640136719
0.010273933410644531
0.010071277618408203
0.00915217399597168
0.009290218353271484
0.01040792465209961
0.010437250137329102
0.009961605072021484
0.010409832000732422
0.010314226150512695
0.009605169296264648
0.010729551315307617
0.00827169418334961
0.010138511657714844
0.00972294807434082
0.009537696838378906
0.009576559066772461
0.00872802734375
0.009056806564331055
0.010298013687133789
0.01037907600402832
0.009884357452392578
0.009079694747924805
0.010338068008422852
0.010351419448852539
0.010053873062133789
0.007601737976074219
0.010369539260864258
0.009891986846923828
0.005335330963134766
0.009778022766113281
0.010089635848999023
0.009432077407836914
0.010427236557006836
0.010266780853271484
0.009665489196777344
0.010407686233520508
0.010164260864257812
0.009719133377075195
0.010369062423706055
0.009903430938720703
0.009775400161743164
0.009487390518188477
0.009122371673583984
0.010364294052124023
0.009986639022827148
0.009674549102783203
0.009352684020996094
0.010294437408447266
0.00857234001159668
0.010333776473999023
0.009762287139892578
0.009407281875610352
0.010291099548339844
0.01015925407409668
0.009751319885253906
0.00945591926574707
0.010279655456542969
0.009377479553222656
0.009865760803222656
0.009451866149902344
0.009515762329101562
0.010361909866333008
0.010299205780029297
0.009376287460327148
0.009353160858154297
0.009557962417602539
0.010294914245605469
0.009899377822875977
0.009223222732543945
0.010274648666381836
0.00994110107421875
0.009499073028564453
0.010262250900268555
0.009987115859985352
0.010387182235717773
0.009891271591186523
0.009943485260009766
0.0103607177734375
0.010555028915405273
0.010433435440063477
0.010305643081665039
0.00954580307006836
0.009447336196899414
0.010180473327636719
0.009671926498413086
0.010370731353759766
0.009725570678710938
0.009781122207641602
0.009456634521484375
0.010291814804077148
0.009755849838256836
0.010297536849975586
0.010181665420532227
0.009584188461303711
0.010299205780029297
0.00988912582397461
0.009549617767333984
0.009569883346557617
0.010305166244506836
0.01007986068725586
0.010246992111206055
0.010097742080688477
0.00963735580444336
0.010247468948364258
0.010285377502441406
0.009460687637329102
0.009438276290893555
0.011720657348632812
0.009831666946411133
0.009484052658081055
0.008666276931762695
0.010276079177856445
0.009976387023925781
0.009635448455810547
0.010274887084960938
0.010101795196533203
0.009573698043823242
0.01027989387512207
0.010293245315551758
0.010039806365966797
0.01029348373413086
0.00980234146118164
0.009527921676635742
0.008950471878051758
0.010389089584350586
0.009866714477539062
0.009429693222045898
0.010309219360351562
0.010017156600952148
0.01033782958984375
0.010099411010742188
0.010279655456542969
0.009894847869873047
0.010293960571289062
0.009759664535522461
0.010294198989868164
0.010303974151611328
0.010288000106811523
0.009896039962768555
0.010294675827026367
0.009799480438232422
0.010474681854248047
0.009447336196899414
0.01046609878540039
0.009836673736572266
0.009100198745727539
0.010306119918823242
0.010436058044433594
0.009868860244750977
0.010442495346069336
0.009793996810913086
0.010429859161376953
0.00931096076965332
0.010485172271728516
0.010082721710205078
0.010463476181030273
0.009597063064575195
0.009436368942260742
0.010479211807250977
0.009584903717041016
0.010448217391967773
0.009775400161743164
0.010420799255371094
0.01040792465209961
0.009854555130004883
0.010393142700195312
0.009891748428344727
0.00948643684387207
0.010408401489257812
0.010078668594360352
0.010418891906738281
0.010097503662109375
0.010193347930908203
0.01042628288269043
0.009634017944335938
0.009383678436279297
0.010457754135131836
0.00995016098022461
0.009646892547607422
0.01049041748046875
0.00975656509399414
0.009371042251586914
0.010419607162475586
0.010153770446777344
0.010408639907836914
0.010184049606323242
0.009613752365112305
0.01043248176574707
0.010807275772094727
0.010460615158081055
0.010409832000732422
0.009692907333374023
0.010458946228027344
0.010453462600708008
0.010448932647705078
0.009883642196655273
0.010454654693603516
0.010428667068481445
0.010045528411865234
0.009491205215454102
0.010422945022583008
0.010449409484863281
0.00927424430847168
0.010398387908935547
0.010421276092529297
0.010415792465209961
0.009807348251342773
0.01031637191772461
0.010431051254272461
0.009766101837158203
0.010424137115478516
0.009699106216430664
0.010444164276123047
0.010428905487060547
0.009732723236083984
0.010429620742797852
0.010404586791992188
0.010438680648803711
0.009730815887451172
0.010456562042236328
0.009798526763916016
0.009546041488647461
0.010429143905639648
0.010446548461914062
0.010393381118774414
0.009352684020996094
0.009512662887573242
0.00943136215209961
0.010417461395263672
0.010463953018188477
0.009243965148925781
0.010395050048828125
0.009584188461303711
0.010448217391967773
0.010376214981079102
0.010419368743896484
0.009565114974975586
0.010425567626953125
0.009947061538696289
0.010414838790893555
0.010428667068481445
0.01041722297668457
0.009347677230834961
0.010150432586669922
0.010447025299072266
0.010445356369018555
0.009733915328979492
0.010477781295776367
0.010461807250976562
0.01039886474609375
0.009524345397949219
0.01047062873840332
0.009582281112670898
0.01045370101928711
0.00955510139465332
0.010424375534057617
0.009779214859008789
0.010308504104614258
0.009802103042602539
0.010445117950439453
0.00980234146118164
0.009283304214477539
0.009344816207885742
0.01044917106628418
0.009210586547851562
0.010430574417114258
0.010405778884887695
0.00931692123413086
0.010396480560302734
0.010461568832397461
0.010263204574584961
0.010433435440063477
0.009781360626220703
0.010460376739501953
0.010137796401977539
0.010456562042236328
0.010140180587768555
0.009952306747436523
0.010300397872924805
0.00957345962524414
0.010431289672851562
0.009537220001220703
0.010471820831298828
0.009951591491699219
0.010385513305664062
0.008814096450805664
0.009390115737915039
0.010463237762451172
0.010477066040039062
0.010455131530761719
0.010462284088134766
0.009489059448242188
0.010439634323120117
0.009837627410888672
0.010802030563354492
0.00955057144165039
0.010440587997436523
0.00988006591796875
0.010460615158081055
0.00987696647644043
0.010514497756958008
0.010340690612792969
0.01044154167175293
0.00974893569946289
0.010450601577758789
0.010087728500366211
0.01104736328125
0.009757518768310547
0.010435819625854492
0.009698867797851562
0.010498285293579102
0.010149240493774414
0.01105499267578125
0.010459184646606445
0.010122299194335938
0.009917020797729492
0.01040792465209961
0.009218692779541016
0.010445117950439453
0.009675979614257812
0.010467290878295898
0.010240554809570312
0.009073972702026367
0.010484457015991211
0.009463787078857422
0.010411262512207031
0.009950399398803711
0.010467290878295898
0.009674549102783203
0.008672952651977539
0.010503768920898438
0.010464668273925781
0.009814977645874023
0.010458946228027344
0.010033130645751953
0.010429620742797852
0.009673595428466797
0.010448694229125977
0.009763956069946289
0.01048135757446289
0.009247541427612305
0.010429859161376953
0.009760141372680664
0.01054692268371582
0.009153127670288086
0.010422229766845703
0.009664773941040039
0.010468006134033203
0.009941577911376953
0.010411739349365234
0.009943008422851562
0.010473012924194336
0.009203672409057617
0.010095357894897461
0.010453462600708008
0.009902715682983398
0.009344816207885742
0.010447502136230469
0.010002851486206055
0.010478734970092773
0.00993967056274414
0.010474443435668945
0.009849071502685547
0.010453939437866211
0.009831666946411133
0.010557174682617188
0.009602785110473633
0.010456323623657227
0.009185791015625
0.010510444641113281
0.009516239166259766
0.010475873947143555
0.010193109512329102
0.010414600372314453
0.009981393814086914
0.010451316833496094
0.010201692581176758
0.010489225387573242
0.009883880615234375
0.010463953018188477
0.010069847106933594
0.010457992553710938
0.009161949157714844
0.009436845779418945
0.010484457015991211
0.009894371032714844
0.010453224182128906
0.01045370101928711
0.010223865509033203
0.009439945220947266
0.010484933853149414
0.00931406021118164
0.010467767715454102
0.009891986846923828
0.010422706604003906
0.010076045989990234
0.010458707809448242
0.009443283081054688
0.01043081283569336
0.010205745697021484
0.01043701171875
0.009925365447998047
0.010453462600708008
0.010404586791992188
0.00966501235961914
0.010538101196289062
0.009641647338867188
0.010452747344970703
0.00963449478149414
0.01089334487915039
0.010440349578857422
0.009392499923706055
0.010453462600708008
0.010498523712158203
0.010137557983398438
0.010455131530761719
0.009347677230834961
0.01046133041381836
0.009914159774780273
0.009445667266845703
0.010454177856445312
0.010472774505615234
0.010024547576904297
0.010483741760253906
0.010618448257446289
0.010484933853149414
0.009711503982543945
0.010480165481567383
0.010378599166870117
0.010518312454223633
0.009618997573852539
0.010884761810302734
0.010435342788696289
0.009398221969604492
0.010474443435668945
0.010459423065185547
0.010460376739501953
0.010453939437866211
0.010461568832397461
0.009446859359741211
0.010449409484863281
0.010459661483764648
0.010451078414916992
0.009558916091918945
0.009199857711791992
0.009614944458007812
0.010498523712158203
0.01047372817993164
0.011411905288696289
0.01054525375366211
0.010481119155883789
0.0103302001953125
0.009444475173950195
0.0103607177734375
0.010348320007324219
0.009727716445922852
0.010323286056518555
0.010320663452148438
0.009603738784790039
0.009923934936523438
0.00930929183959961
0.010276317596435547
0.010272979736328125
0.009140968322753906
0.010308265686035156
0.010485172271728516
0.009250402450561523
0.010277748107910156
0.010297775268554688
0.00959920883178711
0.011476993560791016
0.00927734375
0.010298013687133789
0.010544061660766602
0.010351181030273438
0.009927034378051758
0.009359121322631836
0.01020359992980957
0.010306596755981445
0.010313987731933594
0.01028752326965332
0.00958561897277832
0.010316610336303711
0.008960485458374023
0.010301351547241211
0.009711742401123047
0.010331153869628906
0.009654998779296875
0.010246515274047852
0.009926319122314453
0.009486198425292969
0.010317325592041016
0.01030421257019043
0.010287761688232422
0.009689807891845703
0.010316133499145508
0.010291814804077148
0.010302305221557617
0.010281801223754883
0.009373664855957031
0.010091066360473633
0.010289192199707031
0.009755849838256836
0.010284662246704102
0.010283708572387695
0.009710550308227539
0.009774446487426758
0.010271072387695312
0.01029062271118164
0.009729385375976562
0.01030874252319336
0.00986027717590332
0.010307788848876953
0.009793281555175781
0.010275840759277344
0.009808540344238281
0.010309934616088867
0.009554624557495117
0.00999903678894043
0.00993657112121582
0.01032257080078125
0.009546995162963867
0.010319709777832031
0.009907245635986328
0.010312080383300781
0.009570598602294922
0.010314464569091797
0.009429216384887695
0.010305166244506836
0.009588241577148438
0.010324239730834961
0.009298563003540039
0.01035451889038086
0.009746313095092773
0.010290861129760742
0.010071754455566406
0.009771108627319336
0.01143956184387207
0.010291337966918945
0.00919651985168457
0.009807586669921875
0.009658098220825195
0.01032114028930664
0.009174346923828125
0.009424448013305664
0.009275674819946289
0.010378837585449219
0.009972333908081055
0.009115457534790039
0.008342266082763672
0.009650945663452148
0.010316848754882812
0.010292291641235352
0.01032567024230957
0.010283470153808594
0.009805917739868164
0.010309219360351562
0.010301351547241211
0.010340213775634766
0.00950932502746582
0.010298967361450195
0.010295867919921875
0.010330677032470703
0.009699821472167969
0.009479284286499023
0.00983285903930664
0.010278940200805664
0.010297536849975586
0.010277986526489258
0.010314226150512695
0.010296106338500977
0.01167750358581543
0.010300159454345703
0.009513616561889648
0.01030588150024414
0.01029515266418457
0.010062217712402344
0.01007390022277832
0.011183500289916992
0.01030874252319336
0.009456872940063477
0.010314226150512695
0.010486125946044922
0.010283470153808594
0.009893178939819336
0.010275602340698242
0.009237527847290039
0.010180473327636719
0.010324239730834961
0.010317564010620117
0.010289907455444336
0.010272741317749023
0.010284900665283203
0.009735584259033203
0.01028752326965332
0.010296106338500977
0.010284185409545898
0.009522199630737305
0.010275602340698242
0.009442329406738281
0.010332345962524414
0.010323524475097656
0.010286569595336914
0.009404897689819336
0.010318517684936523
0.010316133499145508
0.009813547134399414
0.010313034057617188
0.010290861129760742
0.010302543640136719
0.009624481201171875
0.009525299072265625
0.010278463363647461
0.010322809219360352
0.00965261459350586
0.010287284851074219
0.010287284851074219
0.010266542434692383
0.009355783462524414
0.01019144058227539
0.010298728942871094
0.010195493698120117
0.01029205322265625
0.00946044921875
0.009670257568359375
0.010256767272949219
0.010311126708984375
0.009455680847167969
0.01026773452758789
0.010084867477416992
0.010293960571289062
0.0095062255859375
0.00931549072265625
0.009531974792480469
0.01026463508605957
0.009518861770629883
0.01027059555053711
0.009834766387939453
0.010315418243408203
0.00962209701538086
0.008351325988769531
0.009998321533203125
0.01027536392211914
0.010343313217163086
0.009882450103759766
0.010308504104614258
0.010313749313354492
0.009836435317993164
0.010295391082763672
0.009635686874389648
0.009624242782592773
0.009305000305175781
0.009415388107299805
0.010282516479492188
0.010318994522094727
0.009769916534423828
0.010276317596435547
0.010297298431396484
0.009565353393554688
0.010317325592041016
0.009294509887695312
0.01036381721496582
0.01032710075378418
0.009487628936767578
0.010291099548339844
0.009759902954101562
0.010290145874023438
0.010332584381103516
0.010276317596435547
0.009760618209838867
0.008926153182983398
0.010086297988891602
0.010376691818237305
0.009269237518310547
0.010730504989624023
0.009374380111694336
0.009949207305908203
0.010275602340698242
0.009834051132202148
0.010294914245605469
0.010285139083862305
0.009606361389160156
0.010283231735229492
0.010329961776733398
0.009408712387084961
0.010307550430297852
0.010271072387695312
0.010286808013916016
0.009651422500610352
0.010318517684936523
0.010308265686035156
0.009653568267822266
0.010329484939575195
0.010336875915527344
0.010287761688232422
0.009517192840576172
0.010299444198608398
0.0102996826171875
0.009364843368530273
0.010334968566894531
0.009424686431884766
0.009404182434082031
0.010323286056518555
0.010281562805175781
0.010296821594238281
0.00924539566040039
0.01027822494506836
0.010284900665283203
0.010277032852172852
0.009164571762084961
0.010331869125366211
0.010300636291503906
0.00980997085571289
0.010296821594238281
0.010264873504638672
0.01021575927734375
0.009743690490722656
0.010296106338500977
0.010347843170166016
0.010296344757080078
0.01000523567199707
0.01028299331665039
0.01030421257019043
0.009485483169555664
0.010305166244506836
0.010298728942871094
0.010279655456542969
0.009612798690795898
0.010311126708984375
0.010282039642333984
0.009587526321411133
0.010309696197509766
0.010003805160522461
0.009637832641601562
0.010423660278320312
0.010328292846679688
0.009647607803344727
0.010188102722167969
0.01030731201171875
0.010308265686035156
0.009551763534545898
0.009988546371459961
0.010364055633544922
0.009487628936767578
0.008521080017089844
0.009723424911499023
0.01031494140625
0.010797739028930664
0.010268926620483398
0.009656906127929688
0.011316061019897461
0.010285139083862305
0.009488344192504883
0.01033163070678711
0.009852170944213867
0.01029062271118164
0.010286808013916016
0.009350061416625977
0.010313987731933594
0.009560823440551758
0.00968170166015625
0.01031494140625
0.01028132438659668
0.009696006774902344
0.010170221328735352
0.01028585433959961
0.009836912155151367
0.01034235954284668
0.010276317596435547
0.009674072265625
0.01032114028930664
0.009410858154296875
0.010318517684936523
0.009083986282348633
0.010329246520996094
0.009429216384887695
0.010344982147216797
0.010337114334106445
0.009598970413208008
0.010340452194213867
0.009279012680053711
0.010339736938476562
0.010301589965820312
0.009737253189086914
0.010304927825927734
0.009409189224243164
0.0103607177734375
0.010313272476196289
0.009529352188110352
0.010311365127563477
0.009583234786987305
0.01029658317565918
0.010344743728637695
0.010291099548339844
0.009974479675292969
0.010278701782226562
0.010690927505493164
0.01026606559753418
0.009754419326782227
0.010069847106933594
0.010316133499145508
0.01027226448059082
0.010282278060913086
0.009584188461303711
0.01038670539855957
0.010310888290405273
0.009616613388061523
0.010311365127563477
0.009520769119262695
0.010318994522094727
0.009108781814575195
0.010313272476196289
0.00933980941772461
0.010328531265258789
0.010302543640136719
0.010295391082763672
0.00959467887878418
0.01034092903137207
0.01119852066040039
0.010317087173461914
0.010290861129760742
0.010330438613891602
0.00936436653137207
0.01032876968383789
0.009047985076904297
0.010318279266357422
0.009525775909423828
0.010326862335205078
0.010327339172363281
0.00953817367553711
0.01032257080078125
0.009485483169555664
0.010319948196411133
0.009296655654907227
0.008741378784179688
0.010327339172363281
0.010316610336303711
0.009953022003173828
0.011098861694335938
0.010328054428100586
0.010303974151611328
0.009995698928833008
0.00971531867980957
0.010282278060913086
0.010279178619384766
0.009943723678588867
0.010283708572387695
0.010341167449951172
0.01029658317565918
0.010207176208496094
0.010355949401855469
0.01029658317565918
0.010283708572387695
0.010275602340698242
0.00917959213256836
0.010316610336303711
0.01030421257019043
0.010292291641235352
0.010283708572387695
0.010305643081665039
0.009515762329101562
0.010290145874023438
0.009371280670166016
0.010481119155883789
0.009884357452392578
0.010362625122070312
0.00961446762084961
0.010318279266357422
0.01024317741394043
0.010322093963623047
0.009795188903808594
0.010352611541748047
0.009641885757446289
0.010321855545043945
0.010339975357055664
0.010317802429199219
0.010304450988769531
0.010267972946166992
0.009672880172729492
0.009811639785766602
0.01030731201171875
0.010343313217163086
0.009762763977050781
0.010334253311157227
0.010380744934082031
0.009515047073364258
0.010101556777954102
0.010328531265258789
0.010303974151611328
0.010297536849975586
0.009485721588134766
0.010301589965820312
0.010103702545166016
0.00985264778137207
0.01027369499206543
0.009432077407836914
0.00997781753540039
0.010110855102539062
0.01030111312866211
0.01032876968383789
0.010298967361450195
0.00977325439453125
0.00833582878112793
0.009371757507324219
0.010312080383300781
0.01030421257019043
0.009574651718139648
0.009568929672241211
0.009859800338745117
0.010298013687133789
0.010053634643554688
0.010183095932006836
0.01029062271118164
0.010286092758178711
0.009483575820922852
0.010094404220581055
0.010249614715576172
0.010351419448852539
0.011139392852783203
0.010318279266357422
0.009316444396972656
0.010306119918823242
0.010313987731933594
0.010277748107910156
0.010305643081665039
0.01067972183227539
0.009364128112792969
0.010208845138549805
0.010401487350463867
0.010317087173461914
0.010360956192016602
0.010308265686035156
0.010312795639038086
0.010305643081665039
0.010325431823730469
0.010301589965820312
0.008994102478027344
0.010249614715576172
0.0103302001953125
0.009296894073486328
0.009651422500610352
0.010363101959228516
0.010267019271850586
0.00889730453491211
0.010375022888183594
0.01033639907836914
0.008691072463989258
0.01003718376159668
0.01022028923034668
0.010454177856445312
0.010315418243408203
0.009962320327758789
0.009040594100952148
0.010248184204101562
0.010335206985473633
0.010321378707885742
0.010325431823730469
0.010333061218261719
0.010180950164794922
0.009927034378051758
0.010288476943969727
0.01033473014831543
0.010369539260864258
0.010300159454345703
0.009917736053466797
0.01031351089477539
0.0100555419921875
0.010149478912353516
0.010286092758178711
0.010284662246704102
0.010325908660888672
0.010322093963623047
0.010309696197509766
0.01032710075378418
0.010714054107666016
0.009831666946411133
0.010299921035766602
0.00831151008605957
0.01020956039428711
0.010338306427001953
0.009103059768676758
0.009527206420898438
0.009696245193481445
0.010293006896972656
0.010305643081665039
0.010298728942871094
0.010329723358154297
0.010330677032470703
0.010280847549438477
0.010716915130615234
0.010312080383300781
0.010303735733032227
0.010301828384399414
0.010298728942871094
0.010297536849975586
0.010322332382202148
0.010302543640136719
0.01028895378112793
0.010303974151611328
0.010308980941772461
0.01029825210571289
0.009510040283203125
0.009957313537597656
0.009497642517089844
0.010311365127563477
0.010303735733032227
0.010308265686035156
0.010178089141845703
0.010282754898071289
0.010285615921020508
0.01030731201171875
0.009516716003417969
0.009315967559814453
0.010306358337402344
0.010302305221557617
0.010408878326416016
0.010291337966918945
0.010287046432495117
0.010305166244506836
0.010299205780029297
0.010286331176757812
0.010303497314453125
0.009395599365234375
0.009998798370361328
0.010325193405151367
0.010319948196411133
0.010323286056518555
0.010068893432617188
0.010109186172485352
0.010311603546142578
0.01029658317565918
0.010287046432495117
0.010285377502441406
0.010274410247802734
0.00979161262512207
0.009760141372680664
0.010290384292602539
0.01027059555053711
0.01027536392211914
0.010318994522094727
0.00940847396850586
0.010389089584350586
0.009520292282104492
0.010306596755981445
0.010373353958129883
0.010305166244506836
0.010316610336303711
0.010318279266357422
0.010235071182250977
0.010325908660888672
0.009521245956420898
0.01032257080078125
0.01043701171875
0.010320663452148438
0.010300397872924805
0.00937509536743164
0.010365486145019531
0.01032710075378418
0.009919166564941406
0.009357690811157227
0.010352134704589844
0.010321378707885742
0.010350465774536133
0.009396076202392578
0.010347843170166016
0.01033926010131836
0.010284423828125
0.010273218154907227
0.009200096130371094
0.010261297225952148
0.010268688201904297
0.01028585433959961
0.010248422622680664
0.009355783462524414
0.00962686538696289
0.010321617126464844
0.009870529174804688
0.010712385177612305
0.010430335998535156
0.01136016845703125
0.010474681854248047
0.010431766510009766
0.010474205017089844
0.010555505752563477
0.010512828826904297
0.009083032608032227
0.010366439819335938
0.01052236557006836
0.01047658920288086
0.009531021118164062
0.010209321975708008
0.010486125946044922
0.010314464569091797
0.01047968864440918
0.009769439697265625
0.01045370101928711
0.009331941604614258
0.010019779205322266
0.009757041931152344
0.01041555404663086
0.01048588752746582
0.010492086410522461
0.009569406509399414
0.00983428955078125
0.010457992553710938
0.010410308837890625
0.009267091751098633
0.010263204574584961
0.010442972183227539
0.010469675064086914
0.010228872299194336
0.010445117950439453
0.010481595993041992
0.009958267211914062
0.010501384735107422
0.009341716766357422
0.010462760925292969
0.01050424575805664
0.010179281234741211
0.010478496551513672
0.010442018508911133
0.010462760925292969
0.010462522506713867
0.010418176651000977
0.010505437850952148
0.009244441986083984
0.009729385375976562
0.01008915901184082
0.011341094970703125
0.01135396957397461
0.010466814041137695
0.010096073150634766
0.010472536087036133
0.010369300842285156
0.010341167449951172
0.010340452194213867
0.010313749313354492
0.010309457778930664
0.010355710983276367
0.01028585433959961
0.010305166244506836
0.009321212768554688
0.010306596755981445
0.010300159454345703
0.010318994522094727
0.010271787643432617
0.009257793426513672
0.010185718536376953
0.010317087173461914
0.010153532028198242
0.009386301040649414
0.010102272033691406
0.010362863540649414
0.010289907455444336
0.0103607177734375
0.010149002075195312
0.009917020797729492
0.009794235229492188
0.00967717170715332
0.010329246520996094
0.010354042053222656
0.010344743728637695
0.01029515266418457
0.01029062271118164
0.010285615921020508
0.010071277618408203
0.009867191314697266
0.010337114334106445
0.010355472564697266
0.010357856750488281
0.009510040283203125
0.010332584381103516
0.010311603546142578
0.009126901626586914
0.010306835174560547
0.010323762893676758
0.010309457778930664
0.01007533073425293
0.009985208511352539
0.010333061218261719
0.010277509689331055
0.010298728942871094
0.011896133422851562
0.010300159454345703
0.010309934616088867
0.010339975357055664
0.010307788848876953
0.01029515266418457
0.009294271469116211
0.009806156158447266
0.01004648208618164
0.010278463363647461
0.010282516479492188
0.010282516479492188
0.010324954986572266
0.010354757308959961
0.00942373275756836
0.010381460189819336
0.010367870330810547
0.010316848754882812
0.010293960571289062
0.010323524475097656
0.010345220565795898
0.009311914443969727
0.00952005386352539
0.010336160659790039
0.010359764099121094
0.010359525680541992
0.010380029678344727
0.00904989242553711
0.010402679443359375
0.010354042053222656
0.009470939636230469
0.010259151458740234
0.010349273681640625
0.010326862335205078
0.010381937026977539
0.010316133499145508
0.010336875915527344
0.009943008422851562
0.010340452194213867
0.010338544845581055
0.010213375091552734
0.010337591171264648
0.009214401245117188
0.010938167572021484
0.010399580001831055
0.010597944259643555
0.010332584381103516
0.010576248168945312
0.00962209701538086
0.010588645935058594
0.009798526763916016
0.010261297225952148
0.010425329208374023
0.010323047637939453
0.009976863861083984
0.010109424591064453
0.010072708129882812
0.009867191314697266
0.009842634201049805
0.009634971618652344
0.010464191436767578
0.010540485382080078
0.009859085083007812
0.01047825813293457
0.010461807250976562
0.010521888732910156
0.010496854782104492
0.010499238967895508
0.01034855842590332
0.009587526321411133
0.010472774505615234
0.010061502456665039
0.010128021240234375
0.01007533073425293
0.01020503044128418
0.010011911392211914
0.009912252426147461
0.010495185852050781
0.010495662689208984
0.010726451873779297
0.010529756546020508
0.010967254638671875
0.009246587753295898
0.010492324829101562
0.010428667068481445
0.010497331619262695
0.00915384292602539
0.010396242141723633
0.010501861572265625
0.010498762130737305
0.010500669479370117
0.010247945785522461
0.010445833206176758
0.008980989456176758
0.009589433670043945
0.0098419189453125
0.010541439056396484
0.010529041290283203
0.010541915893554688
0.010504007339477539
0.00958251953125
0.0096588134765625
0.009449005126953125
0.010317325592041016
0.009778261184692383
0.009717464447021484
0.010174751281738281
0.01027369499206543
0.010517358779907227
0.009726762771606445
0.010047674179077148
0.010497570037841797
0.010517120361328125
0.010547876358032227
0.010510444641113281
0.010561943054199219
0.010252952575683594
0.010328292846679688
0.00986480712890625
0.009814262390136719
0.010086297988891602
0.009773969650268555
0.010255813598632812
0.010577917098999023
0.010509490966796875
0.010503530502319336
0.010540485382080078
0.010535240173339844
0.009424448013305664
0.009927988052368164
0.010160684585571289
0.009911060333251953
0.008670568466186523
0.010448694229125977
0.010101318359375
0.010159492492675781
0.009387969970703125
0.010480165481567383
0.010339021682739258
0.010376930236816406
0.010051727294921875
0.009849309921264648
0.010513067245483398
0.010500431060791016
0.009863853454589844
0.010977029800415039
0.010472774505615234
0.010492563247680664
0.010542631149291992
0.010505437850952148
0.010453939437866211
0.009965658187866211
0.010587930679321289
0.010477066040039062
0.010291814804077148
0.009783267974853516
0.010026931762695312
0.010555267333984375
0.010467767715454102
0.01039886474609375
0.01050710678100586
0.010447502136230469
0.010419845581054688
0.010469913482666016
0.010286569595336914
0.01049184799194336
0.009476900100708008
0.01045989990234375
0.010455608367919922
0.010493040084838867
0.010468006134033203
0.010475873947143555
0.010528087615966797
0.009737253189086914
0.010294437408447266
0.009683370590209961
0.010553836822509766
0.010743141174316406
0.009928703308105469
0.010124921798706055
0.009453296661376953
0.01045536994934082
0.009747982025146484
0.00980687141418457
0.01039743423461914
0.010519027709960938
0.009988784790039062
0.01052713394165039
0.010502099990844727
0.009545564651489258
0.010611772537231445
0.010366201400756836
0.0105133056640625
0.009900331497192383
0.009768962860107422
0.009916543960571289
0.010392904281616211
0.009759664535522461
0.010055780410766602
0.009915351867675781
0.010381221771240234
0.010501623153686523
0.010558843612670898
0.0093536376953125
0.010126590728759766
0.010166406631469727
0.010175466537475586
0.009885311126708984
0.009860038757324219
0.010394811630249023
0.010564088821411133
0.010473012924194336
0.009206056594848633
0.009908437728881836
0.009394645690917969
0.010500669479370117
0.009183168411254883
0.010152816772460938
0.010299205780029297
0.010381698608398438
0.00958561897277832
0.010540008544921875
0.010561227798461914
0.010442495346069336
0.010271072387695312
0.010303258895874023
0.010479211807250977
0.010550737380981445
0.010275602340698242
0.010106563568115234
0.009960412979125977
0.010132074356079102
0.009538412094116211
0.010259151458740234
0.010538339614868164
0.010482072830200195
0.010031700134277344
0.010251522064208984
0.010414838790893555
0.01049351692199707
0.010449886322021484
0.009994268417358398
0.010518312454223633
0.010483026504516602
0.010489463806152344
0.009645938873291016
0.009467601776123047
0.01053619384765625
0.010505914688110352
0.010474205017089844
0.009681940078735352
0.009836196899414062
0.010107278823852539
0.010487794876098633
0.010530948638916016
0.010992765426635742
0.009948492050170898
0.010292768478393555
0.010420083999633789
0.010315895080566406
0.010523319244384766
0.010724544525146484
0.01000070571899414
0.010483264923095703
0.009836196899414062
0.009913444519042969
0.010506153106689453
0.010318517684936523
0.010488748550415039
0.009475469589233398
0.01051020622253418
0.010445356369018555
0.010480880737304688
0.0105133056640625
0.010504007339477539
0.010257482528686523
0.010570764541625977
0.01050710678100586
0.01051783561706543
0.009496688842773438
0.010495901107788086
0.010531425476074219
0.009967327117919922
0.010456323623657227
0.010532379150390625
0.010397911071777344
0.010451555252075195
0.010559558868408203
0.010530471801757812
0.010541677474975586
0.009251832962036133
0.01047372817993164
0.010415792465209961
0.01050424575805664
0.01047658920288086
0.010051965713500977
0.009702682495117188
0.010538339614868164
0.01047205924987793
0.010479927062988281
0.009918689727783203
0.010264158248901367
0.010523319244384766
0.010316610336303711
0.010480880737304688
0.010416030883789062
0.010372161865234375
0.011428594589233398
0.009429216384887695
0.009717464447021484
0.00986170768737793
0.010035991668701172
0.010014057159423828
0.010100603103637695
0.010064125061035156
0.008764982223510742
0.010068893432617188
0.010056734085083008
0.009862899780273438
0.01106715202331543
0.010085821151733398
0.010040283203125
0.009721517562866211
0.009623527526855469
0.009405136108398438
0.01005697250366211
0.01127004623413086
0.009502410888671875
0.009748458862304688
0.008930206298828125
0.010039567947387695
0.009470224380493164
0.010045289993286133
0.01005244255065918
0.010114908218383789
0.009990930557250977
0.010132074356079102
0.009763240814208984
0.009110450744628906
0.009147405624389648
0.0067021846771240234
0.008526325225830078
0.008545398712158203
0.00851130485534668
0.007616758346557617
0.008540868759155273
0.008516788482666016
0.008569717407226562
0.008547544479370117
0.005266904830932617
0.010070085525512695
0.008986234664916992
0.010086297988891602
0.010083198547363281
0.009620189666748047
0.01005101203918457
0.009746313095092773
0.009725809097290039
0.009488821029663086
0.009148597717285156
0.010061264038085938
0.01005411148071289
0.010095834732055664
0.009588003158569336
0.009384393692016602
0.010074615478515625
0.01125335693359375
0.009570121765136719
0.00901031494140625
0.009567022323608398
0.009437322616577148
0.009984731674194336
0.00878763198852539
0.008916378021240234
0.01004481315612793
0.009603738784790039
0.010037899017333984
0.008974552154541016
0.01007986068725586
0.009682416915893555
0.009706735610961914
0.009305238723754883
0.010029792785644531
0.008556127548217773
0.010866641998291016
0.010074138641357422
0.00982666015625
0.010125398635864258
0.009133338928222656
0.009002923965454102
0.009484291076660156
0.009182214736938477
0.009823799133300781
0.00976705551147461
0.009865522384643555
0.009159326553344727
0.010071039199829102
0.008876562118530273
0.010068178176879883
0.00947260856628418
0.010076522827148438
0.009061574935913086
0.010050773620605469
0.009846925735473633
0.008622407913208008
0.01009821891784668
0.010164737701416016
0.010116100311279297
0.010039806365966797
0.009393930435180664
0.010085105895996094
0.0100555419921875
0.009264469146728516
0.008349180221557617
0.010077953338623047
0.010155677795410156
0.00928354263305664
0.010607242584228516
0.009572267532348633
0.010131120681762695
0.010197639465332031
0.009477376937866211
0.009369611740112305
0.008934497833251953
0.008602142333984375
0.010137081146240234
0.009012222290039062
0.010155439376831055
0.00958561897277832
0.009279966354370117
0.009470224380493164
0.008971691131591797
0.009445667266845703
0.008809328079223633
0.010010004043579102
0.009172439575195312
0.00937032699584961
0.00913381576538086
0.010350704193115234
0.009591817855834961
0.010093450546264648
0.010261058807373047
0.011363506317138672
0.009776592254638672
0.010017156600952148
0.010113954544067383
0.010041475296020508
0.01012873649597168
0.009582042694091797
0.008484125137329102
0.009753227233886719
0.01010751724243164
0.009485483169555664
0.009008407592773438
0.010284185409545898
0.011264324188232422
0.008963823318481445
0.00910806655883789
0.011101961135864258
0.009285211563110352
0.009342432022094727
0.009898662567138672
0.010124444961547852
0.008022546768188477
0.010355949401855469
0.010087966918945312
0.010107994079589844
0.010833978652954102
0.009055137634277344
0.009569644927978516
0.008747100830078125
0.010112762451171875
0.01012873649597168
0.009274721145629883
0.00888681411743164
0.010669231414794922
0.009341001510620117
0.011873960494995117
0.009213447570800781
0.01011514663696289
0.010107040405273438
0.010088682174682617
0.008526086807250977
0.00981760025024414
0.009759902954101562
0.009940624237060547
0.010061502456665039
0.01008749008178711
0.009687662124633789
0.0100555419921875
0.008721351623535156
0.009458780288696289
0.00990748405456543
0.009394645690917969
0.009071111679077148
0.009293794631958008
0.009358406066894531
0.010103702545166016
0.011637687683105469
0.008649587631225586
0.010284185409545898
0.010109901428222656
0.00915980339050293
0.008988142013549805
0.0088348388671875
0.010109663009643555
0.010003089904785156
0.010103940963745117
0.009260177612304688
0.010570287704467773
0.010191202163696289
0.008266210556030273
0.009904861450195312
0.008821725845336914
0.011044740676879883
0.010117053985595703
0.008658885955810547
0.007977724075317383
0.009929418563842773
0.011482000350952148
0.010162353515625
0.010108470916748047
0.008804559707641602
0.009170293807983398
0.010074377059936523
0.010047197341918945
0.009824275970458984
0.01008462905883789
0.010128259658813477
0.010752439498901367
0.010093450546264648
0.009882926940917969
0.010061025619506836
0.01005411148071289
0.01003408432006836
0.010045051574707031
0.010050535202026367
0.00899195671081543
0.009805679321289062
0.00963282585144043
0.009723901748657227
0.009288311004638672
0.010004758834838867
0.009670257568359375
0.010041952133178711
0.00973820686340332
0.010105609893798828
0.010036468505859375
0.008658409118652344
0.00951838493347168
0.009633064270019531
0.009109973907470703
0.008936643600463867
0.008708477020263672
0.008751392364501953
0.01005101203918457
0.009871959686279297
0.010045766830444336
0.008779764175415039
0.01007699966430664
0.009505033493041992
0.00922536849975586
0.009480953216552734
0.009196043014526367
0.010057210922241211
0.009173393249511719
0.010039806365966797
0.008697986602783203
0.010066032409667969
0.009387016296386719
0.009114265441894531
0.009204864501953125
0.010074377059936523
0.009179830551147461
0.010111808776855469
0.00986027717590332
0.008790016174316406
0.01007533073425293
0.0095672607421875
0.009589910507202148
0.009593725204467773
0.009944915771484375
0.009334087371826172
0.01006174087524414
0.009682178497314453
0.010053157806396484
0.010067224502563477
0.00915980339050293
0.009996175765991211
0.013276100158691406
0.007636547088623047
0.009986639022827148
0.010051727294921875
0.00910043716430664
0.010063886642456055
0.009655952453613281
0.0100555419921875
0.010121345520019531
0.010069131851196289
0.010143041610717773
0.009483575820922852
0.00952601432800293
0.010057210922241211
0.010175466537475586
0.010051250457763672
0.009491443634033203
0.00911402702331543
0.00858163833618164
0.008562564849853516
0.008563041687011719
0.008536577224731445
0.008547067642211914
0.00854182243347168
0.008501768112182617
0.008514881134033203
0.008558273315429688
0.008503198623657227
0.005272865295410156
0.01004338264465332
0.009844303131103516
0.010063886642456055
0.010066986083984375
0.009028911590576172
0.009748458862304688
0.008201837539672852
0.009995222091674805
0.00889897346496582
0.010388374328613281
0.010073423385620117
0.009825944900512695
0.009314298629760742
0.009854316711425781
0.009952306747436523
0.009616613388061523
0.009253978729248047
0.010049104690551758
0.010052919387817383
0.009662866592407227
0.010032415390014648
0.009865283966064453
0.010081768035888672
0.01014089584350586
0.010155677795410156
0.009641408920288086
0.010240554809570312
0.00879526138305664
0.009891510009765625
0.010069131851196289
0.010089397430419922
0.008402585983276367
0.008481264114379883
0.008512258529663086
0.008529901504516602
0.008517742156982422
0.00848698616027832
0.008539438247680664
0.005240201950073242
0.010058879852294922
0.008875608444213867
0.010006189346313477
0.010062932968139648
0.00912618637084961
0.008495330810546875
0.008531332015991211
0.008525371551513672
0.008520126342773438
0.008525371551513672
0.0085601806640625
0.008574724197387695
0.008510828018188477
0.008539676666259766
0.008544206619262695
0.005221128463745117
0.009539604187011719
0.009756803512573242
0.009825468063354492
0.009229183197021484
0.010503768920898438
0.009294748306274414
0.009063243865966797
0.009893178939819336
0.009657621383666992
0.009191036224365234
0.009622573852539062
0.010059356689453125
0.012277364730834961
0.008527278900146484
0.008570432662963867
0.008556604385375977
0.008531808853149414
0.008536815643310547
0.008546590805053711
0.008533000946044922
0.00854182243347168
0.008556365966796875
0.008542299270629883
0.008594036102294922
0.008557319641113281
0.00851297378540039
0.005296230316162109
0.009001731872558594
0.007952690124511719
0.007898569107055664
0.008568525314331055
0.010213136672973633
0.010021686553955078
0.009168386459350586
0.009608983993530273
0.008255243301391602
0.010091543197631836
0.009589910507202148
0.009252786636352539
0.011586427688598633
0.00888514518737793
0.010046720504760742
0.010423660278320312
0.008639812469482422
0.008938789367675781
0.010062932968139648
0.01105189323425293
0.010046243667602539
0.010059356689453125
0.00936436653137207
0.01006007194519043
0.010057449340820312
0.010488033294677734
0.008869171142578125
0.010088920593261719
0.010653972625732422
0.00924992561340332
0.010068416595458984
0.009528398513793945
0.010056257247924805
0.010068655014038086
0.01006007194519043
0.00946044921875
0.00991511344909668
0.009596824645996094
0.009465694427490234
0.009406805038452148
0.00995635986328125
0.00882720947265625
0.011608123779296875
0.010063886642456055
0.009918451309204102
0.008733749389648438
0.01027989387512207
0.009470701217651367
0.010060787200927734
0.008805990219116211
0.009480476379394531
0.009613275527954102
0.01006460189819336
0.009505748748779297
0.009510278701782227
0.009754419326782227
0.01020193099975586
0.008683919906616211
0.010075092315673828
0.008701086044311523
0.008522510528564453
0.009645462036132812
0.010120630264282227
0.010118961334228516
0.010076522827148438
0.010092020034790039
0.008794546127319336
0.009899616241455078
0.009623527526855469
0.010077714920043945
0.009693145751953125
0.00816035270690918
0.010124683380126953
0.008396148681640625
0.010110616683959961
0.009633779525756836
0.01087045669555664
0.009150028228759766
0.008682489395141602
0.005225181579589844
0.011421680450439453
0.00988149642944336
0.010466575622558594
0.009726762771606445
0.010119438171386719
0.009358406066894531
0.008666276931762695
0.010119438171386719
0.010843992233276367
0.010506391525268555
0.009760379791259766
0.010321378707885742
0.008635997772216797
0.010142803192138672
0.010123252868652344
0.009062051773071289
0.00795125961303711
0.009501934051513672
0.01011800765991211
0.010126352310180664
0.008553266525268555
0.07549214363098145
0.009142160415649414
0.010248899459838867
0.009334802627563477
0.010114431381225586
0.00958251953125
0.010092735290527344
0.01007986068725586
0.010083198547363281
0.010110139846801758
0.01008749008178711
0.010119438171386719
0.007933855056762695
0.039868831634521484
0.00793600082397461
0.007915019989013672
0.011079788208007812
0.009428262710571289
0.01013636589050293
0.01007533073425293
0.010099649429321289
0.01014399528503418
0.009873628616333008
0.009479522705078125
0.009850025177001953
0.010064363479614258
0.010699987411499023
0.009717226028442383
0.00998544692993164
0.008829355239868164
0.009699821472167969
0.009025096893310547
0.009003162384033203
0.010824918746948242
0.00957632064819336
0.008299827575683594
0.009017705917358398
0.009421110153198242
0.010856866836547852
0.00967860221862793
0.010092496871948242
0.008824586868286133
0.010114908218383789
0.010133743286132812
0.009912967681884766
0.009400129318237305
0.009642362594604492
0.009990215301513672
0.00979924201965332
0.009248971939086914
0.010072708129882812
0.010005712509155273
0.01003122329711914
0.010034799575805664
0.01011347770690918
0.00926518440246582
0.010288476943969727
0.010084867477416992
0.009575366973876953
0.008753538131713867
0.01039743423461914
0.009025812149047852
0.01008749008178711
0.009766101837158203
0.010120391845703125
0.007953882217407227
0.009934663772583008
0.009112834930419922
0.010265827178955078
0.010092496871948242
0.010189294815063477
0.010161876678466797
0.008502483367919922
0.011707782745361328
0.009133577346801758
0.009279966354370117
0.01045846939086914
0.00986623764038086
0.008507251739501953
0.009051799774169922
0.009454965591430664
0.010224580764770508
0.010575056076049805
0.009469985961914062
0.009817123413085938
0.008901596069335938
0.008707046508789062
0.008976221084594727
0.00793766975402832
0.026905536651611328
0.009088277816772461
0.007933855056762695
0.009228706359863281
0.011285543441772461
0.009228944778442383
0.008931159973144531
0.00991678237915039
0.007963180541992188
0.005231618881225586
0.008848428726196289
0.009000539779663086
0.009138345718383789
0.00989842414855957
0.010113954544067383
0.009566783905029297
0.008746147155761719
0.009408235549926758
0.009897947311401367
0.01189732551574707
0.009148836135864258
0.009228229522705078
0.011066913604736328
0.00952005386352539
0.008477926254272461
0.009621858596801758
0.009958744049072266
0.010100603103637695
0.009909868240356445
0.010075807571411133
0.009048700332641602
0.010117530822753906
0.009797096252441406
0.010117292404174805
0.009331941604614258
0.00954127311706543
0.01011037826538086
0.009249687194824219
0.009086370468139648
0.008821725845336914
0.010960102081298828
0.00922393798828125
0.008533954620361328
0.009299993515014648
0.010078907012939453
0.009331464767456055
0.008920431137084961
0.009565353393554688
0.01048588752746582
0.01009058952331543
0.008791208267211914
0.01000666618347168
0.010535478591918945
0.009634017944335938
0.008893013000488281
0.008707523345947266
0.010138750076293945
0.009522438049316406
0.008730411529541016
0.008670330047607422
0.009540081024169922
0.010119438171386719
0.008420944213867188
0.007981061935424805
0.00938558578491211
0.00939035415649414
0.009211301803588867
0.030885934829711914
0.008638620376586914
0.00957179069519043
0.009811162948608398
0.010942459106445312
0.008763313293457031
0.00907588005065918
0.01080775260925293
0.009474515914916992
0.009063720703125
0.009080886840820312
0.010079145431518555
0.008929967880249023
0.008820533752441406
0.010106086730957031
0.010131597518920898
0.010074377059936523
0.010425806045532227
0.009356260299682617
0.00846099853515625
0.010000228881835938
0.0089874267578125
0.009838104248046875
0.009018421173095703
0.009630918502807617
0.00863194465637207
0.009587287902832031
0.008638381958007812
0.009857654571533203
0.010057449340820312
0.010131120681762695
0.009568929672241211
0.008761167526245117
0.008928537368774414
0.009169578552246094
0.00964665412902832
0.010111331939697266
0.009335517883300781
0.00881505012512207
0.009818077087402344
0.009334087371826172
0.009545087814331055
0.009691238403320312
0.010334253311157227
0.009726285934448242
0.008559703826904297
0.012604713439941406
0.010107755661010742
0.009740829467773438
0.010100126266479492
0.008423328399658203
0.008761405944824219
0.008461475372314453
0.010107755661010742
0.00968480110168457
0.010142326354980469
0.009359598159790039
0.009340524673461914
0.009423255920410156
0.009659290313720703
0.009558677673339844
0.01003575325012207
0.010108232498168945
0.009581565856933594
0.009839057922363281
0.009003162384033203
0.009600639343261719
0.010347604751586914
0.00918722152709961
0.009776830673217773
0.010097742080688477
0.009972810745239258
0.009231328964233398
0.008968114852905273
0.010131597518920898
0.010145187377929688
0.008384466171264648
0.010112762451171875
0.00879216194152832
0.009337663650512695
0.010071754455566406
0.009414911270141602
0.009285926818847656
0.010135650634765625
0.010064125061035156
0.008916378021240234
0.009261131286621094
0.00931692123413086
0.010074853897094727
0.00894927978515625
0.010133504867553711
0.009104013442993164
0.009285926818847656
0.010062694549560547
0.010049581527709961
0.009117603302001953
0.008712053298950195
0.010122537612915039
0.010139942169189453
0.009937047958374023
0.009026765823364258
0.009937524795532227
0.009926319122314453
0.009174585342407227
0.010129451751708984
0.009392738342285156
0.008901596069335938
0.013893604278564453
0.009328126907348633
0.010105371475219727
0.010101795196533203
0.008844852447509766
0.009721040725708008
0.009700298309326172
0.010671138763427734
0.009688854217529297
0.01006627082824707
0.010054349899291992
0.008780241012573242
0.009297847747802734
0.009712457656860352
0.008835077285766602
0.010162353515625
0.008831262588500977
0.00927734375
0.009508371353149414
0.010550737380981445
0.010091066360473633
0.010102033615112305
0.008569002151489258
0.009164810180664062
0.009996891021728516
0.011829614639282227
0.009172201156616211
0.010077476501464844
0.009305953979492188
0.009731769561767578
0.01066899299621582
0.008332014083862305
0.008364677429199219
0.01016998291015625
0.010136127471923828
0.008595943450927734
0.007962703704833984
0.00798344612121582
0.009651660919189453
0.00802302360534668
0.010176897048950195
0.008453607559204102
0.011999130249023438
0.00925302505493164
0.009016752243041992
0.010439395904541016
0.010050535202026367
0.010311365127563477
0.009599924087524414
0.00961613655090332
0.00918436050415039
0.008772850036621094
0.010135889053344727
0.009507179260253906
0.009204387664794922
0.008856058120727539
0.007962465286254883
0.010155200958251953
0.008308887481689453
0.007930755615234375
0.008406639099121094
0.008591890335083008
0.009071588516235352
0.008675813674926758
0.00982522964477539
0.008623361587524414
0.00882267951965332
0.008424043655395508
0.008977890014648438
0.010123252868652344
0.008403301239013672
0.010059118270874023
0.009745121002197266
0.007943153381347656
0.00914144515991211
0.007533073425292969
0.009562969207763672
0.01017308235168457
0.011159658432006836
0.009892940521240234
0.009970903396606445
0.010107994079589844
0.008494377136230469
0.010133743286132812
0.009652853012084961
0.009709596633911133
0.009630441665649414
0.00970315933227539
0.010591745376586914
0.010554313659667969
0.009138107299804688
0.009172677993774414
0.010885953903198242
0.010407447814941406
0.009221076965332031
0.010070562362670898
0.010496139526367188
0.010118484497070312
0.01069331169128418
0.008960962295532227
0.010114669799804688
0.0095977783203125
0.009985923767089844
0.010107040405273438
0.008853673934936523
0.010810136795043945
0.010028839111328125
0.009600162506103516
0.009912252426147461
0.01014089584350586
0.009043216705322266
0.010098457336425781
0.009121417999267578
0.01009058952331543
0.009673595428466797
0.010111093521118164
0.009141921997070312
0.009415864944458008
0.009891510009765625
0.010089635848999023
0.009777307510375977
0.009714365005493164
0.01089334487915039
0.00873565673828125
0.009896278381347656
0.009021759033203125
0.00928044319152832
0.010408878326416016
0.009128093719482422
0.010349273681640625
0.009465694427490234
0.010112524032592773
0.009615182876586914
0.008966922760009766
0.009711742401123047
0.01018381118774414
0.009590625762939453
0.00988149642944336
0.010123014450073242
0.01003408432006836
0.009490489959716797
0.009174823760986328
0.010125160217285156
0.010120868682861328
0.009665966033935547
0.010107040405273438
0.010101556777954102
0.009266138076782227
0.011249780654907227
0.009662628173828125
0.008606672286987305
0.009683609008789062
0.010100126266479492
0.011085033416748047
0.010082244873046875
0.009251117706298828
0.008629560470581055
0.01116180419921875
0.010119915008544922
0.009312629699707031
0.010243415832519531
0.009198188781738281
0.009398698806762695
0.010089397430419922
0.009969472885131836
0.009891748428344727
0.009140729904174805
0.00960397720336914
0.00962972640991211
0.010218381881713867
0.007700681686401367
0.00831151008605957
0.010030508041381836
0.00879812240600586
0.007927417755126953
0.009924888610839844
0.008536577224731445
0.008522272109985352
0.007941246032714844
0.010183095932006836
0.009649038314819336
0.008819103240966797
0.008665323257446289
0.009498119354248047
0.009900808334350586
0.009374618530273438
0.008833885192871094
0.011675834655761719
0.008422613143920898
0.00998687744140625
0.008549213409423828
0.009718179702758789
0.009593486785888672
0.009558439254760742
0.009392976760864258
0.009180784225463867
0.008781194686889648
0.008864164352416992
0.01066732406616211
0.010213851928710938
0.009241342544555664
0.01069784164428711
0.009184598922729492
0.008883476257324219
0.009010076522827148
0.009977102279663086
0.0052585601806640625
0.010081768035888672
0.007915973663330078
0.010085821151733398
0.010022640228271484
0.008713006973266602
0.008596181869506836
0.00974273681640625
0.009450435638427734
0.01039576530456543
0.009949207305908203
0.009100675582885742
0.01029062271118164
0.009302139282226562
0.009351015090942383
0.009350776672363281
0.00927114486694336
0.009374380111694336
0.011862754821777344
0.010087966918945312
0.010479211807250977
0.010107040405273438
0.009214639663696289
0.0093536376953125
0.010131359100341797
0.009429931640625
0.009851455688476562
0.009889602661132812
0.009595155715942383
0.010268688201904297
0.010080814361572266
0.009294271469116211
0.0101165771484375
0.010122537612915039
0.009883642196655273
0.00990152359008789
0.008501768112182617
0.01019287109375
0.010066986083984375
0.009746551513671875
0.00960397720336914
0.00984334945678711
0.008564949035644531
0.010089874267578125
0.008257627487182617
0.008550882339477539
0.00944209098815918
0.010014057159423828
0.010089874267578125
0.009479284286499023
0.009369373321533203
0.009459733963012695
0.010120868682861328
0.009917497634887695
0.009740591049194336
0.009863615036010742
0.010082483291625977
0.009254693984985352
0.00996851921081543
0.009045124053955078
0.010107755661010742
0.010026216506958008
0.01001119613647461
0.01191258430480957
0.01122903823852539
0.009620904922485352
0.010731697082519531
0.010103464126586914
0.010078191757202148
0.010523796081542969
0.010195255279541016
0.010972261428833008
0.008554220199584961
0.005280256271362305
0.010410308837890625
0.010329723358154297
0.010113239288330078
0.010421276092529297
0.010097503662109375
0.00980687141418457
0.009907245635986328
0.010212182998657227
0.010076284408569336
0.010457754135131836
0.010092735290527344
0.01007533073425293
0.010122060775756836
0.01141214370727539
0.00964808464050293
0.008906364440917969
0.009883403778076172
0.010423421859741211
0.010398626327514648
0.009559392929077148
0.009644508361816406
0.009614944458007812
0.010377168655395508
0.010111808776855469
0.009526491165161133
0.00966501235961914
0.010393142700195312
0.010448217391967773
0.010432243347167969
0.009455680847167969
0.009217500686645508
0.010391712188720703
0.009191274642944336
0.009765386581420898
0.010332107543945312
0.008206605911254883
0.009629011154174805
0.00970458984375
0.00959324836730957
0.010177373886108398
0.010323762893676758
0.010102987289428711
0.01010441780090332
0.010140180587768555
0.009961605072021484
0.010135889053344727
0.010125398635864258
0.009897708892822266
0.009853601455688477
0.009714126586914062
0.009785890579223633
0.010040998458862305
0.01034998893737793
0.010492801666259766
0.009902000427246094
0.009959936141967773
0.010150671005249023
0.010125875473022461
0.010315895080566406
0.00991964340209961
0.009636878967285156
0.009681940078735352
0.010500192642211914
0.010407209396362305
0.010483026504516602
0.010457038879394531
0.010019302368164062
0.009582281112670898
0.01027679443359375
0.010337352752685547
0.009520292282104492
0.010270357131958008
0.010315418243408203
0.009393453598022461
0.010243892669677734
0.010244607925415039
0.00991511344909668
0.010897636413574219
0.009244680404663086
0.009698152542114258
0.010282754898071289
0.010213613510131836
0.010458946228027344
0.009507894515991211
0.009902238845825195
0.009819984436035156
0.009906768798828125
0.009886503219604492
0.009734153747558594
0.009699583053588867
0.009557247161865234
0.010037422180175781
0.009523153305053711
0.009802579879760742
0.009626388549804688
0.009907245635986328
0.009540081024169922
0.00947427749633789
0.009200572967529297
0.010036230087280273
0.010273933410644531
0.009700775146484375
0.010180234909057617
0.010504007339477539
0.009420394897460938
0.010532617568969727
0.010449647903442383
0.01049351692199707
0.01049661636352539
0.010255098342895508
0.010283231735229492
0.010541677474975586
0.010146379470825195
0.010553598403930664
0.009661674499511719
0.010510683059692383
0.010503053665161133
0.010146141052246094
0.009672164916992188
0.009046316146850586
0.009771347045898438
0.009577035903930664
0.009977340698242188
0.01012420654296875
0.009724855422973633
0.01033782958984375
0.01124429702758789
0.010185480117797852
0.009949207305908203
0.009279012680053711
0.009657144546508789
0.010460376739501953
0.010089874267578125
0.010091543197631836
0.00974130630493164
0.010379314422607422
0.010357141494750977
0.01045083999633789
0.00986623764038086
0.010240793228149414
0.010519981384277344
0.010377645492553711
0.010288238525390625
0.01044011116027832
0.010406732559204102
0.010451316833496094
0.010352611541748047
0.009866714477539062
0.0099639892578125
0.009994268417358398
0.010245561599731445
0.009923219680786133
0.009736776351928711
0.010133028030395508
0.010160207748413086
0.010178804397583008
0.010448217391967773
0.009673595428466797
0.010310888290405273
0.01051187515258789
0.010515689849853516
0.010480642318725586
0.010475397109985352
0.010720968246459961
0.010500431060791016
0.010488748550415039
0.010514974594116211
0.010493755340576172
0.01052713394165039
0.01056361198425293
0.01001596450805664
0.010027170181274414
0.010325193405151367
0.010087728500366211
0.009319067001342773
0.00965261459350586
0.009835004806518555
0.010168790817260742
0.010197877883911133
0.009945869445800781
0.010033845901489258
0.010154485702514648
0.009929656982421875
0.009945392608642578
0.010250091552734375
0.010452508926391602
0.010204792022705078
0.010355710983276367
0.009987354278564453
0.00982522964477539
0.010458946228027344
0.01050710678100586
0.010142326354980469
0.010388374328613281
0.010488510131835938
0.010457277297973633
0.010425567626953125
0.009994268417358398
0.009604692459106445
0.009723186492919922
0.009449958801269531
0.009213924407958984
0.009803533554077148
0.01013946533203125
0.010376214981079102
0.010469675064086914
0.010475873947143555
0.01043248176574707
0.010273933410644531
0.009737253189086914
0.00963592529296875
0.00994563102722168
0.009891271591186523
0.009778499603271484
0.00973200798034668
0.00948476791381836
0.009408235549926758
0.009735345840454102
0.009700298309326172
0.005317211151123047
0.009845495223999023
0.010512113571166992
0.010413646697998047
0.010528087615966797
0.010486841201782227
0.010481595993041992
0.010491371154785156
0.010517120361328125
0.009706735610961914
0.009103536605834961
0.010129451751708984
0.010114669799804688
0.010451555252075195
0.010009527206420898
0.010431766510009766
0.009491205215454102
0.010471582412719727
0.010491132736206055
0.010283708572387695
0.010484695434570312
0.010494709014892578
0.010515451431274414
0.010424613952636719
0.010450363159179688
0.009567737579345703
0.010483026504516602
0.010509729385375977
0.010530948638916016
0.010298490524291992
0.010463953018188477
0.01046133041381836
0.010479450225830078
0.010248422622680664
0.010493278503417969
0.010508537292480469
0.010511636734008789
0.009990215301513672
0.010469198226928711
0.01048898696899414
0.010495662689208984
0.010510444641113281
0.009773969650268555
0.00982213020324707
0.009890079498291016
0.009875059127807617
0.00955653190612793
0.010289669036865234
0.01004934310913086
0.01050567626953125
0.009947776794433594
0.009628057479858398
0.010660648345947266
0.010280609130859375
0.010422945022583008
0.009985923767089844
0.010083675384521484
0.009385824203491211
0.01045846939086914
0.010751724243164062
0.010431051254272461
0.010312557220458984
0.01020193099975586
0.009576082229614258
0.009541749954223633
0.009471654891967773
0.009817838668823242
0.00958251953125
0.010210990905761719
0.010042428970336914
0.009673357009887695
0.009881019592285156
0.009912729263305664
0.009806394577026367
0.010388851165771484
0.010061979293823242
0.01043558120727539
0.010123252868652344
0.010334968566894531
0.010541677474975586
0.01031041145324707
0.009785652160644531
0.009813547134399414
0.009905576705932617
0.009790897369384766
0.012061834335327148
0.009074687957763672
0.010464191436767578
0.01052403450012207
0.00940561294555664
0.01053309440612793
0.00952291488647461
0.010517120361328125
0.01022028923034668
0.009283781051635742
0.01024007797241211
0.010074138641357422
0.010332107543945312
0.00973367691040039
0.0103759765625
0.010513067245483398
0.010300636291503906
0.01028895378112793
0.010285615921020508
0.010144472122192383
0.009917259216308594
0.010500669479370117
0.010466337203979492
0.01037144660949707
0.0105438232421875
0.01050424575805664
0.009539604187011719
