0 1.0173895359039307 8.95584599140577 0.2
2 3.0211329460144043 9.671722601226994 0.2
4 5.024954080581665 9.859574191950465 0.2
6 7.028788805007935 9.670618452012384 0.2
8 9.032645225524902 8.579866470588234 0.2
9 11.036405324935913 9.784287960199006 0.2
11 13.040802478790283 9.462197195571957 0.2
13 15.044261693954468 9.58455656019656 0.2
15 17.047974348068237 9.820301784615385 0.2
16 19.051883220672607 9.935695247524752 0.2
18 21.05537176132202 9.821547884022209 0.2
20 23.059747457504272 10.11355870646766 0.2
22 25.06350803375244 9.786079104477611 0.2
23 27.068095207214355 9.782217453646478 0.2
25 29.071994066238403 9.77285009299442 0.2
27 31.07640266418457 9.964971598513012 0.2
29 33.07995295524597 9.516089230769232 0.2
30 35.08396029472351 8.958715363748459 0.2
32 37.08802628517151 9.856613990147784 0.2
34 39.09173107147217 9.139203645320197 0.2
36 41.09622764587402 9.960830608695652 0.2
38 43.09955191612244 9.3205539378882 0.2
39 45.10321545600891 9.80610249232658 0.2
41 47.10736060142517 9.795895077112892 0.2
43 49.11118221282959 9.397572770186336 0.2
45 51.11526894569397 9.957395803848542 0.2
46 53.11900591850281 9.935845359801489 0.2
48 55.12339210510254 8.690588137254903 0.2
50 57.127197265625 9.188491024208565 0.2
52 59.13104486465454 9.110244875621891 0.2
53 61.13447546958923 10.802290342679127 0.2
55 63.138351917266846 8.957504319600499 0.2
57 65.14150190353394 9.750942991347342 0.2
59 67.14531540870667 8.581465683947533 0.2
60 69.14868450164795 10.109267546699876 0.2
62 71.15167427062988 10.35340585732165 0.2
64 73.1550509929657 8.880211172069826 0.2
66 75.15806698799133 9.994570074812968 0.2
67 77.16089749336243 9.828297028714108 0.2
69 79.16479349136353 9.227656543980038 0.2
71 81.16780257225037 10.53786284289277 0.2
72 83.17112874984741 9.832932818917236 0.2
74 85.17534494400024 9.390431083437111 0.2
76 87.17867493629456 9.608659463505926 0.2
78 89.18198132514954 8.51879664790494 0.2
79 91.18618249893188 9.878310944340212 0.2
81 93.1891622543335 10.096661664596274 0.2
83 95.19282937049866 8.877310281074328 0.2
85 97.19762587547302 10.194052551466001 0.2
86 99.20123720169067 9.786560595164289 0.2
88 101.20441508293152 8.941150466708152 0.2
90 103.20744967460632 9.34230861404599 0.2
92 105.21100354194641 10.176312935323383 0.2
93 107.21375703811646 10.260440448318803 0.2
95 109.21661591529846 10.083961647940075 0.2
97 111.21970701217651 8.830689038701623 0.2
98 113.2229654788971 9.172377 0.2
100 115.22663140296936 9.633628229426435 0.2
102 117.22984433174133 9.611728557213931 0.2
104 119.23363089561462 8.54644773480663 0.2
105 121.23716187477112 9.922553891625615 0.2
107 123.24124455451965 9.340743773119605 0.2
109 125.24489068984985 8.787878908188587 0.2
111 127.24994730949402 8.525784901960783 0.2
112 129.25217604637146 8.799565303593557 0.2
114 131.25609803199768 8.583540603820087 0.2
116 133.26105213165283 9.720431004313 0.2
117 135.26466822624207 10.007789447548108 0.2
119 137.26904964447021 8.816880049782203 0.2
121 139.27284336090088 10.07192312849162 0.2
123 141.27683401107788 9.82821250466128 0.2
124 143.28302311897278 10.133560247831475 0.2
126 145.28466129302979 9.924018905472638 0.2
128 147.28938341140747 9.971303810709838 0.2
130 149.29230618476868 10.018123645381277 0.2
131 151.2964072227478 9.157400696517414 0.2
133 153.30270719528198 9.747013794808405 0.2
135 155.30359077453613 9.595332551466 0.2
136 157.30759048461914 10.260478008711885 0.2
138 159.31169843673706 9.469382344139651 0.2
140 161.31497597694397 10.170236795994994 0.2
142 163.31848001480103 9.455384646211646 0.2
143 165.32217240333557 9.640712209737828 0.2
145 167.32606744766235 3.5748408 0.3
145 169.33028769493103 6.739388881948782 0.3
147 171.3358495235443 9.37916513075965 0.3
149 173.33884525299072 9.692354145141453 0.3
150 175.3444640636444 8.79368641392169 0.3
152 177.3475136756897 9.374441408276715 0.3
154 179.34996223449707 9.122298517133956 0.3
155 181.35293006896973 8.914902316313823 0.3
157 183.35780143737793 9.149855302180686 0.3
159 185.36653184890747 8.461079452054793 0.3
160 187.36394739151 8.427865635910225 0.3
162 189.36769270896912 10.5561816 0.3
164 191.3709774017334 8.467731703056769 0.3
165 193.37589025497437 8.486874719800747 0.3
167 195.3778431415558 8.277162326454034 0.3
169 197.3806073665619 9.162022236102436 0.3
171 199.38527822494507 9.361643187152563 0.3
172 201.38947248458862 9.65252147777082 0.3
174 203.39287209510803 9.7040308 0.3
176 205.39581656455994 9.730705590994372 0.3
177 207.3989772796631 9.329273404122423 0.3
179 209.40262818336487 8.280568010012516 0.3
181 211.4059329032898 8.288101163227017 0.3
182 213.4096977710724 8.599391879699247 0.3
184 215.41330432891846 8.4124181 0.3
186 217.4170069694519 8.478158151155528 0.3
187 219.4218394756317 9.605436007485963 0.3
189 221.4244167804718 9.94844643078833 0.3
191 223.42700958251953 9.6819611 0.3
192 225.43012404441833 9.394993412648716 0.3
194 227.43493747711182 8.966081485148516 0.3
196 229.43797755241394 8.850118009950249 0.3
198 231.4424295425415 10.140068360049321 0.3
199 233.44610476493835 9.960180530536705 0.3
201 235.45427823066711 9.001558805970149 0.3
203 237.45850253105164 9.69177751243781 0.3
205 239.45913124084473 10.340527105590063 0.3
206 241.46403694152832 9.33453952795031 0.3
208 243.46907901763916 9.014158160348043 0.3
210 245.46953630447388 10.175638617283951 0.3
211 247.4734754562378 10.285194289261328 0.3
213 249.47881841659546 8.785193333333334 0.3
215 251.48215985298157 9.921224528069093 0.3
217 253.48568177223206 9.913178262476894 0.3
218 255.49193787574768 9.222050972136223 0.3
220 257.4953327178955 9.46865457267623 0.3
222 259.497948884964 9.983069622291021 0.3
224 261.50170707702637 10.029221346633417 0.3
225 263.50484108924866 9.226818202107873 0.3
227 265.51177954673767 9.95488601726264 0.3
229 267.51465249061584 9.759631683168317 0.3
230 269.51981377601624 8.901533275755707 0.3
232 271.5211133956909 9.824227128712872 0.3
234 273.52481389045715 10.107227925465837 0.3
236 275.5303955078125 9.495159851301114 0.3
237 277.5337028503418 8.972759950556242 0.3
239 279.5364890098572 10.222880885064537 0.3
241 281.5415713787079 10.177301180857675 0.3
243 283.54499554634094 8.543635517027864 0.3
244 285.54937052726746 9.44775553349876 0.3
246 287.552857875824 9.689647524752475 0.3
248 289.55930280685425 9.885739134734239 0.3
249 291.5615499019623 9.20261875930521 0.3
251 293.56509709358215 10.005483473945409 0.3
253 295.57075595855713 8.469550588235295 0.3
255 297.5722267627716 9.443454752475247 0.3
256 299.57732129096985 8.508262535915053 0.3
258 301.5808279514313 8.299533691442848 0.3
260 303.5872082710266 8.710121280788178 0.3
261 305.5898292064667 8.56414505603985 0.3
263 307.5921964645386 9.84093060211049 0.3
264 309.5966682434082 8.841538476903871 0.3
266 311.59843850135803 8.86298812967581 0.3
268 313.6016380786896 8.605691757348342 0.3
269 315.60625195503235 9.830443545568041 0.3
271 317.6099519729614 8.793163046192259 0.3
273 319.61268067359924 9.061996004993759 0.3
274 321.6151692867279 0.1538846221111805 0.4
274 323.618629693985 9.740959004355943 0.4
276 325.6246120929718 8.208430242085662 0.4
278 327.6260004043579 9.16970676635514 0.4
280 329.63139271736145 9.412686965174128 0.4
281 331.6332018375397 8.34409175449473 0.4
283 333.6403410434723 9.682455261845387 0.4
284 335.6435854434967 8.018466158650844 0.4
286 337.6458101272583 9.794489887640449 0.4
288 339.6486294269562 8.503808180112571 0.4
289 341.6531481742859 8.535375576093655 0.4
291 343.6576313972473 9.497972279184681 0.4
293 345.66323161125183 9.02993868974042 0.4
294 347.6648967266083 9.455648715083798 0.4
296 349.67128705978394 8.632402973977696 0.4
298 351.6757230758667 10.127210284301606 0.4
300 353.6756386756897 7.757181721362229 0.4
300 355.6796205043793 0.15258486891385767 0.4
300 357.68350887298584 0.16420057464084947 0.4
300 359.68745136260986 0.17010709999999998 0.4
300 361.69134616851807 0.14739436443331244 0.4
300 363.6954689025879 0.1477252282676673 0.4
300 365.6992917060852 0.14716410000000002 0.4
300 367.70332741737366 0.1505465 0.4
300 369.70687675476074 0.1550388 0.4
300 371.7121388912201 0.16574373050530256 0.4
300 373.71588110923767 0.14831071740486587 0.4
300 375.71995186805725 0.14775152119700746 0.4
300 377.7240152359009 0.15663128911138924 0.4
300 379.7282350063324 0.14739265917602995 0.4
300 381.7324800491333 0.1478615134459037 0.4
300 383.7360870838165 0.14256359326263257 0.4
300 385.74020171165466 0.14542593516209476 0.4
300 387.74420285224915 0.14890257178526842 0.4
300 389.7484197616577 0.1475047286338116 0.4
300 391.75244140625 0.16543521793275218 0.4
300 393.75637102127075 0.15580084893882648 0.4
300 395.7605390548706 0.16558136505948653 0.4
300 397.7642786502838 0.16420110000000002 0.4
300 399.76837038993835 0.16357366583541147 0.4
300 401.772168636322 0.1464456 0.4
300 403.77618956565857 0.14448189881324172 0.4
300 405.78108763694763 0.15064658354114713 0.4
300 407.785035610199 0.14531577763897563 0.4
300 409.7892005443573 0.1684740037476577 0.4
300 411.792937040329 0.1463505 0.4
300 413.7965877056122 0.15195240821406347 0.4
300 415.80049228668213 0.14768810506566604 0.4
300 417.8040816783905 0.16657638975640224 0.4
300 419.8082962036133 0.18646728410513141 0.4
300 421.8123314380646 0.15507607745159274 0.4
300 423.81715869903564 0.1244995 0.4
300 425.8209102153778 0.1661046 0.4
300 427.8253333568573 0.14566498122653315 0.4
300 429.8289256095886 0.16274007490636705 0.4
300 431.83240509033203 0.14808880000000002 0.4
300 433.8368685245514 0.15295153175591533 0.4
