0 1.0173280239105225 9.200557614906831 0.2
2 3.0208184719085693 9.674517524752476 0.2
4 5.024307489395142 9.875774704049844 0.2
6 7.028307676315308 9.554327716727718 0.2
7 9.031449556350708 9.83692796007486 0.2
9 11.035731792449951 9.377562475247526 0.2
11 13.039541244506836 9.785215306501547 0.2
13 15.04361891746521 9.84692934487021 0.2
15 17.04723024368286 9.885190763591936 0.2
16 19.050910234451294 9.7177373126935 0.2
18 21.05487847328186 9.756746503067484 0.2
20 23.058447122573853 9.365627955390336 0.2
22 25.06243133544922 10.052971641791045 0.2
23 27.066091537475586 9.911290732919255 0.2
25 29.0694842338562 9.960945037406484 0.2
27 31.07435178756714 9.90837961752005 0.2
29 33.07814002037048 9.978544407200497 0.2
31 35.081775426864624 8.949316084262701 0.2
32 37.08584642410278 10.139069434431324 0.2
34 39.089476346969604 9.914875651636814 0.2
36 41.09383273124695 10.1020826749226 0.2
38 43.097392559051514 9.228656148606811 0.2
39 45.101107597351074 10.009466981953953 0.2
41 47.10485863685608 8.997031265508685 0.2
43 49.108752489089966 9.992790874147552 0.2
45 51.1128306388855 10.170686886264761 0.2
46 53.11620497703552 9.859734588235295 0.2
48 55.12073993682861 9.959141052631578 0.2
50 57.12373614311218 8.792420333951762 0.2
52 59.12710165977478 10.128515269349846 0.2
53 61.13179636001587 10.046236513075964 0.2
55 63.13495922088623 10.053841888198757 0.2
57 65.14011454582214 10.147699541227526 0.2
59 67.14423513412476 9.997539231722428 0.2
60 69.14747428894043 9.578339489096573 0.2
62 71.15167665481567 10.06083132589839 0.2
64 73.15554285049438 9.67120825357365 0.2
66 75.16166758537292 9.949955434243178 0.2
67 77.16290593147278 9.925018805970149 0.2
69 79.16658043861389 9.67157416614616 0.2
71 81.17045617103577 10.017275145510835 0.2
73 83.17497563362122 10.0004490931677 0.2
74 85.1779854297638 8.835305705407086 0.2
76 87.18165898323059 9.972284829721362 0.2
78 89.1857373714447 8.683340359578425 0.2
80 91.18895864486694 9.851238189708617 0.2
81 93.19653129577637 8.71831827904118 0.2
83 95.19699335098267 9.991044761314322 0.2
85 97.20040678977966 8.896589646182495 0.2
87 99.204354763031 10.036132886405959 0.2
88 101.20897555351257 9.220557931034483 0.2
90 103.21231150627136 9.90533147826087 0.2
92 105.21771383285522 9.883868159203981 0.2
94 107.22017812728882 10.137655915580385 0.2
95 109.22456383705139 9.838347425742574 0.2
97 111.22787404060364 9.852809114551084 0.2
99 113.23349237442017 9.839811677934849 0.2
101 115.2370834350586 9.860339442033478 0.2
102 117.24073123931885 10.08381107120743 0.2
104 119.24575638771057 8.89128665012407 0.2
106 121.24859237670898 10.105160545229245 0.2
107 123.25281405448914 9.093527272727272 0.2
109 125.25724411010742 9.80122640149161 0.2
111 127.25950217247009 10.099656674937965 0.2
113 129.263813495636 8.891298461538462 0.2
114 131.2689242362976 9.874494181593576 0.2
116 133.27229380607605 9.786055018587362 0.2
118 135.2759611606598 9.250303583384998 0.2
120 137.2802472114563 10.010200992555832 0.2
121 139.2844479084015 8.758505479282622 0.2
123 141.28745532035828 9.868549603960396 0.2
125 143.2916088104248 9.964072258064515 0.2
127 145.29510259628296 9.224227300802964 0.2
128 147.29944109916687 10.064749162561576 0.2
130 149.3036127090454 9.79023712158809 0.2
132 151.30694270133972 9.91789473164713 0.2
134 153.3099353313446 10.038906435643565 0.2
135 155.31491684913635 8.947955577639751 0.2
137 157.3186604976654 9.951217014925373 0.2
139 159.32192373275757 10.261584397515527 0.2
140 161.32568359375 9.119586196660483 0.2
142 163.32966327667236 9.832660408668731 0.2
144 165.33375811576843 10.156424326328802 0.2
146 167.33834218978882 8.802219268443894 0.2
147 169.34116387367249 9.355164002486017 0.2
149 171.3458526134491 10.161249242144176 0.2
151 173.34904551506042 10.077230876320696 0.2
153 175.35330367088318 8.808591111111111 0.2
154 177.35723853111267 10.093576916408669 0.2
156 179.360657453537 10.102962577447336 0.2
158 181.3637683391571 8.834033815461346 0.2
160 183.36760306358337 10.229983801242236 0.2
161 185.37239599227905 10.152090443349755 0.2
163 187.3754961490631 8.840975920889987 0.2
165 189.38007616996765 8.648505869432581 0.2
166 191.38284635543823 8.008362844774274 0.2
168 193.38828444480896 9.549754718826406 0.2
170 195.3924298286438 9.376623282114322 0.2
172 197.39597916603088 9.39177358863496 0.2
173 199.40103483200073 9.7422260955928 0.2
175 201.40327501296997 9.511781773093613 0.2
177 203.40874123573303 10.011933067331672 0.2
178 205.41154646873474 9.735493930348259 0.2
180 207.41560053825378 10.082969044347283 0.2
182 209.41972184181213 9.565063640897757 0.2
183 211.42294597625732 9.837633058676653 0.2
185 213.42630553245544 9.498277459526774 0.2
187 215.43216061592102 8.61879306930693 0.2
189 217.4345519542694 8.372357461491067 0.2
190 219.43852996826172 8.534317316770187 0.2
192 221.44129753112793 8.713498584615383 0.2
194 223.44524788856506 8.44299169249845 0.2
195 225.4494411945343 9.567771316113161 0.2
197 227.45470523834229 9.426998613861386 0.2
199 229.45788860321045 8.837966368159204 0.2
200 231.46193933486938 8.412059251992643 0.2
202 233.4658544063568 8.081714017305314 0.2
204 235.4700949192047 8.717037116676849 0.2
206 237.47284245491028 8.66141068627451 0.2
207 239.47982668876648 8.526364577114427 0.2
209 241.48345947265625 8.600708139109212 0.2
211 243.48647141456604 9.357836408977557 0.2
212 245.48933959007263 9.71056557560672 0.3
213 247.49315237998962 0.16829273631840796 0.3
214 249.4970042705536 12.16452922311995 0.3
216 251.50092601776123 8.337346923555003 0.3
217 253.50516939163208 9.608800893300248 0.3
219 255.51194667816162 9.349288850217526 0.3
221 257.5134708881378 8.606086184538652 0.3
222 259.51691126823425 7.921698032378581 0.3
224 261.5198256969452 9.254681866832607 0.3
226 263.5240046977997 9.662579900497512 0.3
228 265.5276565551758 8.224873200000001 0.3
229 267.53417468070984 8.602472645962733 0.3
231 269.5342411994934 9.514951111111111 0.3
233 271.5388493537903 8.822870582403965 0.3
234 273.54445219039917 8.68712548628429 0.3
236 275.5492789745331 9.58908431152648 0.3
238 277.55490612983704 8.387388796068795 0.3
239 279.5553753376007 9.242086991260924 0.3
241 281.55885004997253 9.76728170426065 0.3
243 283.56254506111145 8.536410929507174 0.3
244 285.56702184677124 8.338148956901936 0.3
246 287.570200920105 9.113190778816199 0.3
248 289.57435154914856 9.946624140087556 0.3
249 291.5783076286316 8.7377771 0.3
251 293.5823333263397 8.814365642946317 0.3
253 295.5869815349579 9.76649462686567 0.3
254 297.5897958278656 8.761614246575343 0.3
256 299.5928900241852 8.180792190237797 0.3
258 301.5975692272186 9.695779437851343 0.3
259 303.6009249687195 9.060021645885287 0.3
261 305.6047558784485 8.763145701809108 0.3
263 307.61572551727295 10.024382421972534 0.3
264 309.6118712425232 8.3304381 0.3
266 311.6156213283539 10.184635015576324 0.3
268 313.6208565235138 10.001538916256157 0.3
269 315.6239495277405 8.940494357713584 0.3
271 317.62805581092834 8.67568481276857 0.3
273 319.632093667984 9.734430134969326 0.3
274 321.6353814601898 8.656655375077495 0.3
276 323.63846158981323 8.860662415940224 0.3
278 325.6427195072174 10.158923636363637 0.3
280 327.6499140262604 9.791743585951941 0.3
281 329.6499125957489 9.132686918784874 0.3
283 331.65375566482544 10.52016069695084 0.3
285 333.65718173980713 9.843275294117646 0.3
287 335.66334867477417 8.74888 0.3
288 337.66848969459534 8.924649219330854 0.3
290 339.6715567111969 9.892237323420074 0.3
292 341.6735694408417 9.91779290920321 0.3
294 343.6775119304657 8.735421782178218 0.3
295 345.68287682533264 9.658531893234017 0.3
297 347.684766292572 9.884030428837788 0.3
299 349.6927156448364 9.505194236024844 0.3
300 351.6927697658539 0.16975770430442919 0.3
300 353.6966161727905 0.18823121098626716 0.3
300 355.70017099380493 0.15560105197244833 0.3
300 357.7043960094452 0.16107563862928348 0.3
300 359.7076835632324 0.14415650436953809 0.3
300 361.7117369174957 0.15585381727158948 0.3
