0.013005733489990234
0.0076367855072021484
0.007623910903930664
0.010262489318847656
0.010491132736206055
0.009695053100585938
0.01026010513305664
0.010268926620483398
0.00982046127319336
0.011050224304199219
0.010065793991088867
0.009584188461303711
0.009511947631835938
0.009852170944213867
0.009737730026245117
0.009633541107177734
0.010358333587646484
0.010387659072875977
0.009979486465454102
0.009630680084228516
0.009685993194580078
0.010248899459838867
0.010268449783325195
0.010166406631469727
0.010595321655273438
0.00939035415649414
0.01026773452758789
0.010202884674072266
0.010157346725463867
0.010245084762573242
0.010244607925415039
0.009995222091674805
0.009765148162841797
0.009671688079833984
0.010308504104614258
0.01023554801940918
0.010952472686767578
0.009619474411010742
0.009121894836425781
0.010414600372314453
0.010248184204101562
0.00987863540649414
0.009745359420776367
0.010416984558105469
0.009372949600219727
0.010156631469726562
0.009735345840454102
0.00954580307006836
0.010292530059814453
0.010325908660888672
0.01005411148071289
0.009829044342041016
0.00969552993774414
0.009062767028808594
0.009240865707397461
0.009391069412231445
0.009457826614379883
0.010350942611694336
0.010365962982177734
0.009985208511352539
0.009727716445922852
0.00959467887878418
0.010342836380004883
0.010370016098022461
0.009991884231567383
0.009706735610961914
0.009644508361816406
0.010325193405151367
0.010350465774536133
0.010013818740844727
0.009685754776000977
0.01033926010131836
0.009351491928100586
0.010247230529785156
0.009769916534423828
0.009448766708374023
0.010059595108032227
0.010031461715698242
0.010027885437011719
0.009675979614257812
0.009560108184814453
0.010042428970336914
0.010085821151733398
0.00983881950378418
0.00961160659790039
0.009482383728027344
0.010051250457763672
0.010066509246826172
0.009938240051269531
0.009645700454711914
0.009531736373901367
0.010040998458862305
0.010055780410766602
0.009957075119018555
0.009615421295166016
0.010040283203125
0.010047197341918945
0.010004520416259766
0.009584903717041016
0.00944066047668457
0.010063648223876953
0.010077476501464844
0.009759664535522461
0.009550094604492188
0.010379314422607422
0.010039091110229492
0.010037660598754883
0.009594440460205078
0.009454727172851562
0.010039806365966797
0.010040283203125
0.009936332702636719
0.00967717170715332
0.00890660285949707
0.010019063949584961
0.008190631866455078
0.005232810974121094
0.010263442993164062
0.010264158248901367
0.009465217590332031
0.009324789047241211
0.009329795837402344
0.01025247573852539
0.010251283645629883
0.00972890853881836
0.008242607116699219
0.009430170059204102
0.010291099548339844
0.009944915771484375
0.009543895721435547
0.00996708869934082
0.010363340377807617
0.01039576530456543
0.009506940841674805
0.00955963134765625
0.009453058242797852
0.00950002670288086
0.009574651718139648
0.010278701782226562
0.01044321060180664
0.010148048400878906
0.009870290756225586
0.010431766510009766
0.010143756866455078
0.009718656539916992
0.009696483612060547
0.010424137115478516
0.010004520416259766
0.009670019149780273
0.009421825408935547
0.010430574417114258
0.010459184646606445
0.009676933288574219
0.010434150695800781
0.010361671447753906
0.009856700897216797
0.010436773300170898
0.010452747344970703
0.009862899780273438
0.009589910507202148
0.010376453399658203
0.010265827178955078
0.009697198867797852
0.009458065032958984
0.010420083999633789
0.010267257690429688
0.010304689407348633
0.009704828262329102
0.010093927383422852
0.009945392608642578
0.009757280349731445
0.009313821792602539
0.010313987731933594
0.010277271270751953
0.0098724365234375
0.009087324142456055
0.010263681411743164
0.010114669799804688
0.009659528732299805
0.010265827178955078
0.010347843170166016
0.009866714477539062
0.009469985961914062
0.010339021682739258
0.010714292526245117
0.01033926010131836
0.010315656661987305
0.009770393371582031
0.010390281677246094
0.009835481643676758
0.009334087371826172
0.011253833770751953
0.009516477584838867
0.01038360595703125
0.009850502014160156
0.009267807006835938
0.010344505310058594
0.010332584381103516
0.010352611541748047
0.010341405868530273
0.009609699249267578
0.010357379913330078
0.010387420654296875
0.009453773498535156
0.010324478149414062
0.009742021560668945
0.010350227355957031
0.010103702545166016
0.00944972038269043
0.010372638702392578
0.010332584381103516
0.010326147079467773
0.010369062423706055
0.010056257247924805
0.009343862533569336
0.009127140045166016
0.010334491729736328
0.00943303108215332
0.010338783264160156
0.01037287712097168
0.009571075439453125
0.010350704193115234
0.009827136993408203
0.010357856750488281
0.010018587112426758
0.009630441665649414
0.010332822799682617
0.009739398956298828
0.010342121124267578
0.010042667388916016
0.009769201278686523
0.010509490966796875
0.009480476379394531
0.010364532470703125
0.009736776351928711
0.010331392288208008
0.009577274322509766
0.010276556015014648
0.009983301162719727
0.010350704193115234
0.009360551834106445
0.010392904281616211
0.010033607482910156
0.009484052658081055
0.01043391227722168
0.009972572326660156
0.010167121887207031
0.010440826416015625
0.010401487350463867
0.010380268096923828
0.00944972038269043
0.010358572006225586
0.009714841842651367
0.010370731353759766
0.009368896484375
0.009337186813354492
0.009777307510375977
0.009876012802124023
0.010374307632446289
0.009627342224121094
0.009465217590332031
0.010074138641357422
0.010387182235717773
0.010015487670898438
0.01033329963684082
0.010128259658813477
0.009674310684204102
0.010345458984375
0.009288787841796875
0.010128021240234375
0.01037454605102539
0.010266304016113281
0.009650707244873047
0.010358572006225586
0.009893655776977539
0.009901046752929688
0.010354042053222656
0.009097814559936523
0.010413169860839844
0.010356903076171875
0.009802818298339844
0.010361433029174805
0.009444713592529297
0.010278701782226562
0.010402202606201172
0.010084390640258789
0.010369062423706055
0.009491443634033203
0.010390043258666992
0.010305643081665039
0.009248733520507812
0.010068655014038086
0.005300760269165039
0.01035451889038086
0.010358095169067383
0.009907960891723633
0.011397123336791992
0.009122848510742188
0.01001596450805664
0.01040506362915039
0.010346412658691406
0.009298324584960938
0.010382652282714844
0.009710550308227539
0.010379552841186523
0.009417057037353516
0.010349273681640625
0.009696006774902344
0.010399103164672852
0.009968280792236328
0.009937286376953125
0.009876489639282227
0.010488510131835938
0.009618282318115234
0.010388612747192383
0.009783029556274414
0.010446310043334961
0.00964212417602539
0.01042938232421875
0.010376930236816406
0.010375499725341797
0.009795904159545898
0.014496326446533203
0.005235433578491211
0.010022401809692383
0.009961128234863281
0.010059356689453125
0.010056018829345703
0.010040283203125
0.009256362915039062
0.010921478271484375
0.00829172134399414
0.00522303581237793
0.010054349899291992
0.00882411003112793
0.010029077529907227
0.009895086288452148
0.010932683944702148
0.010035514831542969
0.009331703186035156
0.010055065155029297
0.009466409683227539
0.010064125061035156
0.009177684783935547
0.010043621063232422
0.009753227233886719
0.010063648223876953
0.00916910171508789
0.010045528411865234
0.00957489013671875
0.010030984878540039
0.009548187255859375
0.009505271911621094
0.010015726089477539
0.009882211685180664
0.011536836624145508
0.010041236877441406
0.009953975677490234
0.010065317153930664
0.009420394897460938
0.010040283203125
0.010040998458862305
0.009359121322631836
0.010091781616210938
0.009975433349609375
0.010021448135375977
0.010033607482910156
0.01002955436706543
0.010073184967041016
0.010123729705810547
0.009955406188964844
0.008878946304321289
0.01181340217590332
0.009408712387084961
0.010045766830444336
0.00836634635925293
0.0052487850189208984
0.010247945785522461
0.009478092193603516
0.010282516479492188
0.00925755500793457
0.010353326797485352
0.009404182434082031
0.009704351425170898
0.010214805603027344
0.010213613510131836
0.010278463363647461
0.009433269500732422
0.010285139083862305
0.010278940200805664
0.010039329528808594
0.009495019912719727
0.010283470153808594
0.009803056716918945
0.009547233581542969
0.009290218353271484
0.010273218154907227
0.010306835174560547
0.010290861129760742
0.010041952133178711
0.010236263275146484
0.00981450080871582
0.010262250900268555
0.009376049041748047
0.010269403457641602
0.009476900100708008
0.009015560150146484
0.010251522064208984
0.009897470474243164
0.00939035415649414
0.010241508483886719
0.010259389877319336
0.008903980255126953
0.010302543640136719
0.009632587432861328
0.01025247573852539
0.010149240493774414
0.010282039642333984
0.010002851486206055
0.010288715362548828
0.010117769241333008
0.0102691650390625
0.007498025894165039
0.010130643844604492
0.009518861770629883
0.010288238525390625
0.009734392166137695
0.009271621704101562
0.010265588760375977
0.010253429412841797
0.010301589965820312
0.009723663330078125
0.010281801223754883
0.01002192497253418
0.010271310806274414
0.009613513946533203
0.009917259216308594
0.01007986068725586
0.009328842163085938
0.010254383087158203
0.009704828262329102
0.010298013687133789
0.010322809219360352
0.009513616561889648
0.010290861129760742
0.009586334228515625
0.010265827178955078
0.010288476943969727
0.009587526321411133
0.010273456573486328
0.010059118270874023
0.010303735733032227
0.009614706039428711
0.010255813598632812
0.010305643081665039
0.01026606559753418
0.009667158126831055
0.01025843620300293
0.009723663330078125
0.009430885314941406
0.010295391082763672
0.009685993194580078
0.010317087173461914
0.009369373321533203
0.010298728942871094
0.010073184967041016
0.009793519973754883
0.010269880294799805
0.009843587875366211
0.009361982345581055
0.010291099548339844
0.010289907455444336
0.009076833724975586
0.009217977523803711
0.010436534881591797
0.008291006088256836
0.010074377059936523
0.010022163391113281
0.009957551956176758
0.009055614471435547
0.011522293090820312
0.01003122329711914
0.008928060531616211
0.010051250457763672
0.00995016098022461
0.01005244255065918
0.009809732437133789
0.010024785995483398
0.009447574615478516
0.010051727294921875
0.009813308715820312
0.010069608688354492
0.00914621353149414
0.010062217712402344
0.010048151016235352
0.009392261505126953
0.010067224502563477
0.010052680969238281
0.008425235748291016
0.006199836730957031
0.010066986083984375
0.009613275527954102
0.008692264556884766
0.010017871856689453
0.010086774826049805
0.010136842727661133
0.01006460189819336
0.010125398635864258
0.009607791900634766
0.011268138885498047
0.009734392166137695
0.009903430938720703
0.010799169540405273
0.010704994201660156
0.010063409805297852
0.010164737701416016
0.010094642639160156
0.010095834732055664
0.009473323822021484
0.010018110275268555
0.010144233703613281
0.011055707931518555
0.009004831314086914
0.010056257247924805
0.009539127349853516
0.010118246078491211
0.010066747665405273
0.010022401809692383
0.008345365524291992
0.009422063827514648
0.010882377624511719
0.010114192962646484
0.010097265243530273
0.009265661239624023
0.011499404907226562
0.0113372802734375
0.011233329772949219
0.010715723037719727
0.010953903198242188
0.010095834732055664
0.009490489959716797
0.010082483291625977
0.01008462905883789
0.010044336318969727
0.009732723236083984
0.00860285758972168
0.010064125061035156
0.008994340896606445
0.010080099105834961
0.01004934310913086
0.01007986068725586
0.01006937026977539
0.009871721267700195
0.010057449340820312
0.009495019912719727
0.010087013244628906
0.008632898330688477
0.01007080078125
0.009362459182739258
0.01005697250366211
0.009318828582763672
0.010050773620605469
0.009332656860351562
0.00998234748840332
0.010058879852294922
0.009180545806884766
0.010061502456665039
0.009761333465576172
0.010086774826049805
0.010077714920043945
0.009610652923583984
0.010071277618408203
0.00952768325805664
0.010080575942993164
0.010050773620605469
0.00928354263305664
0.010002851486206055
0.010095834732055664
0.010054826736450195
0.010081768035888672
0.01002645492553711
0.00989985466003418
0.010888099670410156
0.009648799896240234
0.010100603103637695
0.009118795394897461
0.009941816329956055
0.009677886962890625
0.009401798248291016
0.008779764175415039
0.009236574172973633
0.010094642639160156
0.00990438461303711
0.01019287109375
0.010082483291625977
0.010014057159423828
0.010081291198730469
0.009146451950073242
0.010180950164794922
0.00871896743774414
0.010076761245727539
0.009419441223144531
0.010087966918945312
0.009056329727172852
0.010078668594360352
0.010111093521118164
0.00979161262512207
0.010287284851074219
0.010689973831176758
0.010353803634643555
0.010324716567993164
0.010192394256591797
0.010029077529907227
0.010149955749511719
0.009477615356445312
0.008430004119873047
0.009094953536987305
0.010037422180175781
0.009698152542114258
0.011118412017822266
0.011883735656738281
0.010346174240112305
0.010590791702270508
0.008582353591918945
0.01056671142578125
0.009454488754272461
0.009933233261108398
0.010067224502563477
0.010075092315673828
0.009340524673461914
0.010079622268676758
0.009636640548706055
0.010085344314575195
0.009696722030639648
0.008454561233520508
0.01150965690612793
0.008600473403930664
0.010139703750610352
0.009040594100952148
0.01007223129272461
0.009864330291748047
0.009568929672241211
0.009743452072143555
0.010305404663085938
0.010093450546264648
0.010070562362670898
0.011820316314697266
0.011864185333251953
0.009829998016357422
0.010071992874145508
0.00934147834777832
0.010081768035888672
0.009806632995605469
0.011291027069091797
0.010309696197509766
0.010611295700073242
0.010592222213745117
0.009734153747558594
0.007897615432739258
0.009551763534545898
0.010084867477416992
0.009506940841674805
0.007937192916870117
0.010066509246826172
0.011816978454589844
0.009445905685424805
0.009122133255004883
0.009668827056884766
0.010238170623779297
0.010069608688354492
0.008505821228027344
0.009990453720092773
0.009853363037109375
0.009982824325561523
0.009998798370361328
0.009362936019897461
0.010463237762451172
0.009520769119262695
0.010611534118652344
0.010077238082885742
0.009254932403564453
0.0054607391357421875
0.010175943374633789
0.010059118270874023
0.010075092315673828
0.010424375534057617
0.010056018829345703
0.009824037551879883
0.010079622268676758
0.010076761245727539
0.010094404220581055
0.010070562362670898
0.010086536407470703
0.008589029312133789
0.008744955062866211
0.009327411651611328
0.008434295654296875
0.010060548782348633
0.009321451187133789
0.009625911712646484
0.009650945663452148
0.010077953338623047
0.009572267532348633
0.009023427963256836
0.008772850036621094
0.010078907012939453
0.01189279556274414
0.01036834716796875
0.011194229125976562
0.010094404220581055
0.01151418685913086
0.010223627090454102
0.009916305541992188
0.009853601455688477
0.010086774826049805
0.0100860595703125
0.010114669799804688
0.010092735290527344
0.010073423385620117
0.010062694549560547
0.010089874267578125
0.009679317474365234
0.009969234466552734
0.010078191757202148
0.010100841522216797
0.009345054626464844
0.010433435440063477
0.008900880813598633
0.00979924201965332
0.01010584831237793
0.009106159210205078
0.010085582733154297
0.009466409683227539
0.009087800979614258
0.009154558181762695
0.010101795196533203
0.010094881057739258
0.01009368896484375
0.010092735290527344
0.010099649429321289
0.009670257568359375
0.00977325439453125
0.010155677795410156
0.010098457336425781
0.008708477020263672
0.009662628173828125
0.01012730598449707
0.010210275650024414
0.009221076965332031
0.010100841522216797
0.010120391845703125
0.01032567024230957
0.011919736862182617
0.009162425994873047
0.009788751602172852
0.009365558624267578
0.010118722915649414
0.008889436721801758
0.009284496307373047
0.010113716125488281
0.010066747665405273
0.007916688919067383
0.010097503662109375
0.00794219970703125
0.010066509246826172
0.009988546371459961
0.01008152961730957
0.010729551315307617
0.01010584831237793
0.010077476501464844
0.010073423385620117
0.008409738540649414
0.010686635971069336
0.01007533073425293
0.010095596313476562
0.008984088897705078
0.00957489013671875
0.010363578796386719
0.008446455001831055
0.009266376495361328
0.008938312530517578
0.00930929183959961
0.008087873458862305
0.010050773620605469
0.009949922561645508
0.00843048095703125
0.008681774139404297
0.011051416397094727
0.010030984878540039
0.009192466735839844
0.01059722900390625
0.010095357894897461
0.009047269821166992
0.010227680206298828
0.01015782356262207
0.010679483413696289
0.009208917617797852
0.007917642593383789
0.010109424591064453
0.009482860565185547
0.009399175643920898
0.010056734085083008
0.00998997688293457
0.009912729263305664
0.005258798599243164
0.00917506217956543
0.008009672164916992
0.009819269180297852
0.00964498519897461
0.010154008865356445
0.010464906692504883
0.010964632034301758
0.010073184967041016
0.007933616638183594
0.00943899154663086
0.009698629379272461
0.011368989944458008
0.010110855102539062
0.009729146957397461
0.010109901428222656
0.010196685791015625
0.010099411010742188
0.008831977844238281
0.00981450080871582
0.008767127990722656
0.010139942169189453
0.00839090347290039
0.010129928588867188
0.008683204650878906
0.008975028991699219
0.010090827941894531
0.010546445846557617
0.012261390686035156
0.010071039199829102
0.008493900299072266
0.01004338264465332
0.01006937026977539
0.010080337524414062
0.010827779769897461
0.010065078735351562
0.010083198547363281
0.00995016098022461
0.008801937103271484
0.009014129638671875
0.008651971817016602
0.010110855102539062
0.010138273239135742
0.010099649429321289
0.01005697250366211
0.011763572692871094
0.010022163391113281
0.010075092315673828
0.009711027145385742
0.010066032409667969
0.009299278259277344
0.011267900466918945
0.009792089462280273
0.010467290878295898
0.00917816162109375
0.010976552963256836
0.009427309036254883
0.010079622268676758
0.01011800765991211
0.009456872940063477
0.009627342224121094
0.0088653564453125
0.009845972061157227
0.009678840637207031
0.009925127029418945
0.00861501693725586
0.008506059646606445
0.010273456573486328
0.009312868118286133
0.010004281997680664
0.008879661560058594
0.010317325592041016
0.010637760162353516
0.010595560073852539
0.009741783142089844
0.010073661804199219
0.010130167007446289
0.00988626480102539
0.010190486907958984
0.010082006454467773
0.008475780487060547
0.010598421096801758
0.010093927383422852
0.009906291961669922
0.009644031524658203
0.010102987289428711
0.009984731674194336
0.01000666618347168
0.01009511947631836
0.010130167007446289
0.010282039642333984
0.009471893310546875
0.010004758834838867
0.009795665740966797
0.01074671745300293
0.00959157943725586
0.010112762451171875
0.010261058807373047
0.010254144668579102
0.010120868682861328
0.010075092315673828
0.009397506713867188
0.00522303581237793
0.009256124496459961
0.009464025497436523
0.009364604949951172
0.011309623718261719
0.011432409286499023
0.010110139846801758
0.01007390022277832
0.01021122932434082
0.011170625686645508
0.010076522827148438
0.009342432022094727
0.010650396347045898
0.009583234786987305
0.010070562362670898
0.011901378631591797
0.008783817291259766
0.010057687759399414
0.010061025619506836
0.010076522827148438
0.00916290283203125
0.00988912582397461
0.009692668914794922
0.01010584831237793
0.010095596313476562
0.01008462905883789
0.01011800765991211
0.01009511947631836
0.010115385055541992
0.01006174087524414
0.010126590728759766
0.010117292404174805
0.009865522384643555
0.011050701141357422
0.010944366455078125
0.010533809661865234
0.01011967658996582
0.010953903198242188
0.010978937149047852
0.009666204452514648
0.009300708770751953
0.008668899536132812
0.010074615478515625
0.010076045989990234
0.01178741455078125
0.010054349899291992
0.010068655014038086
0.008922100067138672
0.010635614395141602
0.009443044662475586
0.009587764739990234
0.011349916458129883
0.008777856826782227
0.010075092315673828
0.009387731552124023
0.010237455368041992
0.00989675521850586
0.008676290512084961
0.010080099105834961
0.01006770133972168
0.009044647216796875
0.009887933731079102
0.009583234786987305
0.009265899658203125
0.00978398323059082
0.010121822357177734
0.010077953338623047
0.010107994079589844
0.008662700653076172
0.010142326354980469
0.009038209915161133
0.00923919677734375
0.009155511856079102
0.010257720947265625
0.011844396591186523
0.00991058349609375
0.00977325439453125
0.010687589645385742
0.009894609451293945
0.009248971939086914
0.010356903076171875
0.010706186294555664
0.009822845458984375
0.010035276412963867
0.009963274002075195
0.007912397384643555
0.011901378631591797
0.010116815567016602
0.009220361709594727
0.00838780403137207
0.008827447891235352
0.00981450080871582
0.007869243621826172
0.010492324829101562
0.009076595306396484
0.009331464767456055
0.01008152961730957
0.010053157806396484
0.009936809539794922
0.009118080139160156
0.009174585342407227
0.010069131851196289
0.010030031204223633
0.009286642074584961
0.010087966918945312
0.010497570037841797
0.0098114013671875
0.008878946304321289
0.01006007194519043
0.010059833526611328
0.00936579704284668
0.009615659713745117
0.010073661804199219
0.008863687515258789
0.010055303573608398
0.010065555572509766
0.00834345817565918
0.010192394256591797
0.010162591934204102
0.010127782821655273
0.010065078735351562
0.008521080017089844
0.009606122970581055
0.010020971298217773
0.010032892227172852
0.009879827499389648
0.010123491287231445
0.010160684585571289
0.010100126266479492
0.009912252426147461
0.008475303649902344
0.00968623161315918
0.01003885269165039
0.010089874267578125
0.00948476791381836
0.010283231735229492
0.005272865295410156
0.009575128555297852
0.009474754333496094
0.00951695442199707
0.00958251953125
0.010064125061035156
0.009695291519165039
0.010948657989501953
0.011584758758544922
0.008382320404052734
0.010045528411865234
0.010053634643554688
0.010022878646850586
0.010026693344116211
0.009996891021728516
0.010084867477416992
0.009881258010864258
0.010114908218383789
0.009941339492797852
0.008439302444458008
0.007665157318115234
0.008539199829101562
0.0052568912506103516
0.008529186248779297
0.009550094604492188
0.010051727294921875
0.010041236877441406
0.009159564971923828
0.009353876113891602
0.008483409881591797
0.009152889251708984
0.009065866470336914
0.00999307632446289
0.009848833084106445
0.009053230285644531
0.009539604187011719
0.009404182434082031
0.010064840316772461
0.010274648666381836
0.009875297546386719
0.008986711502075195
0.009038448333740234
0.010055303573608398
0.010087728500366211
0.009760618209838867
0.010074377059936523
0.009326457977294922
0.010068655014038086
0.010055303573608398
0.0106048583984375
0.009954452514648438
0.010075807571411133
0.00939035415649414
0.010069131851196289
0.010037899017333984
0.009245157241821289
0.009031057357788086
0.009126424789428711
0.008395195007324219
0.009363412857055664
0.010056018829345703
0.010033369064331055
0.01001739501953125
0.009135246276855469
0.009176969528198242
0.01004648208618164
0.008817672729492188
0.01005244255065918
0.008893489837646484
0.009362459182739258
0.010043859481811523
0.010058403015136719
0.009971141815185547
0.008507966995239258
0.008514881134033203
0.008524894714355469
0.0085296630859375
0.008550405502319336
0.00853109359741211
0.008545160293579102
0.005250692367553711
0.010025978088378906
0.010068655014038086
0.009108781814575195
0.009902715682983398
0.009920835494995117
0.01007533073425293
0.01005697250366211
0.009846210479736328
0.010035037994384766
0.009621620178222656
0.009865999221801758
0.009855270385742188
0.010049581527709961
0.008558273315429688
0.009230375289916992
0.010051250457763672
0.010018110275268555
0.009307622909545898
0.010042190551757812
0.0097503662109375
0.010084867477416992
0.009784936904907227
0.00939321517944336
0.011654138565063477
0.009723186492919922
0.010421514511108398
0.010416507720947266
0.010460615158081055
0.009727954864501953
0.01050567626953125
0.0105133056640625
0.010505437850952148
0.009506940841674805
0.010508060455322266
0.010449647903442383
0.010439395904541016
0.009449481964111328
0.010492324829101562
0.01047062873840332
0.010441303253173828
0.01045989990234375
0.009701251983642578
0.009258508682250977
0.009625434875488281
0.010457277297973633
0.010462760925292969
0.010469675064086914
0.009353399276733398
0.009847640991210938
0.009966850280761719
0.010554075241088867
0.01045370101928711
0.01047825813293457
0.009829282760620117
0.01022791862487793
0.010037899017333984
0.009712696075439453
0.010309457778930664
0.00902247428894043
0.010442733764648438
0.010458946228027344
0.010498046875
0.010492324829101562
0.010467767715454102
0.010386228561401367
0.0097503662109375
0.009767770767211914
0.009623289108276367
0.00981450080871582
0.010325908660888672
0.009358406066894531
0.010364294052124023
0.010352134704589844
0.010474681854248047
0.009276151657104492
0.009544849395751953
0.010527610778808594
0.011023998260498047
0.010471105575561523
0.010492324829101562
0.010545730590820312
0.009399175643920898
0.010253667831420898
0.010466337203979492
0.009643793106079102
0.01048731803894043
0.010473966598510742
0.00934600830078125
0.01053929328918457
0.010513544082641602
0.009475946426391602
0.010071039199829102
0.010469913482666016
0.009695768356323242
0.010498046875
0.010484695434570312
0.009289026260375977
0.010508298873901367
0.010469913482666016
0.009662628173828125
0.010355710983276367
0.009304046630859375
0.010472774505615234
0.010468244552612305
0.009698152542114258
0.010465621948242188
0.010484695434570312
0.010439872741699219
0.009805917739868164
0.009740829467773438
0.01043248176574707
0.010421276092529297
0.010411739349365234
0.010378360748291016
0.009600400924682617
0.010383129119873047
0.009515047073364258
0.010536909103393555
0.01045370101928711
0.010410070419311523
0.009446859359741211
0.010433197021484375
0.010490655899047852
0.010519981384277344
0.009614229202270508
0.01029062271118164
0.010510683059692383
0.010465860366821289
0.010469198226928711
0.009439945220947266
0.010479211807250977
0.010462284088134766
0.009603738784790039
0.010498285293579102
0.009280920028686523
0.010517597198486328
0.009930610656738281
0.009408712387084961
0.010520458221435547
0.010472774505615234
0.009461402893066406
0.010128974914550781
0.01051020622253418
0.009364604949951172
0.009846210479736328
0.010434389114379883
0.00945138931274414
0.010261297225952148
0.010473251342773438
0.010501861572265625
0.010566949844360352
0.010486125946044922
0.010084867477416992
0.010135650634765625
0.010504961013793945
0.010483980178833008
0.00931859016418457
0.010456085205078125
0.010475397109985352
0.010495662689208984
0.011742115020751953
0.010478734970092773
0.010499238967895508
0.010457038879394531
0.010462522506713867
0.009507417678833008
0.010518074035644531
0.009950876235961914
0.010486125946044922
0.010509967803955078
0.010488033294677734
0.00970149040222168
0.010277032852172852
0.010464191436767578
0.010464668273925781
0.010436773300170898
0.009557962417602539
0.009159326553344727
0.010455846786499023
0.010420083999633789
0.010449647903442383
0.009354591369628906
0.010195255279541016
0.00949716567993164
0.010386943817138672
0.010422706604003906
0.010442972183227539
0.00953364372253418
0.010460376739501953
0.010467767715454102
0.010277271270751953
0.01044464111328125
0.010395288467407227
0.010433673858642578
0.01039886474609375
0.010451793670654297
0.010460853576660156
0.01043391227722168
0.009896278381347656
0.010149955749511719
0.010450363159179688
0.010462045669555664
0.010417461395263672
0.009662389755249023
0.009797811508178711
0.010280609130859375
0.010442733764648438
0.010423421859741211
0.010037899017333984
0.01007843017578125
0.008373022079467773
0.009127616882324219
0.009993314743041992
0.009787559509277344
0.01009368896484375
0.01067805290222168
0.009000539779663086
0.010063886642456055
0.016763925552368164
0.009336709976196289
0.010106086730957031
0.008553504943847656
0.011510848999023438
0.009245872497558594
0.01067352294921875
0.008935213088989258
0.009255170822143555
0.010955810546875
0.00998377799987793
0.010921001434326172
0.009109973907470703
0.010559320449829102
0.010049581527709961
0.008614778518676758
0.010057926177978516
0.009965658187866211
0.009845495223999023
0.0099029541015625
0.009874820709228516
0.03287005424499512
0.009184598922729492
0.010092973709106445
0.00968623161315918
0.010018587112426758
0.010429859161376953
0.008455276489257812
0.010037422180175781
0.010689496994018555
0.011294364929199219
0.00925302505493164
0.009922027587890625
0.008491277694702148
0.00858926773071289
0.008507013320922852
0.006142139434814453
0.009360313415527344
0.009015798568725586
0.011000871658325195
0.009846925735473633
0.007915496826171875
0.008520364761352539
0.010120868682861328
0.010098695755004883
0.008493661880493164
0.009043455123901367
0.008957386016845703
0.010745525360107422
0.009880781173706055
0.010065078735351562
0.011520624160766602
0.01007986068725586
0.00945734977722168
0.010083198547363281
0.011825799942016602
0.009581327438354492
0.008786439895629883
0.009307146072387695
0.010345697402954102
0.010091781616210938
0.009782791137695312
0.011016368865966797
0.009439706802368164
0.008763551712036133
0.010080814361572266
0.009826183319091797
0.010083198547363281
0.01010584831237793
0.010822057723999023
0.009660720825195312
0.010482311248779297
0.008728742599487305
0.009230613708496094
0.010067939758300781
0.008216381072998047
0.01008462905883789
0.00922536849975586
0.010082721710205078
0.00904226303100586
0.008922576904296875
0.00987696647644043
0.008721113204956055
0.009301900863647461
0.00936269760131836
0.01005697250366211
0.01010751724243164
0.009798526763916016
0.010098457336425781
0.010166645050048828
0.009213447570800781
0.009599685668945312
0.008872270584106445
0.009871244430541992
0.009152412414550781
0.009052753448486328
0.010048627853393555
0.009979724884033203
0.010294198989868164
0.008774757385253906
0.00791788101196289
0.05676436424255371
0.009127140045166016
0.008338689804077148
0.01001739501953125
0.009692668914794922
0.009831428527832031
0.010102987289428711
0.010879755020141602
0.010101318359375
0.009571313858032227
0.010055303573608398
0.010025978088378906
0.010011434555053711
0.009989261627197266
0.009779214859008789
0.009753704071044922
0.010138273239135742
0.009111166000366211
0.009446382522583008
0.0095977783203125
0.009689807891845703
0.009634256362915039
0.009189844131469727
0.009406328201293945
0.009529829025268555
0.009628534317016602
0.009669303894042969
0.009166717529296875
0.009331464767456055
0.009406089782714844
0.01151132583618164
0.009370565414428711
0.009007692337036133
0.010048627853393555
0.008962631225585938
0.010102033615112305
0.010092020034790039
0.009098291397094727
0.010040760040283203
0.009876251220703125
0.011107206344604492
0.009015798568725586
0.01064443588256836
0.010075569152832031
0.00992727279663086
0.010061025619506836
0.010044574737548828
0.00860905647277832
0.009743928909301758
0.009344100952148438
0.010307550430297852
0.010026216506958008
0.010038137435913086
0.009475231170654297
0.01006317138671875
0.01004171371459961
0.010064125061035156
0.010057687759399414
0.005204916000366211
0.005465507507324219
0.009618759155273438
0.01065516471862793
0.007931709289550781
0.010067939758300781
0.010062694549560547
0.009083271026611328
0.010857105255126953
0.009555339813232422
0.009896039962768555
0.007937192916870117
0.025560617446899414
0.0052852630615234375
0.010826587677001953
0.009804010391235352
0.00990915298461914
0.008884906768798828
0.010050296783447266
0.007909774780273438
0.010076284408569336
0.008034229278564453
0.00972127914428711
0.008831501007080078
0.008598089218139648
0.00791788101196289
0.010097980499267578
0.00933074951171875
0.010378122329711914
0.010227203369140625
0.009290456771850586
0.00792241096496582
0.029013633728027344
0.00976252555847168
0.010075092315673828
0.008861064910888672
0.00896453857421875
0.00905299186706543
0.010089874267578125
0.010413885116577148
0.008806467056274414
0.01100015640258789
0.01033473014831543
0.008657217025756836
0.010067462921142578
0.008326530456542969
0.00847315788269043
0.009965896606445312
0.010097980499267578
0.010139226913452148
0.009928226470947266
0.007391691207885742
0.010258197784423828
0.010063886642456055
0.011258363723754883
0.010693788528442383
0.009525060653686523
0.010457277297973633
0.008841991424560547
0.010108232498168945
0.01006770133972168
0.010084867477416992
0.008740901947021484
0.0098876953125
0.009217500686645508
0.008601903915405273
0.010081768035888672
0.011739969253540039
0.010070323944091797
0.01004791259765625
0.009972810745239258
0.010156393051147461
0.010126829147338867
0.01001429557800293
0.009521961212158203
0.009251117706298828
0.008974313735961914
0.010087728500366211
0.009223461151123047
0.010070323944091797
0.009560585021972656
0.011417150497436523
0.00977635383605957
0.010988235473632812
0.008933782577514648
0.00936126708984375
0.008733272552490234
0.010986804962158203
0.009876012802124023
0.00905919075012207
0.009649038314819336
0.008883237838745117
0.010431766510009766
0.010062932968139648
0.010654449462890625
0.010165691375732422
0.009086132049560547
0.00980377197265625
0.009501934051513672
0.00932455062866211
0.01009368896484375
0.009039163589477539
0.008706331253051758
0.010095834732055664
0.007914543151855469
0.009361028671264648
0.009235382080078125
0.007930755615234375
0.008791923522949219
0.009215593338012695
0.011152505874633789
0.010343551635742188
0.009681463241577148
0.009264707565307617
0.008708715438842773
0.010062217712402344
0.010500431060791016
0.009856700897216797
0.027235031127929688
0.010321855545043945
0.010062694549560547
0.008504390716552734
0.010735511779785156
0.008885383605957031
0.009658336639404297
0.009312629699707031
0.009335041046142578
0.010640859603881836
0.008748292922973633
0.009348392486572266
0.009972572326660156
0.008789539337158203
0.010797500610351562
0.010078191757202148
0.009958028793334961
0.008708000183105469
0.010073423385620117
0.00943446159362793
0.010059118270874023
0.009069681167602539
0.008987903594970703
0.009446144104003906
0.008483409881591797
0.009563446044921875
0.010052204132080078
0.010463476181030273
0.008702993392944336
0.010063648223876953
0.010630369186401367
0.008951663970947266
0.009716987609863281
0.010543107986450195
0.008491754531860352
0.01003265380859375
0.010055780410766602
0.008248329162597656
0.009763479232788086
0.010049104690551758
0.009755134582519531
0.009014606475830078
0.008873701095581055
0.009443998336791992
0.010095357894897461
0.008956670761108398
0.01006317138671875
0.011572599411010742
0.009876012802124023
0.010730981826782227
0.009436607360839844
0.010584592819213867
0.008497238159179688
0.010102272033691406
0.007967710494995117
0.009376764297485352
0.008974075317382812
0.008810043334960938
0.008050203323364258
0.009261608123779297
0.010642528533935547
0.009337902069091797
0.007919549942016602
0.009959697723388672
0.009930133819580078
0.01009678840637207
0.008792400360107422
0.011240959167480469
0.010529041290283203
0.009840250015258789
0.010082244873046875
0.0100860595703125
0.01008915901184082
0.010096073150634766
0.009736061096191406
0.010704755783081055
0.010085821151733398
0.009761571884155273
0.01004338264465332
0.010049581527709961
0.010036945343017578
0.01005244255065918
0.009284734725952148
0.010034799575805664
0.010061264038085938
0.009730815887451172
0.009658336639404297
0.010039567947387695
0.009549379348754883
0.009516477584838867
0.010035514831542969
0.009104490280151367
0.010030269622802734
0.010144948959350586
0.008998394012451172
0.009124279022216797
0.008860588073730469
0.009443044662475586
0.010427474975585938
0.009624958038330078
0.009778738021850586
0.00972127914428711
0.009784698486328125
0.010087251663208008
0.009123563766479492
0.010299205780029297
0.009553670883178711
0.01007843017578125
0.010089635848999023
0.011347532272338867
0.010493755340576172
0.010837793350219727
0.010074377059936523
0.009932756423950195
0.010445356369018555
0.010105133056640625
0.011579275131225586
0.010088682174682617
0.008753776550292969
0.009514808654785156
0.009156465530395508
0.010077714920043945
0.01007533073425293
0.010692596435546875
0.008827924728393555
0.009913921356201172
0.008646488189697266
0.011150598526000977
0.010063886642456055
0.010111331939697266
0.009335756301879883
0.009763002395629883
0.008723258972167969
0.009339570999145508
0.010641098022460938
0.008214473724365234
0.011249542236328125
0.008632183074951172
0.010102510452270508
0.009958505630493164
0.010098457336425781
0.010087013244628906
0.008577346801757812
0.009327411651611328
0.00899505615234375
0.011890888214111328
0.01008749008178711
0.009964466094970703
0.010147333145141602
0.010181188583374023
0.010091781616210938
0.010111331939697266
0.010094404220581055
0.01096653938293457
0.011055469512939453
0.010789632797241211
0.011517763137817383
0.010121345520019531
0.00899505615234375
0.009393453598022461
0.00951695442199707
0.00926518440246582
0.008672475814819336
0.010067224502563477
0.011400222778320312
0.011282682418823242
0.010053157806396484
0.010088205337524414
0.011045217514038086
0.008454084396362305
0.009827136993408203
0.008900642395019531
0.009359598159790039
0.008080482482910156
0.008147239685058594
0.008689641952514648
0.010283708572387695
0.008917808532714844
0.009560346603393555
0.008496284484863281
0.009791851043701172
0.010092020034790039
0.011138916015625
0.009365320205688477
0.02800893783569336
0.00918436050415039
0.010053157806396484
0.007919549942016602
0.010045289993286133
0.007918357849121094
0.0101165771484375
0.00908803939819336
0.008128881454467773
0.009589433670043945
0.009378671646118164
0.008910894393920898
0.008330583572387695
0.008880138397216797
0.00974416732788086
0.008819818496704102
0.009179353713989258
0.010703802108764648
0.009641885757446289
0.009546756744384766
0.008683919906616211
0.011596441268920898
0.009627580642700195
0.008413314819335938
0.009249210357666016
0.00903177261352539
0.009257793426513672
0.008772134780883789
0.008563041687011719
0.009448528289794922
0.010326623916625977
0.008989810943603516
0.010084152221679688
0.010048627853393555
0.010198593139648438
0.009593725204467773
0.010637283325195312
0.00866389274597168
0.009149789810180664
0.009763479232788086
0.01010441780090332
0.008517742156982422
0.009248971939086914
0.008589506149291992
0.00863027572631836
0.010264396667480469
0.009878396987915039
0.00822138786315918
0.010157585144042969
0.009340286254882812
0.010192155838012695
0.010849237442016602
0.009777069091796875
0.009131193161010742
0.010085344314575195
0.009619951248168945
0.008929014205932617
0.009990215301513672
0.007917404174804688
0.008835077285766602
0.009414196014404297
0.01010584831237793
0.00916433334350586
0.008880853652954102
0.009372949600219727
0.010078668594360352
0.010335922241210938
0.008687973022460938
0.01001739501953125
0.009315013885498047
0.011601924896240234
0.008552789688110352
0.00833582878112793
0.009728431701660156
0.009382486343383789
0.009568214416503906
0.009327888488769531
0.009525775909423828
0.010112285614013672
0.008911609649658203
0.005256175994873047
0.00943446159362793
0.008716106414794922
0.009554147720336914
0.010093212127685547
0.008814573287963867
0.011646270751953125
0.00854635238647461
0.010100603103637695
0.011160135269165039
0.00968790054321289
0.008733034133911133
0.00896763801574707
0.010056495666503906
0.009361743927001953
0.008509397506713867
0.010528802871704102
0.00899505615234375
0.009670019149780273
0.00879359245300293
0.01061105728149414
0.009819269180297852
0.009294271469116211
0.00980520248413086
0.010073661804199219
0.009729146957397461
0.01002645492553711
0.009295463562011719
0.010062694549560547
0.01005244255065918
0.008951187133789062
0.008314132690429688
0.008534908294677734
0.010090112686157227
0.010119438171386719
0.010088205337524414
0.01004481315612793
0.00876927375793457
0.008262157440185547
0.010437250137329102
0.011073589324951172
0.010073184967041016
0.011199235916137695
0.010088443756103516
0.010936737060546875
0.009132862091064453
0.010480403900146484
0.010338306427001953
0.008045434951782227
0.009845256805419922
0.01013326644897461
0.010646581649780273
0.009799957275390625
0.0072515010833740234
0.005283832550048828
0.009316682815551758
0.00835418701171875
0.010547876358032227
0.010801553726196289
0.009011507034301758
0.010038614273071289
0.01177215576171875
0.00959014892578125
0.00838017463684082
0.009712457656860352
0.009128570556640625
0.009129047393798828
0.00905156135559082
0.010157108306884766
0.008844614028930664
0.009286880493164062
0.009756326675415039
0.010033607482910156
0.006535768508911133
0.007969379425048828
0.010486841201782227
0.010437965393066406
0.010514974594116211
0.009186267852783203
0.010410070419311523
0.009520530700683594
0.007987499237060547
0.005320549011230469
0.009321928024291992
0.010493040084838867
0.010489225387573242
0.010066986083984375
0.010278701782226562
0.010413885116577148
0.010406732559204102
0.010452032089233398
0.010480403900146484
0.009623289108276367
0.009909868240356445
0.010155677795410156
0.009815216064453125
0.010507345199584961
0.009937286376953125
0.010528802871704102
0.010466337203979492
0.010463953018188477
0.008774995803833008
0.010374784469604492
0.010298013687133789
0.009799480438232422
0.009676933288574219
0.01027226448059082
0.008767127990722656
0.009873151779174805
0.010236263275146484
0.010183572769165039
0.010449886322021484
0.010415315628051758
0.00975656509399414
0.009854793548583984
0.010128498077392578
0.01039743423461914
0.010414361953735352
0.010425806045532227
0.010421991348266602
0.010474443435668945
0.010435819625854492
0.010439395904541016
0.010478496551513672
0.009977579116821289
0.009508609771728516
0.010442733764648438
0.010510444641113281
0.010198116302490234
0.010428905487060547
0.010493993759155273
0.010399341583251953
0.009989261627197266
0.010518550872802734
0.009752750396728516
0.010204076766967773
0.01043558120727539
0.010426998138427734
0.010451555252075195
0.010399341583251953
0.010495185852050781
0.009987592697143555
0.010440826416015625
0.010366439819335938
0.01018214225769043
0.010423660278320312
0.010447502136230469
0.010269403457641602
0.010310649871826172
0.005277872085571289
0.010464668273925781
0.009766101837158203
0.009844779968261719
0.009881734848022461
0.010467290878295898
0.010422229766845703
0.009981393814086914
0.010172128677368164
0.010643243789672852
0.01052546501159668
0.010453224182128906
0.01046133041381836
0.010469913482666016
0.010444402694702148
0.010474443435668945
0.010423421859741211
0.010460615158081055
0.010461807250976562
0.010153532028198242
0.01032876968383789
0.010004281997680664
0.010275602340698242
0.010393619537353516
0.010510444641113281
0.01046133041381836
0.009800434112548828
0.009707450866699219
0.009514808654785156
0.010455846786499023
0.010156869888305664
0.010473251342773438
0.00998830795288086
0.009763240814208984
0.010442495346069336
0.010112524032592773
0.00996088981628418
0.010267019271850586
0.010329484939575195
0.009962081909179688
0.010108470916748047
0.010355472564697266
0.01017904281616211
0.010096073150634766
0.010188102722167969
0.01033473014831543
0.010447263717651367
0.010467290878295898
0.010468244552612305
0.009462356567382812
0.010283231735229492
0.010444164276123047
0.010529518127441406
0.010138273239135742
0.009465694427490234
0.010423898696899414
0.010272502899169922
0.010313749313354492
0.010166406631469727
0.010442972183227539
0.010450601577758789
0.010451555252075195
0.0096893310546875
0.009792327880859375
0.010247945785522461
0.009963274002075195
0.010602235794067383
0.010450601577758789
0.010439395904541016
0.010451078414916992
0.010467052459716797
0.010420799255371094
0.009599924087524414
0.010287046432495117
0.010057926177978516
0.01043081283569336
0.010422706604003906
0.009850263595581055
0.010447978973388672
0.010465145111083984
0.009524345397949219
0.01048135757446289
0.010487794876098633
0.010436534881591797
0.010459661483764648
0.010468006134033203
0.010292768478393555
0.01044011116027832
0.010484457015991211
0.010467290878295898
0.010155677795410156
0.009640693664550781
0.009811639785766602
0.010290861129760742
0.01042318344116211
0.010221242904663086
0.010639667510986328
0.010435104370117188
0.00996088981628418
0.010262250900268555
0.009711980819702148
0.00986933708190918
0.010079383850097656
0.010453462600708008
0.009547710418701172
0.009917497634887695
0.010155677795410156
0.010368824005126953
0.01047062873840332
0.009909629821777344
0.010300636291503906
0.010499715805053711
0.010152101516723633
0.010477066040039062
0.010041952133178711
0.010481595993041992
0.010283231735229492
0.01017618179321289
0.009768486022949219
0.010457754135131836
0.010308980941772461
0.010024547576904297
0.010090112686157227
0.010009527206420898
0.010182380676269531
0.010425090789794922
0.010430097579956055
0.010442256927490234
0.009833097457885742
0.009580373764038086
0.01042938232421875
0.010083198547363281
0.009398221969604492
0.010259389877319336
0.010472536087036133
0.01040029525756836
0.010423898696899414
0.009319543838500977
0.010280132293701172
0.010369300842285156
0.010242938995361328
0.009771108627319336
0.009731531143188477
0.010323047637939453
0.010377883911132812
0.009619712829589844
0.010090351104736328
0.00939035415649414
0.010408639907836914
0.010555505752563477
0.010460376739501953
0.010677337646484375
0.009730339050292969
0.010093212127685547
0.010438203811645508
0.009750843048095703
0.010057926177978516
0.009931802749633789
0.010271787643432617
0.010477542877197266
0.010735750198364258
0.01036214828491211
0.010470151901245117
0.010507583618164062
0.010492801666259766
0.01047825813293457
0.009406089782714844
0.010395050048828125
0.010504961013793945
0.010340690612792969
0.010516166687011719
0.009263277053833008
0.010515689849853516
0.009845256805419922
0.009496212005615234
0.009651422500610352
0.009247064590454102
0.009643077850341797
0.009504556655883789
0.010449886322021484
0.01042032241821289
0.010132789611816406
0.01007986068725586
0.010465145111083984
0.009512186050415039
0.010103225708007812
0.010148763656616211
0.01021885871887207
0.010300636291503906
0.010406732559204102
0.010362386703491211
0.010468006134033203
0.010343074798583984
0.010187387466430664
0.01027989387512207
0.010091543197631836
0.010163545608520508
0.009842157363891602
0.010458707809448242
0.010453462600708008
0.010442733764648438
0.010343551635742188
0.010415077209472656
0.010587692260742188
0.010418176651000977
0.01043701171875
0.01021265983581543
0.00969386100769043
0.010091543197631836
0.010468721389770508
0.010411500930786133
0.010335683822631836
0.010393619537353516
0.010420799255371094
0.010452032089233398
0.010473251342773438
0.0102996826171875
0.010429859161376953
0.010480403900146484
0.010738134384155273
0.009851217269897461
0.01045370101928711
0.010455131530761719
0.010481834411621094
0.01044917106628418
0.010486125946044922
0.010473012924194336
0.010438203811645508
0.010465621948242188
0.010282516479492188
0.010107994079589844
0.010303258895874023
0.010045528411865234
0.010472536087036133
0.010282516479492188
0.008299589157104492
0.009557723999023438
0.010224342346191406
0.010426521301269531
0.009629249572753906
0.00969076156616211
0.01043558120727539
0.010331153869628906
0.010424137115478516
0.01113438606262207
0.010095357894897461
0.010483980178833008
0.00973653793334961
0.009840965270996094
0.009694337844848633
0.010437488555908203
0.005341291427612305
0.010411739349365234
0.009089231491088867
0.010080575942993164
0.010025978088378906
0.010035037994384766
0.010269880294799805
0.010212421417236328
0.009540081024169922
0.010445356369018555
0.010427236557006836
0.010098457336425781
0.010456562042236328
0.01038980484008789
0.010448217391967773
0.011370658874511719
0.010435104370117188
0.010425567626953125
0.01043391227722168
0.010459184646606445
0.010474920272827148
0.010867834091186523
0.009517908096313477
0.009958028793334961
0.010198593139648438
0.010351181030273438
0.010171651840209961
0.010359048843383789
0.01015615463256836
0.010024547576904297
0.010499000549316406
0.00971221923828125
0.010499954223632812
0.01048135757446289
0.010367393493652344
0.010482072830200195
0.011578083038330078
0.010245084762573242
0.010430335998535156
0.009450435638427734
0.009562253952026367
0.010023355484008789
0.010123729705810547
0.010455846786499023
0.009664535522460938
0.010099649429321289
0.010421514511108398
0.010466814041137695
0.01005864143371582
0.010137796401977539
0.010500431060791016
0.010566949844360352
0.010509967803955078
0.010474920272827148
0.010450124740600586
0.010474443435668945
0.010777711868286133
0.009989023208618164
0.01038503646850586
0.010465145111083984
0.010450601577758789
0.010462284088134766
0.008297443389892578
0.00941014289855957
0.010221481323242188
0.01022648811340332
0.010463714599609375
0.010244131088256836
0.010455608367919922
0.010445356369018555
0.010436296463012695
0.010557413101196289
0.009429216384887695
0.010464668273925781
0.010437726974487305
0.01049494743347168
0.009574174880981445
0.010443687438964844
0.010395288467407227
0.010456323623657227
0.01049494743347168
0.009616613388061523
0.009791851043701172
0.010170698165893555
0.010286808013916016
0.009729146957397461
0.009966135025024414
0.010446786880493164
0.009313583374023438
0.010356426239013672
0.009790658950805664
0.010119199752807617
0.00996255874633789
0.010167598724365234
0.009981632232666016
0.010551691055297852
0.010493040084838867
0.01041865348815918
0.010426521301269531
0.009515762329101562
0.010541677474975586
0.010343551635742188
0.010143518447875977
0.010036945343017578
0.009959697723388672
0.010517120361328125
0.010434150695800781
0.010453224182128906
0.010465860366821289
0.010475873947143555
0.010549783706665039
0.010453224182128906
0.010475873947143555
0.010393381118774414
0.009463787078857422
0.010498523712158203
0.010492801666259766
0.01049351692199707
0.010298967361450195
0.01041412353515625
0.01051950454711914
0.010506153106689453
0.010481834411621094
0.010490655899047852
0.010485649108886719
0.010483741760253906
0.010271310806274414
0.010282516479492188
0.009593486785888672
0.009203910827636719
0.010445356369018555
0.010404825210571289
0.01045680046081543
0.010421037673950195
0.010439395904541016
0.009614706039428711
0.010401010513305664
0.00935673713684082
0.009284496307373047
0.00971841812133789
0.010238885879516602
0.009150505065917969
0.00969076156616211
0.00989222526550293
0.01055765151977539
0.009571075439453125
0.010292530059814453
0.009757280349731445
0.00962209701538086
0.009922266006469727
0.009581565856933594
0.010161399841308594
0.010108232498168945
0.010379791259765625
0.010434627532958984
0.010311603546142578
0.010457992553710938
0.011108636856079102
0.010467052459716797
0.010039806365966797
0.010089635848999023
0.009779691696166992
0.00979924201965332
0.009997844696044922
0.010216712951660156
0.010454177856445312
0.01038050651550293
0.009763956069946289
0.009500265121459961
0.010499715805053711
0.009685516357421875
0.010475635528564453
0.010445594787597656
0.010177850723266602
0.010085582733154297
0.010925769805908203
0.009707212448120117
0.01043844223022461
0.008970975875854492
0.00994420051574707
0.0105438232421875
0.010175704956054688
0.00949859619140625
0.007940292358398438
0.01043844223022461
0.010429859161376953
0.010488033294677734
0.010479450225830078
0.010493278503417969
0.010459661483764648
0.010509252548217773
0.010509252548217773
0.009575843811035156
0.009168386459350586
0.010500669479370117
0.010310173034667969
0.009742975234985352
0.010395288467407227
0.010360956192016602
0.010431528091430664
0.01004338264465332
0.009261846542358398
0.009425640106201172
0.009911060333251953
0.009559869766235352
0.009234905242919922
0.009581804275512695
0.00986027717590332
0.009821653366088867
0.009482860565185547
0.01044154167175293
0.010465621948242188
0.010312318801879883
0.011179924011230469
0.010463476181030273
0.010330677032470703
0.010190248489379883
0.010463237762451172
0.00921773910522461
0.009878158569335938
0.010421276092529297
0.010488748550415039
0.010423660278320312
0.010436058044433594
0.010061979293823242
0.010240793228149414
0.010319948196411133
0.01015615463256836
0.00994563102722168
0.009714126586914062
0.009712457656860352
0.01020956039428711
0.010071277618408203
0.01004934310913086
0.01014852523803711
0.011362314224243164
0.009880542755126953
0.010013580322265625
0.010045051574707031
0.00979924201965332
0.009957551956176758
0.009966611862182617
0.009352684020996094
0.010056734085083008
0.010401010513305664
0.010066986083984375
0.008600950241088867
0.010027170181274414
0.008822441101074219
0.009330987930297852
0.01039886474609375
0.009894847869873047
0.010093212127685547
0.010047197341918945
0.01001119613647461
0.009113311767578125
0.010022163391113281
0.009009838104248047
0.011266946792602539
0.009737968444824219
0.009578466415405273
0.009998083114624023
0.008452415466308594
0.010001659393310547
0.01009821891784668
0.008692741394042969
0.010927200317382812
0.009019613265991211
0.00906682014465332
0.009435415267944336
0.00968170166015625
0.01003575325012207
0.01007533073425293
0.009947538375854492
0.009985923767089844
0.008852481842041016
0.008965015411376953
0.010084390640258789
0.009916305541992188
0.009801626205444336
0.008809566497802734
0.00953221321105957
0.008852243423461914
0.010069847106933594
0.009379386901855469
0.010094642639160156
0.009193658828735352
0.008699893951416016
0.00965571403503418
0.008701562881469727
0.00802755355834961
0.009940624237060547
0.010057210922241211
0.009435653686523438
0.010046720504760742
0.008944988250732422
0.010787487030029297
0.00852203369140625
0.007945537567138672
0.007984161376953125
0.008902549743652344
0.009734630584716797
0.00947260856628418
0.010209321975708008
0.00941157341003418
0.010059118270874023
0.009299993515014648
0.010853290557861328
0.009325981140136719
0.00942087173461914
0.009877443313598633
0.009766578674316406
0.010084390640258789
0.010067224502563477
0.009483098983764648
0.010008096694946289
0.009856700897216797
0.008890628814697266
0.009123563766479492
0.010986566543579102
0.008135318756103516
0.008802175521850586
0.008862495422363281
0.009423255920410156
0.009859561920166016
0.009188175201416016
0.010132551193237305
0.008363723754882812
0.00823354721069336
0.009882211685180664
0.010059118270874023
0.00947260856628418
0.010707616806030273
0.008580446243286133
0.01003885269165039
0.008693695068359375
0.007970571517944336
0.008760452270507812
0.008830785751342773
0.010048151016235352
0.01028299331665039
0.009917497634887695
0.009715557098388672
0.008649110794067383
0.011315584182739258
0.010339498519897461
0.010081768035888672
0.01003885269165039
0.009276151657104492
0.008832216262817383
0.008850812911987305
0.010295391082763672
0.010133981704711914
0.008287906646728516
0.008644819259643555
0.009293317794799805
0.010011911392211914
0.010181188583374023
0.010070085525512695
0.00942850112915039
0.009596824645996094
0.010080337524414062
0.011346817016601562
0.009735107421875
0.008644580841064453
0.010080337524414062
0.010057210922241211
0.008577823638916016
0.008701086044311523
0.009743690490722656
0.010107994079589844
0.010070562362670898
0.011291265487670898
0.011850833892822266
0.010009765625
0.00992894172668457
0.008453607559204102
0.010230302810668945
0.010066747665405273
0.00987100601196289
0.00990605354309082
0.008971214294433594
0.010813236236572266
0.009320259094238281
0.009196758270263672
0.011094093322753906
0.010509252548217773
0.010063409805297852
0.010267972946166992
0.00854635238647461
0.009421586990356445
0.0113525390625
0.010090351104736328
0.009264230728149414
0.00925898551940918
0.008335351943969727
0.009224653244018555
0.009272336959838867
0.008943319320678711
0.011462211608886719
0.00982046127319336
0.010102987289428711
0.009306907653808594
0.008946657180786133
0.010082244873046875
0.007922649383544922
0.018423080444335938
0.008796453475952148
0.0088043212890625
0.009687423706054688
0.009936809539794922
0.00857400894165039
0.010050296783447266
0.009414911270141602
0.021422147750854492
0.009679317474365234
0.009479999542236328
0.009041547775268555
0.008690357208251953
0.010109663009643555
0.009844303131103516
0.010112524032592773
0.01025390625
0.009831905364990234
0.009129524230957031
0.009676933288574219
0.009708404541015625
0.010116338729858398
0.008672714233398438
0.010083913803100586
0.010093212127685547
0.009729146957397461
0.009505271911621094
0.009412765502929688
0.009954690933227539
0.008888721466064453
0.010171890258789062
0.010162353515625
0.009852409362792969
0.010095834732055664
0.0103607177734375
0.008585691452026367
0.007941961288452148
0.010416746139526367
0.007941484451293945
0.008836507797241211
0.010068893432617188
0.010123491287231445
0.007914066314697266
0.009608268737792969
0.007661342620849609
0.07015490531921387
0.008638143539428711
0.011693716049194336
0.009654521942138672
0.009523630142211914
0.010041236877441406
0.010082721710205078
0.010118484497070312
0.0098724365234375
0.010093450546264648
0.009327173233032227
0.009309768676757812
0.009276390075683594
0.010107040405273438
0.009521722793579102
0.009525537490844727
0.009550094604492188
0.009384870529174805
0.008847713470458984
0.010065317153930664
0.010047674179077148
0.010761260986328125
0.010086774826049805
0.010071516036987305
0.009976625442504883
0.009168386459350586
0.009860038757324219
0.009019613265991211
0.009763002395629883
0.009315013885498047
0.008864879608154297
0.009106636047363281
0.010038375854492188
0.008567333221435547
0.008632898330688477
0.010052919387817383
0.009794950485229492
0.009054899215698242
0.009853601455688477
0.0100555419921875
0.008942365646362305
0.009857416152954102
0.010154485702514648
0.00833582878112793
0.009253263473510742
0.009284734725952148
0.009891986846923828
0.00892496109008789
0.00938558578491211
0.009799003601074219
0.010094881057739258
0.010025739669799805
0.00940847396850586
0.010193824768066406
0.009697198867797852
0.009548664093017578
0.009208440780639648
0.008423089981079102
0.00982213020324707
0.009060859680175781
0.010113954544067383
0.00993657112121582
0.009465217590332031
0.009082794189453125
0.008675336837768555
0.009145021438598633
0.009452104568481445
0.009982585906982422
0.009802818298339844
0.009625673294067383
0.009309053421020508
0.009242773056030273
0.00926065444946289
0.009033441543579102
0.009520530700683594
0.010061025619506836
0.009170770645141602
0.009821176528930664
0.008819341659545898
0.010003805160522461
0.009613513946533203
0.009111642837524414
0.009906291961669922
0.009427547454833984
0.010151147842407227
0.009431600570678711
0.010053157806396484
0.010015249252319336
0.009471654891967773
0.009247303009033203
0.009821653366088867
0.010009527206420898
0.009145021438598633
0.009971141815185547
0.010036468505859375
0.009461641311645508
0.009315252304077148
0.009311676025390625
0.009924888610839844
0.011475801467895508
0.00919795036315918
0.009219646453857422
0.009504556655883789
0.010081291198730469
0.008775949478149414
0.008453130722045898
0.009268999099731445
0.009668111801147461
0.010148763656616211
0.010107755661010742
0.008896589279174805
0.00893402099609375
0.009574413299560547
0.010104894638061523
0.005351066589355469
0.009203910827636719
0.007906913757324219
0.01008296012878418
0.011113166809082031
0.008770465850830078
0.008603096008300781
0.00980377197265625
0.0079498291015625
0.01015472412109375
0.007932662963867188
0.010113954544067383
0.008301258087158203
0.010070323944091797
0.010092020034790039
0.007933378219604492
0.010895490646362305
0.00881052017211914
0.010095596313476562
0.010081291198730469
0.026681184768676758
0.010234832763671875
0.01004338264465332
0.009900808334350586
0.009780645370483398
0.009047269821166992
0.010086774826049805
0.009228944778442383
0.009361982345581055
0.009794473648071289
0.00946807861328125
0.008888721466064453
0.008498191833496094
0.009377717971801758
0.010089874267578125
0.009698629379272461
0.01012277603149414
0.008942842483520508
0.00904703140258789
0.010132551193237305
0.008836984634399414
0.007980585098266602
0.009274005889892578
0.01006317138671875
0.011592388153076172
0.008829593658447266
0.009549140930175781
0.009565591812133789
0.009987592697143555
0.008672714233398438
0.009499311447143555
0.009626150131225586
0.008811473846435547
0.008682489395141602
0.00910806655883789
0.009562492370605469
0.008524656295776367
0.009286880493164062
0.009199142456054688
0.009918689727783203
0.009973526000976562
0.010045289993286133
0.00984644889831543
0.00933694839477539
0.011265277862548828
0.008730649948120117
0.01005697250366211
0.009252548217773438
0.010038137435913086
0.008715152740478516
0.008996963500976562
0.010032176971435547
0.009149312973022461
0.009132623672485352
0.008516788482666016
0.008580207824707031
0.008562326431274414
0.008591175079345703
0.008562564849853516
0.00853419303894043
0.005265474319458008
0.009877681732177734
0.010398387908935547
0.010092973709106445
0.010471820831298828
0.010473966598510742
0.01049947738647461
0.009777545928955078
0.009553670883178711
0.010462045669555664
0.010503768920898438
0.010506391525268555
0.010284185409545898
0.009369850158691406
0.010273456573486328
0.009501218795776367
0.009917020797729492
0.009831905364990234
0.009766340255737305
0.010481834411621094
0.010462284088134766
0.010030746459960938
0.010512590408325195
0.009923934936523438
0.009504556655883789
0.010495901107788086
0.010463714599609375
0.009516477584838867
0.009933233261108398
0.010212182998657227
0.009555339813232422
0.009848356246948242
0.009458541870117188
0.010196208953857422
0.009679794311523438
0.00979304313659668
0.009911537170410156
0.010471343994140625
0.009900331497192383
0.00963592529296875
0.010436773300170898
0.01048898696899414
0.009858369827270508
0.009927988052368164
0.009984493255615234
0.009739398956298828
0.010209798812866211
0.010294198989868164
0.01034092903137207
0.01049494743347168
0.010544300079345703
0.010355234146118164
0.01011514663696289
0.010515451431274414
0.009709358215332031
0.010181188583374023
0.009830713272094727
0.010564565658569336
0.009855508804321289
0.009325265884399414
0.010334968566894531
0.009856939315795898
0.010546207427978516
0.009411811828613281
0.009845733642578125
0.010489940643310547
0.010579824447631836
0.00954747200012207
0.010360240936279297
0.010504722595214844
0.010504961013793945
0.010488033294677734
0.010182619094848633
