1 1.8152782917022705 24.80760833437305
2 3.8188812732696533 23.5908833
4 5.823066711425781 23.600972192379764
5 7.826776504516602 23.723792618453864
7 9.831461191177368 23.682948970679977
8 11.83519196510315 23.819806800000002
10 13.838998794555664 23.55431820224719
11 15.843401908874512 23.311192627646328
12 17.84747052192688 23.926626351183064
14 19.851447105407715 23.579245271705183
15 21.854947090148926 24.023285346658337
17 23.858938694000244 23.7961138
18 25.86328673362732 23.311593462258266
20 27.867647886276245 23.09403787897692
21 29.87228751182556 23.7385444
23 31.876240015029907 23.353146749844043
24 33.879884243011475 23.343418769422
26 35.8837366104126 23.564427765293384
27 37.88766813278198 23.404299900497513
29 39.89118266105652 23.43349429638854
30 41.894519329071045 23.216497877652934
32 43.8979766368866 23.74525684341859
33 45.90242600440979 23.521125303314573
34 47.90606141090393 23.515872879450345
36 49.91035771369934 23.63080510638298
37 51.91413927078247 23.419823042394015
39 53.9174427986145 23.500386351183064
40 55.92150568962097 23.71074842892768
42 57.92550253868103 23.628370646766168
43 59.92951774597168 23.737421956386292
45 61.93389296531677 23.414975302180686
46 63.93769288063049 23.437206820161794
48 65.94193577766418 23.5550852022402
49 67.94557571411133 23.584908696194635
51 69.94954943656921 23.06061368224299
52 71.95364165306091 23.53539511221945
53 73.95773100852966 23.929282994385527
55 75.9620668888092 23.569300461634434
56 77.96614122390747 23.31644985651903
58 79.97023129463196 23.382817313432835
59 81.97417211532593 23.80058016179216
61 83.97787189483643 23.81455720349563
62 85.98181533813477 23.64069462686567
64 87.98534750938416 23.335507738317755
65 89.98875689506531 23.478646146158653
67 91.9924201965332 23.010327082294264
68 93.996426820755 23.210892959501557
70 96.00150561332703 23.619056957605984
71 98.00555610656738 23.6986389
72 100.00954461097717 23.818668464419478
74 102.013507604599 23.5725148
75 104.0173568725586 23.426190286425904
77 106.02123665809631 23.067277859365277
78 108.02505850791931 23.4924091
80 110.02828454971313 23.814175540287323
81 112.03142094612122 23.714202
83 114.03520131111145 23.17174449844237
84 116.03920698165894 23.650767041198502
86 118.04309368133545 23.59820352279825
87 120.0470781326294 23.852991718946047
89 122.05076169967651 24.4046668
90 124.05452179908752 23.83584359550562
91 126.05831050872803 24.02946933667084
93 128.0630078315735 22.82376749844817
94 130.0683135986328 23.381190955652716
96 132.07225918769836 23.878473154278577
97 134.07509779930115 23.5671693
99 136.0792772769928 23.85124398246713
100 138.08308577537537 23.603209494066206
102 140.0874764919281 23.7962125
103 142.0913143157959 23.54498142678348
105 144.09576559066772 23.88082149253731
106 146.09926629066467 23.67211501246883
108 148.10337376594543 22.98552775484678
109 150.10710263252258 23.78224540337711
111 152.11119103431702 23.083795755305868
112 154.1152286529541 23.7184552309613
113 156.1192445755005 23.728949220212105
115 158.12322068214417 23.407782316313824
116 160.1282958984375 23.574714713216956
118 162.1315951347351 23.246617349097697
119 164.13533878326416 23.335207633209418
121 166.1398606300354 23.541897071960296
122 168.14306330680847 24.056635897435896
124 170.14786410331726 23.8084901682243
125 172.15061926841736 23.830527338760174
127 174.15499424934387 23.556558951965066
128 176.158607006073 23.798458626716602
130 178.16234636306763 23.630187732667082
131 180.16650080680847 23.25016432029795
132 182.1705470085144 23.595482876798
134 184.17442631721497 23.669282691588787
135 186.17810583114624 23.2675774563591
137 188.18186974525452 24.659119900744418
138 190.18573117256165 25.08566222775358
140 192.18999481201172 23.134274029850747
141 194.1945059299469 25.021722358783364
143 196.19846844673157 23.17701263420724
144 198.2021930217743 25.16531870646766
146 200.206316947937 23.871654064837905
147 202.21001386642456 23.650711138767893
148 204.21348690986633 23.421594613466333
150 206.21710562705994 23.075808977556107
151 208.22098517417908 23.32007018068536
153 210.22518706321716 23.273738540237055
154 212.22905683517456 23.633135352024922
156 214.23325943946838 23.803812668329176
157 216.23727369308472 23.456209407361197
159 218.24121761322021 23.505172206339342
160 220.2449655532837 23.427283395755303
162 222.24872064590454 23.83773941286696
163 224.25202345848083 23.60711076731129
165 226.25564432144165 23.19136458852868
166 228.258802652359 23.42472824484697
168 230.26277136802673 23.506476604244693
169 232.26711630821228 23.602722392523365
170 234.2707929611206 23.62514756554307
172 236.27447724342346 23.55091880299252
173 238.2783658504486 23.619641795511225
175 240.28264784812927 23.6429407
176 242.28597807884216 24.2335530931677
178 244.2899284362793 25.247775580524344
179 246.2937638759613 23.528494073611977
181 248.2977638244629 23.27557399875234
182 250.30156683921814 23.48067495630462
184 252.30569767951965 23.4193183
185 254.30943703651428 23.812063920099874
187 256.3131284713745 23.357674474175482
188 258.3169038295746 23.638792763568308
189 260.32115364074707 23.10191910056215
191 262.3255407810211 23.387376548286603
192 264.329430103302 23.861554029850744
194 266.33413648605347 23.56567337071651
195 268.33850026130676 23.53237665214686
197 270.3423361778259 23.58584179551122
198 272.34654688835144 24.131875180124222
200 274.3506226539612 24.46521945137157
201 276.3545491695404 23.07349393034826
203 278.3582422733307 24.056218326100435
204 280.36220598220825 23.561717206982543
206 282.36572098731995 24.658483970223326
207 284.3693997859955 23.183328099378883
208 286.3728337287903 23.5206046882793
210 288.3763675689697 23.522951421446383
211 290.3803837299347 23.211351915159074
213 292.38585805892944 23.545728099688475
214 294.38947200775146 23.680018699999998
216 296.39337968826294 23.26201536159601
217 298.3971755504608 23.627114520547945
219 300.4011833667755 23.012256119402984
220 302.40569972991943 23.366917676452218
222 304.4083786010742 23.394377727840197
223 306.4122347831726 23.631871800000003
225 308.4158868789673 22.910718900687073
226 310.41985964775085 23.8208387788162
227 312.4236330986023 23.780030999999997
229 314.4272491931915 23.440593800000002
230 316.4314866065979 23.49677464753587
232 318.43538522720337 23.487068646288208
233 320.43954634666443 23.39095436057392
235 322.4434084892273 23.69482882389546
236 324.44743061065674 23.13576339575531
238 326.4523775577545 23.61961088639201
239 328.45710015296936 23.419454187927816
241 330.4607985019684 23.3290428
242 332.4643220901489 24.011812568578552
244 334.4683983325958 23.75761603985056
245 336.4722442626953 24.66202048598131
246 338.4760699272156 23.763056968184653
248 340.47969341278076 23.94284586400499
249 342.4828200340271 23.890070206121177
251 344.48683524131775 23.023715599751398
252 346.49063086509705 23.520479501867992
254 348.494877576828 23.78872289276808
255 350.49886775016785 23.837437110834372
257 352.5038261413574 23.277084222361026
258 354.5069673061371 23.480829887920297
260 356.51080775260925 23.615278652526513
261 358.5150628089905 23.9285776
263 360.51940727233887 23.496744204616345
264 362.5233600139618 23.329359350405994
266 364.52747869491577 23.678245892634205
267 366.5314521789551 23.18597320024953
268 368.53575706481934 23.289531914893615
270 370.53915762901306 23.367520698689955
271 372.5429337024689 23.507100087336244
273 374.54641914367676 23.552575181023723
274 376.55037569999695 23.506092991880077
276 378.55389499664307 23.829461931464174
277 380.55806279182434 23.489481322520277
279 382.5618784427643 23.700502
280 384.56611609458923 23.740719601494394
282 386.5702338218689 23.592572893590543
283 388.5741374492645 23.894009999999998
285 390.579039812088 23.722377114303562
286 392.5829277038574 23.809870730793254
287 394.5870146751404 23.8348628
289 396.5904564857483 23.45210593379138
290 398.593953371048 23.31605216739538
292 400.59821796417236 23.523047990012486
293 402.6018977165222 23.5516293
295 404.6056442260742 23.38567701120797
296 406.6094172000885 23.684243335407594
298 408.61311888694763 23.50535601494396
299 410.61778354644775 23.678696185115697
300 412.6208670139313 0.1528019975031211
300 414.62498450279236 0.14780102435977516
300 416.6287589073181 0.17072069956277325
300 418.6327805519104 0.16152114928169894
300 420.6366517543793 0.16248841051314142
300 422.64154028892517 0.1998543820224719
300 424.64543437957764 0.16199375390381013
300 426.64896154403687 0.1592017
300 428.653288602829 0.16611774718397998
300 430.65725922584534 0.1641619
300 432.6611137390137 0.15986597014925374
300 434.66474533081055 0.15803064676616915
300 436.66870164871216 0.1600597506234414
300 438.6723647117615 0.162096110068793
300 440.67618465423584 0.16118529999999998
300 442.6797425746918 0.1658691
300 444.68351888656616 0.33960090000000004
300 446.6871955394745 0.16181833646028768
300 448.69090938568115 0.1614116531503431
300 450.694531917572 0.1641654033771107
300 452.69847989082336 0.16170956304619225
300 454.7032473087311 0.16384509681449094
300 456.7065885066986 0.1603918898623279
300 458.71079182624817 0.15984550343964976
300 460.7142963409424 0.16247414634146343
300 462.7180881500244 0.16109496259351622
300 464.72196412086487 0.1544780024968789
300 466.7258996963501 0.1497289388264669
300 468.7294638156891 0.15030232209737826
300 470.7337200641632 0.1316988881948782
300 472.73735904693604 0.14566010000000001
300 474.7412414550781 0.15939653150343105
300 476.7450304031372 0.15298014962593517
300 478.7482421398163 0.13015324577861162
300 480.75203108787537 0.1322635942391985
300 482.7557942867279 0.1313071669793621
300 484.7600257396698 0.13552470882905449
300 486.7645649909973 0.13496809999999998
300 488.76875710487366 0.15920528678304238
300 490.7725806236267 0.13347975031210985
300 492.77619886398315 0.13441937578027466
300 494.7799949645996 0.1489214241099313
300 496.7838339805603 0.13649232310582343
300 498.7872886657715 0.1349878326046221
300 500.7910671234131 0.14426054862842894
300 502.79455947875977 0.13369388264669163
300 504.79798889160156 0.14017188514357054
300 506.80197405815125 0.1563997501561524
300 508.80588245391846 0.16120885553470918
300 510.80972695350647 0.15961374141161774
300 512.8133935928345 0.16192169787765293
300 514.8173091411591 0.17904827414330218
300 516.8207199573517 0.16006404002501562
300 518.8244135379791 0.15936739537788883
300 520.8292586803436 0.16113180737961227
300 522.8333613872528 0.16081467248908296
300 524.8367948532104 0.1586234
300 526.8406074047089 0.16313114303560275
300 528.8443129062653 0.15770933166770768
300 530.8481268882751 0.15906041275797372
300 532.8516068458557 0.1620669918699187
300 534.8556265830994 0.16258948157401623
300 536.8593320846558 0.15875465667915106
300 538.8628616333008 0.16042660012476606
300 540.8665959835052 0.10619112219451372
300 542.8703646659851 0.16015250936329586
300 544.8735988140106 0.15799775140537164
300 546.8770658969879 0.1634605742821473
300 548.8808047771454 0.16066508432229856
300 550.8840065002441 0.16142839274546592
300 552.8886387348175 0.17817072988147223
300 554.8925247192383 0.15550861423220974
300 556.8965156078339 0.1364817988757027
300 558.8999578952789 0.13616420262664164
300 560.903687953949 0.1407332833957553
300 562.9070241451263 0.13138038725796378
300 564.9110803604126 0.13416325203252033
300 566.9146296977997 0.14378436522826768
300 568.9183094501495 0.13426898188632105
300 570.9220290184021 0.1362536414740787
300 572.925806760788 0.13107497813866334
300 574.9294166564941 0.15727461010605115
300 576.9331390857697 0.1332125265127885
300 578.936624288559 0.1346645
300 580.9403343200684 0.1343005378361476
300 582.9440069198608 0.13685051058530512
300 584.9483964443207 0.13652866958151155
300 586.9524486064911 0.15500202373516553
300 588.9558460712433 0.13462855715178015
300 590.9597163200378 0.1330585152838428
300 592.9633626937866 0.13221163862928348
300 594.9672725200653 0.15211573831775702
300 596.9712524414062 0.14277559575795384
300 598.9749381542206 0.13233609999999998
300 600.9786374568939 0.13636896120150188
300 602.9821164608002 0.14486415990006246
300 604.985821723938 0.1371350811485643
300 606.9895634651184 0.1524018511569731
300 608.9930477142334 0.14057409404388715
300 610.9961488246918 0.1353628
300 612.9994354248047 0.13736025015634773
300 615.0027387142181 0.1423179
300 617.0063369274139 0.13941050530255772
300 619.0097498893738 0.13692684144818976
300 621.0133848190308 0.13811630922693266
300 623.0170524120331 0.14260425531914894
300 625.020777463913 0.15151259537210757
300 627.0243740081787 0.15639639549436796
300 629.0285506248474 0.16359879849812264
300 631.0324668884277 0.16103043206011272
300 633.0361568927765 0.1592160100062539
300 635.039510011673 0.16553455909943715
300 637.0426859855652 0.1614027
300 639.0463716983795 0.15851955056179776
300 641.0497124195099 0.15837978736710445
300 643.0535025596619 0.1593739390168015
300 645.0568058490753 0.16255509079524108
300 647.0607106685638 0.16008776455854729
300 649.0640993118286 0.16042296435272047
300 651.0690307617188 0.1669061326658323
300 653.0723605155945 0.1598311724137931
300 655.075820684433 0.15929952440550688
300 657.0794203281403 0.15898352941176472
300 659.0829501152039 0.1137092
300 661.086580991745 0.1621644055068836
300 663.0900435447693 0.15992155096935584
300 665.0940299034119 0.16313503759398498
300 667.097282409668 0.16153789999999998
300 669.1011281013489 0.16181520350657483
300 671.104574918747 0.1628574
300 673.1081812381744 0.16244558547276144
300 675.1114349365234 0.1606532
300 677.1161377429962 0.16933129618033813
300 679.1196174621582 0.16305187032418952
300 681.1232259273529 0.1613932584269663
300 683.1266484260559 0.16310805746408494
300 685.1314566135406 0.1608733917396746
300 687.1347861289978 0.1326447
300 689.1386833190918 0.16139525593008738
300 691.1421852111816 0.1638775296319401
300 693.1458740234375 0.16024445278298938
300 695.1492972373962 0.15979535580524343
300 697.1526844501495 0.1602545181476846
300 699.1562259197235 0.16402401500938085
300 701.1596577167511 0.1372293
300 703.1631817817688 0.1582958
300 705.1666281223297 0.15674923173016864
300 707.1703946590424 0.18069853658536583
300 709.1737775802612 0.16005713570981864
300 711.1774234771729 0.15831940074906367
300 713.180935382843 0.16484200000000002
300 715.1849484443665 0.18212897755610974
300 717.1884746551514 0.16652828017510946
300 719.1929783821106 0.15958229999999998
300 721.1961779594421 0.1633964772017489
300 723.1997768878937 0.16321119300437226
300 725.2032361030579 0.15851767935121647
300 727.207065820694 0.1575324266999376
300 729.2112431526184 0.16077982521847692
300 731.2148821353912 0.1341227732667083
300 733.2185628414154 0.15773902621722846
300 735.221914768219 0.15982101186758277
300 737.2257256507874 0.16116382739212007
300 739.2290391921997 0.16000339575530587
300 741.2324590682983 0.18172714107365795
300 743.2360138893127 0.16327784596117723
300 745.2394552230835 0.15905423558897241
300 747.2432663440704 0.158945
300 749.2467517852783 0.16026846779237022
300 751.2516694068909 0.16321295950155762
300 753.255485534668 0.16168339575530585
300 755.2592310905457 0.1586515710723192
300 757.2631254196167 0.16243122194513715
300 759.26722407341 0.1369136420525657
300 761.270988702774 0.13242140985651904
300 763.2745232582092 0.13049388923459862
300 765.2791984081268 0.1399145601996257
300 767.2828335762024 0.15425350844277674
300 769.2863459587097 0.1532152808988764
300 771.2896945476532 0.13776429731417864
300 773.2933344841003 0.14002886392009986
300 775.2966933250427 0.1375953058676654
300 777.2999119758606 0.1354769077306733
300 779.3032727241516 0.13925742821473158
300 781.307049036026 0.13872459712679577
300 783.3105704784393 0.13737770000000002
300 785.3145339488983 0.1450009
300 787.3179521560669 0.1510747696139477
300 789.3214089870453 0.1345894631710362
300 791.3245613574982 0.13969110694183864
300 793.3277337551117 0.13784649999999998
300 795.3307194709778 0.1369038
300 797.3344271183014 0.14342333958724202
300 799.3381009101868 0.1580805
300 801.3419871330261 0.15791050593379138
300 803.3455266952515 0.14309835411471322
300 805.3487882614136 0.1420120698254364
300 807.3524765968323 0.15606904315196998
300 809.3558242321014 0.1422736210131332
300 811.3596067428589 0.1390448
300 813.3631439208984 0.14138183635227983
