0 1.1123554706573486 39.270413848069744
1 3.116621971130371 40.072676
2 5.120293617248535 40.003498753117206
2 7.124140501022339 39.8920202241594
3 9.128722190856934 39.81498073703935
4 11.132644176483154 39.92952601615911
5 13.136629343032837 39.93560438902743
5 15.140444278717041 39.82377309271935
6 17.144245862960815 39.936801195516814
7 19.147864818572998 39.648383441396504
8 21.151658296585083 39.98534085767558
9 23.15568971633911 39.92727940372671
9 25.159393310546875 40.0135695
10 27.162967443466187 40.595833195747346
11 29.167582750320435 40.278702111180515
12 31.171393394470215 39.797168747663555
13 33.17528510093689 40.17371080745342
13 35.17888617515564 39.793255163883735
14 37.18325686454773 39.640350291744255
15 39.18704342842102 40.62320199128811
16 41.190611600875854 39.93474500622665
17 43.19458842277527 40.11345432835821
17 45.19850158691406 40.14207810355583
18 47.20270347595215 40.15890849315068
19 49.20648217201233 40.28596565732087
20 51.210633277893066 40.26093534622583
21 53.21532464027405 40.15035432854466
21 55.21816062927246 39.73546099009901
22 57.22191119194031 39.84547695380774
23 59.22538495063782 39.95324475420038
24 61.22936797142029 40.06190104738155
25 63.23459792137146 40.18619962709757
25 65.2382435798645 40.22508648379052
26 67.24221777915955 39.43296496585971
27 69.24543190002441 39.308899900497515
28 71.24923706054688 39.69757638524077
29 73.25303101539612 39.886108682073704
29 75.25724720954895 39.78874716325264
30 77.26101589202881 40.2013456641604
31 79.26488065719604 39.59445812734083
32 81.2684690952301 39.66674029850746
33 83.27252674102783 39.70609965260546
33 85.27657127380371 39.467740559353636
34 87.2809054851532 39.90648844472205
35 89.28421759605408 40.08383013084112
36 91.28800964355469 40.6712866708464
37 93.29206609725952 39.755290049751245
37 95.29602336883545 39.80744930927194
38 97.30066394805908 40.2683634085213
39 99.30430364608765 40.00305421777222
40 101.30824661254883 40.0305853
41 103.31222867965698 40.268936857855365
41 105.31643557548523 39.992119526479755
42 107.32001948356628 40.30054398003743
43 109.32395315170288 39.94164781035558
44 111.32787084579468 39.67072806973848
45 113.33213877677917 39.95607596261682
45 115.33607530593872 39.78532986232791
46 117.34026980400085 40.17032528678304
47 119.34408736228943 39.56176568224299
48 121.34782028198242 39.29234556803995
49 123.35191559791565 39.935379502487564
49 125.35559606552124 39.95723228945727
50 127.35956907272339 39.91111081148564
51 129.36319947242737 40.55899116104869
52 131.36779761314392 39.54417320825516
53 133.3717839717865 40.25622489440994
53 135.3757781982422 40.281780731556104
54 137.3795759677887 39.97708154420921
55 139.3833291530609 39.428992337259764
56 141.38732767105103 39.66675535692117
57 143.39096450805664 40.22121115815691
57 145.3948700428009 40.19655385384135
58 147.39832019805908 40.1367274906367
59 149.4021246433258 39.868771706102116
60 151.40570521354675 40.57973083645443
61 153.40915250778198 39.76420918481643
61 155.41303658485413 40.18150168434186
62 157.4165976047516 40.03533573033708
63 159.42037177085876 39.90836785046729
64 161.423903465271 40.129839601494396
65 163.42742228507996 39.90090699937617
65 165.4322166442871 39.8450087
66 167.4359631538391 39.78130251556662
67 169.43983459472656 39.690098186335405
68 171.44367289543152 41.168333525360055
69 173.447340965271 40.03251698442368
69 175.45140886306763 40.28430792264504
70 177.45523285865784 40.121158080996885
71 179.45934414863586 39.58563339130435
72 181.4631688594818 39.66696275171982
73 183.46706986427307 39.70481165628892
73 185.47072100639343 40.33121931549471
74 187.47518515586853 39.923916019900496
75 189.47927260398865 40.09236772104608
76 191.48310017585754 39.8525513661884
77 193.48699736595154 40.25751885358255
77 195.49127793312073 40.42904613084112
78 197.49472618103027 39.900885800000005
79 199.4995949268341 40.09605389788294
80 201.5035684108734 40.532226533665835
81 203.50688457489014 39.61039711083437
81 205.51110219955444 40.118048257904526
82 207.5152006149292 39.96801768944099
83 209.51965427398682 39.78231517712865
84 211.52333045005798 39.66763923124613
85 213.52688431739807 39.996894881398255
85 215.53094053268433 39.981828017402115
86 217.53489804267883 40.00446310559006
87 219.538654088974 40.12492251713395
88 221.5427370071411 40.12835098381071
89 223.54637503623962 40.10687532047293
89 225.5503056049347 40.09217393034826
90 227.5547695159912 39.79283716064757
91 229.55933666229248 40.14747647204969
92 231.56365394592285 40.5971750966937
93 233.56714820861816 39.49327381546135
93 235.57130408287048 39.898519300000004
94 237.5751016139984 40.424759350811485
95 239.5788288116455 40.181210673316706
96 241.58242416381836 39.6515769
97 243.58675694465637 38.74299628252788
97 245.5898404121399 40.2178643823712
98 247.59342193603516 38.621970891089106
99 249.59692692756653 39.77284554381603
100 251.60037326812744 40.25497371714643
100 253.6039297580719 39.96383065257924
101 255.60761284828186 39.33990732673268
102 257.61090064048767 39.94809586034913
103 259.6142838001251 40.32411852959502
104 261.617618560791 39.895551499999996
104 263.6211087703705 40.28974921348315
105 265.6255416870117 40.21707905118602
106 267.62892413139343 39.90292761072988
107 269.6324052810669 40.3622663
107 271.635680437088 40.328817031934875
108 273.6392457485199 40.188888444722046
109 275.6423137187958 39.42821462928349
110 277.64673805236816 40.094783299999996
111 279.6500358581543 40.14741157436216
111 281.6529870033264 40.256495332918476
112 283.6563518047333 40.107329781113194
113 285.65981364250183 40.29599880149813
114 287.66303157806396 40.48553288389513
115 289.66629576683044 39.47449904288378
115 291.66986322402954 40.3964678544542
116 293.67320370674133 39.7940937
117 295.67709398269653 40.219844189526185
118 297.68186831474304 39.848525472636815
119 299.6857578754425 40.238340223048326
119 301.68981647491455 39.68977164179105
120 303.6938843727112 39.953057590062116
121 305.6977722644806 40.2097131
122 307.701611995697 39.44400218362283
123 309.7063193321228 39.26589983780412
123 311.7092297077179 39.68784921151439
124 313.7132248878479 39.531367571606474
125 315.71790170669556 39.55949675810474
126 317.7219343185425 39.84929667493797
127 319.72605180740356 39.65728913718187
127 321.7297422885895 39.800502971285894
128 323.7336130142212 39.82404732254047
129 325.7373831272125 39.86042347663552
130 327.74123096466064 40.132825284197374
131 329.7450246810913 39.790572943372744
131 331.7499895095825 39.82955065420561
132 333.75417590141296 39.46191231441048
133 335.7580051422119 40.45305187032419
134 337.7612843513489 40.072042520274486
135 339.76539611816406 39.87695560549314
135 341.7693786621094 39.554450416407704
136 343.77313327789307 39.68017165628891
137 345.7769567966461 39.96370575512741
138 347.78106689453125 40.00580087445347
139 349.7848753929138 39.472089975062346
139 351.7891249656677 40.02471093399751
140 353.7929103374481 39.799085885286786
141 355.797171831131 39.54683791563276
142 357.80069971084595 39.56303611457036
143 359.80493235588074 40.35200966978193
143 361.8087899684906 40.110522599999996
144 363.81354665756226 39.58370625077979
145 365.8172707557678 39.673253599003736
146 367.82079696655273 40.076393316708234
147 369.8249833583832 39.86481309181762
147 371.82867789268494 40.289703894802756
148 373.832417011261 40.224940286247666
149 375.83638525009155 39.50041613904407
150 377.8400330543518 40.21531718028697
151 379.8436756134033 40.67895048811014
151 381.8476297855377 40.32678031152648
152 383.8512794971466 37.84605860696517
153 385.8553240299225 40.65681732165206
154 387.85899686813354 39.597837351655215
155 389.86260890960693 40.62713358302123
155 391.86627769470215 40.47164182386009
156 393.87023091316223 39.52495689612015
157 395.87508821487427 40.25176179551122
158 397.8784670829773 39.779878648310394
159 399.8826310634613 40.00669752808989
159 401.88639974594116 40.07513865336658
160 403.8899700641632 39.83348962406015
161 405.89373302459717 40.48029688667497
162 407.8975009918213 40.0205624968789
163 409.9013316631317 40.41859834793492
163 411.90474581718445 40.18023568922306
164 413.90970063209534 40.16549220423412
165 415.91201615333557 39.94751791174643
166 417.9159359931946 39.921955544492846
167 419.9196746349335 39.9987684
167 421.92361402511597 39.65471510611736
168 423.9278898239136 39.905894200000006
169 425.9311034679413 39.7760775
170 427.9347789287567 40.21025324206596
171 429.9395606517792 39.824749531542786
171 431.9430124759674 40.146409875311726
172 433.94679713249207 40.42607383084577
173 435.95048332214355 39.95912274143302
174 437.9543960094452 40.32487920199501
175 439.9583616256714 40.36231635227983
176 441.9624443054199 40.439772605459055
176 443.96639752388 39.565832364316904
177 445.970073223114 40.27685173831776
178 447.97380900382996 39.69837288806431
179 449.9774398803711 40.00846933333334
180 451.98132967948914 40.04784480300187
180 453.98552680015564 39.9155327680798
181 455.9894714355469 40.42691735990037
182 457.9933578968048 40.11990805746409
183 459.99759459495544 40.137580349127184
184 462.00157594680786 39.739763235843185
184 464.00529766082764 40.083928855721396
185 466.01019620895386 39.313400074487895
186 468.013631105423 39.37802057142857
187 470.01754546165466 39.647404339739616
188 472.021244764328 39.77283706832298
188 474.02523255348206 39.804374362165525
189 476.02898120880127 39.74129383084577
190 478.0327048301697 39.63350947890819
191 480.0364212989807 40.043553100000004
191 482.04005670547485 39.818255719649564
192 484.04447770118713 40.00936845771144
193 486.0481402873993 39.89007990031153
194 488.05206966400146 39.866437847309136
195 490.0560898780823 40.05578872433105
196 492.05968952178955 40.38892507462686
196 494.0636215209961 39.8681838148843
197 496.06789898872375 40.30585415884928
198 498.07269048690796 39.82052639701307
199 500.07605838775635 40.35570127340824
199 502.07964849472046 40.054794107365794
200 504.08460521698 39.23851333333334
201 506.0878782272339 40.065096828963796
202 508.09186577796936 39.63281507749535
203 510.09541273117065 40.448381638524076
203 512.0998866558075 40.098144598130844
204 514.1038224697113 39.08234706542056
205 516.1072888374329 40.55427726988103
206 518.111599445343 39.88751681987578
207 520.1152276992798 40.24071925326695
207 522.1187958717346 39.89097488487865
208 524.1226267814636 39.842760124766066
209 526.1273157596588 39.65372865876481
210 528.130616903305 39.92413838107098
211 530.1354846954346 40.17055278647464
211 532.1394007205963 40.08837313395638
212 534.1435947418213 40.43785757802746
213 536.1471946239471 39.399708070175436
214 538.1510190963745 40.2194539412867
215 540.1549520492554 40.28477034825871
215 542.1590261459351 40.06078503740648
216 544.1625475883484 39.31025631840796
217 546.1667206287384 39.31352629213483
218 548.1707625389099 39.98849001859888
219 550.1746945381165 40.63793681050657
219 552.1781022548676 40.168097456359106
220 554.1824398040771 40.44130086088584
221 556.18625664711 40.0826177
222 558.1902434825897 39.77665506234414
223 560.1939787864685 40.17870282147316
223 562.1990175247192 39.849064776119405
224 564.2032473087311 40.21139566625156
225 566.2068991661072 40.163690573566086
226 568.2111027240753 39.64237200992556
227 570.21479845047 39.78138626641651
227 572.2190840244293 40.07026165938864
228 574.2234220504761 39.9412631
229 576.2273099422455 39.66272189290162
230 578.2314074039459 40.07459775280899
231 580.2354617118835 40.0462020474407
231 582.2392244338989 40.2428824
232 584.2429823875427 40.54962172715895
233 586.2469322681427 40.32962397003745
234 588.2508313655853 40.341026856788595
235 590.2551355361938 40.25057131414268
235 592.2588219642639 40.58421925187032
236 594.2628128528595 39.6704671
237 596.2676768302917 39.94207480649188
238 598.2716484069824 40.29663570804741
239 600.2753891944885 40.14269610454262
239 602.2784876823425 40.3982037
240 604.2819333076477 39.76491935563817
241 606.2858626842499 40.60698132665832
242 608.2896049022675 40.94820124843945
243 610.293181180954 40.07246493765586
243 612.296552658081 39.922620273972605
244 614.2999172210693 39.896170319348776
245 616.3035027980804 40.24300939563863
246 618.3069922924042 39.7347209
246 620.310658454895 40.002923157240524
247 622.3138978481293 40.24695020509633
248 624.3178853988647 40.207797026858216
249 626.3214285373688 39.875928667496886
250 628.3251159191132 39.74740491578291
250 630.329882144928 39.72659040498442
251 632.3336651325226 40.44776821026283
252 634.3371732234955 39.4974936
253 636.3406343460083 40.246859674593246
254 638.3440110683441 39.49873067997505
254 640.3473880290985 40.5575570074813
255 642.3507604598999 40.06566497816594
256 644.35409283638 40.393267807620234
257 646.3578960895538 40.11646371018114
258 648.3613061904907 40.13671182044888
258 650.3656105995178 39.3021471
259 652.3687696456909 39.608789041095896
260 654.3728506565094 40.177530813516896
261 656.3762590885162 40.165553253918496
261 658.379397392273 40.041092382739215
262 660.3831243515015 39.98255539712321
263 662.3877308368683 39.862047000000004
264 664.391348361969 39.908002990654204
265 666.3947212696075 39.7294348226509
265 668.3980958461761 40.25619637726421
266 670.4019632339478 40.223955638629285
267 672.4055871963501 39.65364354556804
268 674.409193277359 40.57776368617684
269 676.4131228923798 39.448552354778265
269 678.4166927337646 39.62411714108141
270 680.4207527637482 39.894253973799124
271 682.4244666099548 39.84855870324189
272 684.4280412197113 40.19386506866417
273 686.4319884777069 39.74947673926571
273 688.4358077049255 39.58752406443619
274 690.4395709037781 40.176329423434595
275 692.4431862831116 40.3900486
276 694.4472286701202 40.844679900249375
277 696.4519431591034 40.0422621446384
277 698.4562010765076 40.38685581511555
278 700.4602317810059 39.64781210460772
279 702.4638886451721 39.87330655021834
280 704.4677999019623 40.13077641791045
281 706.4719245433807 40.282627557776394
281 708.4756662845612 40.1264892115144
282 710.4797956943512 40.4468531
283 712.4835531711578 39.697738078115314
284 714.4876952171326 40.623781015673984
285 716.4916355609894 39.69807220973783
285 718.4955251216888 40.19802016260163
286 720.499116897583 40.2318426
287 722.5030896663666 39.75295011235956
288 724.5072989463806 40.5990049219238
289 726.5111012458801 39.633577428214736
289 728.5150763988495 40.43357939016802
290 730.5200672149658 39.87105527136619
291 732.5238647460938 39.91233876481597
292 734.5281407833099 39.726013490976975
293 736.5320568084717 40.00263680798005
293 738.5360889434814 40.11930673316708
294 740.5398800373077 39.48811457036114
295 742.5435338020325 39.86835762944479
296 744.5482091903687 39.965465059042884
297 746.5520272254944 39.90533476309227
297 748.5560827255249 39.9825479
298 750.5596387386322 39.601092303860526
299 752.5631704330444 39.87364881693649
300 754.5669476985931 16.803512795497184
300 756.570835351944 0.12573744229569556
300 758.5743107795715 0.1250435
300 760.5779910087585 0.12509258286429017
300 762.5826411247253 0.1583000624609619
300 764.5864737033844 0.1604128
300 766.5904867649078 0.159230337922403
300 768.5940291881561 0.15552149906308557
300 770.5977277755737 0.1592527
300 772.6014230251312 0.1603167979987492
300 774.6053767204285 0.15598021236727044
300 776.6093997955322 0.15776609238451936
300 778.6129021644592 0.1791716823014384
300 780.6171827316284 0.15717105956112853
300 782.6206324100494 0.15517767209011266
300 784.6250126361847 0.15587216030056356
300 786.6289904117584 0.15940275344180224
300 788.633142709732 0.16015019387116947
300 790.6367409229279 0.15670564102564102
300 792.6405086517334 0.1602165938864629
300 794.6440236568451 0.16062458072590738
300 796.647693157196 0.15719084427767355
300 798.6512122154236 0.15642773266708307
300 800.6551859378815 0.158734672489083
300 802.658908367157 0.15676555694618274
300 804.6622915267944 0.15571975031210986
300 806.6662831306458 0.15586555208983158
300 808.6697704792023 0.1542198252184769
300 810.6734170913696 0.17497194253591505
300 812.6768491268158 0.15574485946283573
300 814.68119764328 0.15601801125703565
300 816.6846036911011 0.15575195502810743
300 818.6889681816101 0.14958720799500314
300 820.6924939155579 0.1297986034912718
300 822.696398973465 0.12875767354596623
300 824.6997990608215 0.13234207240948814
300 826.7050089836121 0.14617952440550688
300 828.7089555263519 0.13234871794871794
300 830.7134618759155 0.1275406870705809
300 832.7171323299408 0.1293181954887218
300 834.7209677696228 0.13514450405489706
300 836.7245008945465 0.13244971892567145
300 838.7282826900482 0.12843507191994996
300 840.7320234775543 0.14630253908692933
300 842.7356448173523 0.1297341838649156
300 844.7395493984222 0.12997089542892926
300 846.7428689002991 0.1473153
300 848.7463994026184 0.13587133917396746
300 850.75013256073 0.13654013758599123
300 852.7539401054382 0.13228052467207993
300 854.7572555541992 0.1331146933667084
300 856.7611021995544 0.1338791
300 858.7646601200104 0.1280732
300 860.7684049606323 0.1353761596009975
300 862.7719860076904 0.13396282676672921
300 864.7753660678864 0.13362267166042446
300 866.7789463996887 0.14579636819035693
300 868.7823131084442 0.13441290806754222
300 870.7863030433655 0.1335852816020025
300 872.789656162262 0.1297493
300 874.7938191890717 0.13400064959400373
300 876.7979049682617 0.13117610454262602
300 878.8016858100891 0.126468986232791
300 880.8055055141449 0.1315396876951905
300 882.809056520462 0.12907357098186367
300 884.8126378059387 0.1314834456928839
300 886.816380739212 0.1462442
300 888.8196454048157 0.1314173923892701
300 890.823234796524 0.1308731086142322
300 892.8277125358582 0.13159699624530663
300 894.8317394256592 0.14081519050593377
300 896.8355891704559 0.13178566791510612
300 898.839156627655 0.15756978111319575
300 900.8429234027863 0.13870752339363693
300 902.8461554050446 0.1351924283935243
300 904.8498539924622 0.13758206724782066
300 906.8536601066589 0.14485781931464176
300 908.8576927185059 0.13236089775561097
300 910.8613078594208 0.12907596513075964
300 912.8652155399323 0.1311452684144819
300 914.8682887554169 0.13258926342072408
300 916.8721556663513 0.13613528455284554
300 918.876095533371 0.1313331832395247
300 920.8801515102386 0.15609853841349158
300 922.883731842041 0.15595050000000002
300 924.8885157108307 0.15763834793491865
300 926.8919882774353 0.10775024390243904
300 928.8959650993347 0.1547662
300 930.8994436264038 0.15617738913179263
300 932.9028606414795 0.15577594003747658
300 934.9062604904175 0.15987507807620238
300 936.9095635414124 0.15818436522826768
300 938.9133620262146 0.1770643088418431
300 940.9166951179504 0.155798648310388
300 942.9203433990479 0.15643687304565354
300 944.9239678382874 0.15982839274546592
300 946.9278826713562 0.1610541
300 948.9314823150635 0.157067532792005
300 950.935120344162 0.1547764705882353
300 952.938469171524 0.15576866624921729
300 954.9421072006226 0.15539166042446942
300 956.9459776878357 0.15839960074859638
300 958.9506933689117 0.10733421611492817
300 960.9548642635345 0.15531230000000001
300 962.9582619667053 0.154142
300 964.9621109962463 0.17291067669172933
300 966.9658868312836 0.15998010000000001
300 968.9691262245178 0.15636889167188478
300 970.9725096225739 0.1541151219512195
300 972.9759480953217 0.15617152882205512
300 974.9794638156891 0.153751615720524
300 976.9829878807068 0.153350855715178
300 978.9864230155945 0.1579523404255319
300 980.9904434680939 0.1062397997496871
300 982.9936308860779 0.15502600874453468
300 984.9973809719086 0.15628809999999999
300 987.0009286403656 0.1588208630393996
300 989.0045654773712 0.16039384615384616
300 991.009170293808 0.15651312070043777
300 993.0130560398102 0.15780761904761906
300 995.0166571140289 0.15710959349593495
300 997.0201334953308 0.15889021916092674
300 999.0236480236053 0.16343534709193247
300 1001.0274171829224 0.15661238273921202
300 1003.0309853553772 0.15582988102692547
300 1005.0349516868591 0.15904650406504064
300 1007.039021730423 0.1552437546933667
300 1009.0423014163971 0.15833207263619287
300 1011.0468201637268 0.157859
300 1013.0506658554077 0.1567516905801622
300 1015.0548293590546 0.1546231421446384
300 1017.0588550567627 0.1601026433915212
300 1019.0628004074097 0.15629013732833957
300 1021.0663094520569 0.15423599248591108
300 1023.0699417591095 0.15421173533083646
300 1025.074673652649 0.1543935
300 1027.078863143921 0.15378238600874453
300 1029.0828566551208 0.15956388227927365
300 1031.0860967636108 0.15828752970606627
300 1033.089521408081 0.1546986866791745
300 1035.0930786132812 0.12971448533998753
300 1037.0964908599854 0.15203081926203876
300 1039.1001353263855 0.1540149
300 1041.1044890880585 0.15407919899874842
300 1043.1079857349396 0.1306820525657071
300 1045.1121504306793 0.15269366521468575
300 1047.1155598163605 0.1538625641025641
300 1049.1190068721771 0.15782465958775765
300 1051.1228339672089 0.1487462336039975
300 1053.1264746189117 0.15359969962453068
300 1055.1300189495087 0.1530264245460238
300 1057.134435415268 0.1757217217716781
300 1059.1380605697632 0.15480089775561096
300 1061.1417260169983 0.15628514357053683
300 1063.1454644203186 0.1539425717852684
300 1065.1496965885162 0.15713867665418227
300 1067.1535816192627 0.1734101
300 1069.1571338176727 0.15464034978138663
300 1071.1610753536224 0.15544439450686642
300 1073.1646811962128 0.15738786516853934
300 1075.1687450408936 0.15520929419113053
300 1077.1727895736694 0.17328139476961393
300 1079.1771051883698 0.15450713216957607
300 1081.181229352951 0.15355113054341035
300 1083.1850950717926 0.1532495570804741
300 1085.1885991096497 0.15486599124452785
300 1087.1924295425415 0.1543097435897436
300 1089.1958928108215 0.15276921923797626
300 1091.2004082202911 0.1536922
300 1093.203884601593 0.16488925578486555
300 1095.207671403885 0.15778848219862587
300 1097.2114996910095 0.15496925578486553
300 1099.21515417099 0.16001856519026825
300 1101.2189629077911 0.1612474593241552
300 1103.2226099967957 0.15834374064837906
300 1105.2263813018799 0.15873159275452842
300 1107.2300355434418 0.1578380024968789
300 1109.2333555221558 0.15710545454545455
300 1111.2369561195374 0.1612807008760951
300 1113.2403008937836 0.1360762
300 1115.244000673294 0.15647409631019388
300 1117.247279882431 0.177044
300 1119.2512321472168 0.16681162819713038
300 1121.2543725967407 0.1695409
300 1123.2584388256073 0.17581601499063088
300 1125.2624471187592 0.1522537794299876
300 1127.266224861145 0.1516958603491272
300 1129.2702496051788 0.17649867665418228
300 1131.2740595340729 0.15751205496564646
300 1133.2778878211975 0.17883472829481573
300 1135.281847000122 0.1604419
300 1137.2851803302765 0.15936120075046903
300 1139.2892091274261 0.15600799001248442
300 1141.2926399707794 0.15500714107365793
300 1143.2967104911804 0.1549967
300 1145.3005137443542 0.1566901433021807
300 1147.3047368526459 0.17491587757651467
300 1149.3084027767181 0.1570856
300 1151.31227517128 0.1570803752345216
300 1153.315754890442 0.16037586983729663
300 1155.3189754486084 0.15963757953836555
300 1157.324359178543 0.15940447220487197
300 1159.3281557559967 0.1563181047381546
300 1161.3322026729584 0.1579146966854284
300 1163.3353502750397 0.15889489069331666
300 1165.3391575813293 0.15662600874453467
300 1167.3429944515228 0.15764137414116178
300 1169.3460874557495 0.15625071651090341
300 1171.3494374752045 0.16130736579275906
300 1173.3528637886047 0.15678247809762202
300 1175.3561947345734 0.17699747657713927
300 1177.3596277236938 0.1567303870162297
300 1179.3634440898895 0.1675301872659176
300 1181.3669543266296 0.17561773891317925
300 1183.3704144954681 0.1639181511555278
300 1185.3742997646332 0.2078120650813517
300 1187.3789653778076 0.1536087453416149
300 1189.3829662799835 0.15595712679575263
300 1191.3868262767792 0.156259
300 1193.3904974460602 0.1552681425891182
300 1195.3941066265106 0.1540057464084947
300 1197.3978683948517 0.16021546533416614
300 1199.4017441272736 0.15702463840399003
300 1201.4053757190704 0.15771442848219863
300 1203.4087092876434 0.1545353154278576
300 1205.412085533142 0.15863038798498122
300 1207.4160113334656 0.15872370231394622
300 1209.4197885990143 0.15751464665415885
300 1211.4234721660614 0.15796451653150345
300 1213.4266724586487 0.16100789999999998
300 1215.430123090744 0.155699
300 1217.4343585968018 0.16295989987484355
300 1219.4372985363007 0.15715679999999999
300 1221.4418802261353 0.1588099123904881
300 1223.4451727867126 0.1560987
300 1225.448928117752 0.15486122347066167
300 1227.452475786209 0.1562464540337711
300 1229.4558930397034 0.15723694618272843
300 1231.4592943191528 0.15565206508135168
300 1233.462720155716 0.1576582728410513
300 1235.4660806655884 0.15590764227642276
300 1237.4692659378052 0.15816423676012462
300 1239.4726026058197 0.154740712945591
300 1241.4757714271545 0.1586295
300 1243.4796342849731 0.1738280149812734
300 1245.4829058647156 0.15832841051314142
300 1247.487007856369 0.1601524047470331
300 1249.490511894226 0.15748983770287142
300 1251.494218826294 0.15695061759201498
300 1253.4975306987762 0.15879546417445484
300 1255.5027124881744 0.1594504434728295
300 1257.506814956665 0.1557836057392389
300 1259.5101401805878 0.15744359326263258
300 1261.513710975647 0.1572147
300 1263.5172357559204 0.23724386774797257
300 1265.5213887691498 0.1556938528138528
300 1267.5250804424286 0.15766026233604
300 1269.5292055606842 0.1609743910056215
300 1271.532827615738 0.15796461634435432
300 1273.535882472992 0.15698248594628358
300 1275.5393421649933 0.1605538077403246
300 1277.5423617362976 0.1567147598253275
300 1279.5457377433777 0.15775061759201497
300 1281.5488603115082 0.15879694809255784
300 1283.5526752471924 0.15170821763602252
300 1285.5566132068634 0.12438038677479726
300 1287.5606575012207 0.1258184634603373
300 1289.5650157928467 0.13246780762023735
300 1291.568846464157 0.12985645885286784
300 1293.572404384613 0.1309064
300 1295.5760180950165 0.1331334747348721
300 1297.5793116092682 0.1283197
300 1299.5833508968353 0.1577183260462211
300 1301.587278842926 0.15596878048780488
300 1303.5905389785767 0.16130104738154613
300 1305.5948836803436 0.15589293457943926
300 1307.5985968112946 0.1559002493765586
300 1309.6020073890686 0.1807626699937617
300 1311.6059265136719 0.13156631316281972
300 1313.609394788742 0.15703950062421973
300 1315.6131403446198 0.1305382136164897
300 1317.6171760559082 0.1791523595505618
300 1319.6211609840393 0.1785158
300 1321.625116109848 0.15807780137414115
300 1323.6288557052612 0.15625648090169067
300 1325.6328449249268 0.1552712
300 1327.6366064548492 0.17711061759201496
300 1329.6402866840363 0.174861822721598
300 1331.644032716751 0.15667023779724654
300 1333.647701740265 0.1601386400499064
300 1335.6516902446747 0.15497761696818466
300 1337.655532360077 0.17700247345409117
300 1339.659333229065 0.1587787632729544
300 1341.6628031730652 0.1612575719649562
300 1343.6668920516968 0.1616489305816135
300 1345.6707990169525 0.107183
300 1347.6742448806763 0.1587476654182272
300 1349.6775362491608 0.1584283645443196
300 1351.6816766262054 0.15875850374064837
300 1353.6851134300232 0.1576056787048568
300 1355.6900577545166 0.15502823676012462
300 1357.6935014724731 0.27923912663755457
300 1359.6973559856415 0.1737464084946908
300 1361.700695514679 0.1306636352279825
300 1363.7042183876038 0.1547471
300 1365.7080795764923 0.15456721352536004
300 1367.7112724781036 0.15833165728580365
300 1369.714742898941 0.15818169067000626
300 1371.7185554504395 0.15650555208983158
300 1373.7218992710114 0.1578326545908807
300 1375.7258701324463 0.1587437148217636
300 1377.729532957077 0.1601963
300 1379.7331399917603 0.154662928660826
300 1381.73672580719 0.1592026
300 1383.7407524585724 0.15538839999999998
300 1385.7443878650665 0.15572949279899811
300 1387.749038696289 0.1539135919899875
300 1389.7527656555176 0.15413713570981866
300 1391.7560541629791 0.1523076923076923
300 1393.759619474411 0.15533016270337924
300 1395.763155221939 0.1727063829787234
300 1397.7664132118225 0.15344099937539038
300 1399.7697281837463 0.1566257
300 1401.7734966278076 0.15734258265751716
300 1403.7767374515533 0.15577752190237798
300 1405.7804827690125 0.15416481203007518
300 1407.7839560508728 0.15460247345409117
300 1409.7873752117157 0.1553430682529743
300 1411.7912788391113 0.15535398119122257
300 1413.7947404384613 0.1608466
300 1415.7983453273773 0.1558375984990619
300 1417.8018777370453 0.15682056144728634
300 1419.8057260513306 0.15693241723922546
300 1421.8105974197388 0.15932480996884735
300 1423.814163684845 0.15558794246404004
300 1425.8180270195007 0.15752716343143394
300 1427.821355342865 0.16092192861615529
300 1429.8248858451843 0.15846488110137671
300 1431.8288915157318 0.15681434482758622
300 1433.832426071167 0.15809342517219788
300 1435.8362090587616 0.1828971214017522
300 1437.839695930481 0.15629348342714197
300 1439.8439416885376 0.15572125156445557
300 1441.847220659256 0.1589707268170426
300 1443.8506479263306 0.15716675844806008
300 1445.8542952537537 0.1554806508135169
300 1447.8578650951385 0.15712858926342071
300 1449.8613214492798 0.1563191
300 1451.8646175861359 0.15677857321652064
300 1453.8680455684662 0.15636504369538076
300 1455.8727860450745 0.15620585732165207
300 1457.8759400844574 0.16088154709918903
300 1459.879264831543 0.15628906132665832
300 1461.8826711177826 0.15785090000000002
300 1463.886093378067 0.1558281
300 1465.8900263309479 0.1587417
300 1467.89297747612 0.15389043695380775
300 1469.89608502388 0.15685233458177278
300 1471.8994317054749 0.15943043206011273
300 1473.9024951457977 0.1565166
300 1475.90584731102 0.16104329177057355
300 1477.9090435504913 0.15704951188986233
300 1479.912789106369 0.1598468956901936
300 1481.9160459041595 0.1553833291614518
300 1483.9199631214142 0.15453428392745466
300 1485.9237484931946 0.15573951158422042
300 1487.9269671440125 0.15607769999999999
300 1489.9309086799622 0.1523455721393035
300 1491.9344532489777 0.15617430894308942
300 1493.9383914470673 0.16304828963795256
300 1495.941871881485 0.15701759201497192
300 1497.9461331367493 0.1561332668329177
300 1499.9498233795166 0.15839202492211837
300 1501.953494310379 0.1587676404494382
300 1503.9570310115814 0.1627933
300 1505.9608659744263 0.19001228464419476
300 1507.9646809101105 0.15832440550688362
300 1509.9683792591095 0.155890631644778
300 1511.9722635746002 0.16311854909318324
300 1513.9761002063751 0.16455485321673954
300 1515.9801898002625 0.15928375704445835
300 1517.9837288856506 0.15734396002498438
300 1519.9879117012024 0.1781059837601499
300 1521.99271774292 0.16055624765478424
300 1523.996958732605 0.16704470588235293
300 1526.0008873939514 0.10841208489388264
300 1528.004248380661 0.37487520599250934
300 1530.0081293582916 0.156804
300 1532.0118918418884 0.15729379138038727
300 1534.015776872635 0.15820991880074953
300 1536.0195517539978 0.15646780762023735
300 1538.0236432552338 0.10002660000000001
300 1540.0269989967346 0.1627341822721598
300 1542.0303869247437 0.15834213616489695
300 1544.0341517925262 0.1574382
300 1546.0379178524017 0.15350606516290727
300 1548.041471004486 0.15658026266416508
300 1550.0448288917542 0.1762225
300 1552.048285484314 0.1775459
300 1554.0519959926605 0.15656384759525296
300 1556.0568103790283 0.15692830000000002
300 1558.060126543045 0.15714483103879848
300 1560.0642080307007 0.1569170731707317
300 1562.0678725242615 0.1460900062539087
300 1564.0715696811676 0.12722201375859912
300 1566.0750572681427 0.1418751439299124
300 1568.0783042907715 0.1286552
300 1570.0817799568176 0.12748652092442225
300 1572.0853192806244 0.12897455451713397
300 1574.0886137485504 0.12727067912772586
300 1576.0921654701233 0.12844431152647973
300 1578.0955805778503 0.1318573
300 1580.0996024608612 0.1288948778960551
300 1582.1031494140625 0.12844005006257822
300 1584.1071598529816 0.16042086303939962
300 1586.11083817482 0.15743520299812616
300 1588.115493774414 0.15582234413965088
300 1590.1189608573914 0.15406509068167606
300 1592.1224818229675 0.1550675171982489
300 1594.1263074874878 0.15429972534332084
300 1596.1299257278442 0.17408469120399253
300 1598.1337146759033 0.15646939999999998
300 1600.137213230133 0.15653286608260325
300 1602.1407825946808 0.15473744360902256
300 1604.1442909240723 0.15437416770963705
300 1606.1482067108154 0.15439250000000002
300 1608.1513016223907 0.15843028107432855
300 1610.154849767685 0.1583825327510917
300 1612.1585869789124 0.15677356695869837
300 1614.162582874298 0.1287264
300 1616.1661632061005 0.1318554709918902
300 1618.1698870658875 0.12919990024937655
300 1620.1733555793762 0.12808634603372893
300 1622.1777925491333 0.12758484052532834
300 1624.1810956001282 0.12742791510611734
300 1626.1849682331085 0.14679704445835942
300 1628.1891164779663 0.15740610000000002
300 1630.1926941871643 0.16439093299937382
300 1632.1961977481842 0.15840790494058787
300 1634.1995296478271 0.15756605757196496
300 1636.2030777931213 0.15391859824780976
300 1638.207014799118 0.15868537836147592
300 1640.2109467983246 0.1590292
300 1642.214477777481 0.15690506566604126
300 1644.2182228565216 0.15779674593241552
300 1646.2222039699554 0.1589121200750469
300 1648.2258183956146 0.15895410000000001
300 1650.2295880317688 0.12478468085106384
300 1652.2330150604248 0.1263009
300 1654.2366552352905 0.1257157
300 1656.241607427597 0.13934719199499687
300 1658.2451465129852 0.12620747967479676
300 1660.2486946582794 0.12593559025608994
300 1662.2527961730957 0.15296359326263256
300 1664.2561440467834 0.1573992745465916
300 1666.2603900432587 0.15787065420560747
300 1668.2639212608337 0.1591426641651032
300 1670.2675194740295 0.15795424280350437
300 1672.2711961269379 0.1545632020012508
300 1674.2745342254639 0.16132295369211516
300 1676.2787549495697 0.1447626766729206
300 1678.2823295593262 0.12497832290362954
300 1680.2863414287567 0.1325068335419274
300 1682.2897627353668 0.129265246105919
300 1684.2937455177307 0.12673248439450685
300 1686.2971920967102 0.14506201743462016
300 1688.3018414974213 0.1315902366127024
300 1690.3055794239044 0.12619502810743286
300 1692.3091080188751 0.12724625782227786
300 1694.3125038146973 0.12806216114928168
300 1696.3163120746613 0.12789266832917706
300 1698.3198037147522 0.12771425717852683
300 1700.323370218277 0.12760179551122194
300 1702.3267204761505 0.12814053649407361
300 1704.3304178714752 0.13094511860174782
300 1706.3338441848755 0.1489664
300 1708.3374228477478 0.133749519650655
300 1710.3403005599976 0.1290559800249688
300 1712.3436424732208 0.12892342286071207
300 1714.3471388816833 0.13160169787765294
300 1716.3503971099854 0.12954240798502809
300 1718.3539962768555 0.12979253898939488
300 1720.3579573631287 0.13101569999999998
300 1722.3628344535828 0.13029815461346633
300 1724.3664972782135 0.15257928971962617
300 1726.3705270290375 0.17401218476903868
300 1728.3742887973785 0.1675080149812734
300 1730.3781344890594 0.16038276077451594
300 1732.3817510604858 0.1784643391521197
300 1734.3856658935547 0.17788483188044832
300 1736.3895754814148 0.15441467248908297
300 1738.3939173221588 0.15912716417910447
300 1740.3974771499634 0.1574289138576779
300 1742.4013268947601 0.15654818691588784
300 1744.4050381183624 0.1569261788617886
300 1746.409143447876 0.16842852867830424
300 1748.4128794670105 0.18133496564647095
300 1750.416749238968 0.17702445971267958
300 1752.4202296733856 0.1560317
300 1754.4238419532776 0.1780175561097257
300 1756.428593158722 0.15843091932457787
300 1758.4318454265594 0.15827907557776388
300 1760.4357507228851 0.1578824295554164
300 1762.4393734931946 0.1599483645443196
300 1764.4433624744415 0.15970399502177973
300 1766.4468221664429 0.1569271794871795
300 1768.4505014419556 0.1740052
300 1770.4542262554169 0.1548081897627965
300 1772.4579162597656 0.1566961648969394
300 1774.46134018898 0.15905157829070493
300 1776.4651277065277 0.1570344534665834
300 1778.4686999320984 0.09707532792004997
300 1780.4726185798645 0.15503490318550905
300 1782.4763314723969 0.1527144
300 1784.4795589447021 0.1566427
300 1786.4832758903503 0.15565029702970298
300 1788.4872674942017 0.15617948782011243
300 1790.4914271831512 0.15539324155193993
300 1792.494671344757 0.1620509818636648
300 1794.4982736110687 0.1569264209868832
300 1796.5015349388123 0.1563851186017478
300 1798.5047814846039 0.1780156803995006
300 1800.5086739063263 0.15955225967540573
300 1802.5120458602905 0.15549761399125547
300 1804.5156180858612 0.156335690193629
300 1806.5192539691925 0.11102900687070581
300 1808.5233290195465 0.1589279700187383
300 1810.5266044139862 0.1567599
300 1812.5302884578705 0.1569993491864831
300 1814.533772945404 0.1584167209011264
300 1816.5376179218292 0.1600972
300 1818.5412290096283 0.1603016885553471
300 1820.544968366623 0.1547256105197245
300 1822.5496952533722 0.1262659
300 1824.5536937713623 0.12514958151155528
300 1826.557540655136 0.1432151620947631
300 1828.5612292289734 0.12592779512804497
300 1830.564706325531 0.12698150966936994
300 1832.568152666092 0.12721019362898187
300 1834.5721189975739 0.12782573566084787
300 1836.576075553894 0.1543838202247191
300 1838.5803427696228 0.1571727329580988
300 1840.5842742919922 0.1552100062539087
300 1842.5876457691193 0.1592247690387016
300 1844.5910830497742 0.1589655068836045
300 1846.5945854187012 0.1604907932542161
300 1848.5978083610535 0.17782555902560898
300 1850.601226568222 0.15832164691203993
300 1852.6048662662506 0.15642996873045653
300 1854.608315706253 0.15678879299562226
300 1856.613243818283 0.17802779999999999
300 1858.617057800293 0.1544792504684572
300 1860.6204240322113 0.1566267
300 1862.6237723827362 0.15416250312891114
300 1864.6270232200623 0.15587572232645402
300 1866.6308450698853 0.15982608260325407
300 1868.634600162506 0.15345544209215442
300 1870.6384060382843 0.1599008
300 1872.6418619155884 0.15845620000000002
300 1874.645035982132 0.15748308077645584
300 1876.6488213539124 0.1561314178638351
300 1878.6522798538208 0.15785746091307068
300 1880.6558649539948 0.16004210000000002
300 1882.6591415405273 0.15803026217228464
300 1884.6625263690948 0.15367619999999999
300 1886.6660470962524 0.1572789006870706
300 1888.6700527668 0.1573352
300 1890.6746671199799 0.1549566127023661
300 1892.6789264678955 0.1624676
300 1894.6823949813843 0.15746398500936915
300 1896.6859211921692 0.15872059813084113
300 1898.6899600028992 0.15685026858213616
300 1900.693316936493 0.1566151689612015
300 1902.6964635849 0.15644734082397002
300 1904.6999258995056 0.15323334579439252
300 1906.7035899162292 0.15502006230529594
300 1908.7067811489105 0.16044797998749216
300 1910.7103304862976 0.15682663341645886
300 1912.7136416435242 0.15847625234228607
300 1914.717066526413 0.15720364316905802
300 1916.720611333847 0.1606562
300 1918.7239787578583 0.1547750721003135
300 1920.7276892662048 0.1870802503128911
300 1922.7306427955627 0.1764188617886179
300 1924.7354819774628 0.1830725187032419
300 1926.7393653392792 0.15783465334166147
300 1928.743143081665 0.15809579013116803
300 1930.7470226287842 0.1522816
300 1932.7508051395416 0.12777960000000002
300 1934.75456905365 0.12873902377972465
300 1936.7584233283997 0.13077966271080574
300 1938.7619242668152 0.1323146966854284
300 1940.765501499176 0.12672029906542057
300 1942.7688052654266 0.13108345431789736
300 1944.7722837924957 0.1298415490318551
300 1946.7759437561035 0.1426506132665832
300 1948.7791607379913 0.1300449
300 1950.7827167510986 0.12762883198001249
300 1952.786060333252 0.13055819887429643
300 1954.7911405563354 0.12867910447761194
300 1956.7948639392853 0.1257462914321451
300 1958.7982351779938 0.12827139999999998
300 1960.802453994751 0.14804850904553962
300 1962.8061618804932 0.15884891942535914
300 1964.80996632576 0.15666670000000002
300 1966.8139095306396 0.1562851307596513
300 1968.8171291351318 0.15675358702432937
300 1970.8205907344818 0.15759420362273577
300 1972.824122428894 0.1581436
300 1974.8274548053741 0.13247799874921826
300 1976.8315167427063 0.1579843
300 1978.8351991176605 0.1581687
300 1980.839094877243 0.1616631
300 1982.8429577350616 0.129129211514393
300 1984.846705198288 0.1265794
300 1986.8509862422943 0.128563
300 1988.8546764850616 0.1278296
300 1990.8586928844452 0.12593781113195746
300 1992.8623797893524 0.12742537741734247
300 1994.865929365158 0.12879799874921827
300 1996.8698885440826 0.1268107432854466
300 1998.8737857341766 0.12614734208880551
300 2000.8775084018707 0.1276283
300 2002.8812170028687 0.1318431
300 2004.885065317154 0.13369241551939923
300 2006.8886318206787 0.13126466165413533
300 2008.891946554184 0.12604247036805988
300 2010.89568400383 0.12698136335209506
300 2012.899172782898 0.1335624
300 2014.9025356769562 0.13267862414008755
300 2016.9065387248993 0.13299643169058017
300 2018.9105684757233 0.13601329169269208
300 2020.915205001831 0.13608838951310862
300 2022.918577671051 0.12803527795128045
300 2024.9224724769592 0.1320988764044944
300 2026.9264838695526 0.13309268292682927
300 2028.9302790164948 0.13151460337289195
300 2030.9340996742249 0.12798684112149533
300 2032.9379930496216 0.1305028
300 2034.9417808055878 0.14421177349097697
300 2036.9453599452972 0.1414352970606629
300 2038.9492659568787 0.15158194513715711
300 2040.9524970054626 0.13554168644597128
300 2042.9559667110443 0.13409518102372034
300 2044.9592690467834 0.13358608260325408
300 2046.9626789093018 0.1334727409261577
300 2048.9661860466003 0.13538424546023795
300 2050.9698452949524 0.13137040650406503
300 2052.9733242988586 0.14723282051282052
300 2054.976808309555 0.13574634146341463
300 2056.980058670044 0.13441818863210495
300 2058.9832944869995 0.1337928
300 2060.986885547638 0.1337884177611007
300 2062.990168571472 0.13119640449438202
300 2064.9937546253204 0.13536299625468165
300 2066.9970417022705 0.13598246712586098
300 2069.0006659030914 0.1346474
300 2071.003900051117 0.13201319175515303
300 2073.0069267749786 0.13151068836045057
300 2075.0103993415833 0.13401818409517846
300 2077.0134093761444 0.13375569461827286
300 2079.017138004303 0.1355324907063197
300 2081.020559310913 0.14001119300437226
300 2083.0239748954773 0.12901853658536586
300 2085.028948068619 0.1292224280350438
300 2087.032344341278 0.13436832080200503
300 2089.03569483757 0.13548521303258146
300 2091.0391249656677 0.13598478097622027
300 2093.0423164367676 0.12964359102244388
300 2095.0460588932037 0.13479484677923703
300 2097.0492844581604 0.13313470919324577
300 2099.052847146988 0.15012886107634543
300 2101.056143283844 0.14734117647058823
300 2103.0595445632935 0.13604392745465915
300 2105.062678337097 0.1324344
300 2107.0663075447083 0.1341595
300 2109.069762945175 0.12897638975640224
300 2111.0731818675995 0.13120280175109444
300 2113.0760118961334 0.1288497
300 2115.0797102451324 0.1325416
300 2117.083806037903 0.15676589999999999
300 2119.0879764556885 0.15380846970643347
300 2121.091578722 0.13157966271080573
300 2123.094619035721 0.1326188
300 2125.098205804825 0.134160398505604
300 2127.1017484664917 0.13364042420461636
300 2129.1049995422363 0.13343083437110834
300 2131.1088502407074 0.1577747183979975
300 2133.112848520279 0.15411363693075483
300 2135.1169629096985 0.15457590000000002
300 2137.1208271980286 0.1555254794520548
300 2139.1245152950287 0.15585378277153558
300 2141.1284749507904 0.15389250311332503
300 2143.1325392723083 0.1541489414694894
300 2145.136397123337 0.13284727045596503
300 2147.140048265457 0.1285321
300 2149.1448843479156 0.14218660012476605
300 2151.1488988399506 0.15578500622665006
300 2153.1521666049957 0.12890379999999999
300 2155.15660071373 0.1569383
300 2157.161034822464 0.13214730793254215
300 2159.165235042572 0.15698565190268246
300 2161.1690475940704 0.1530530836454432
300 2163.1730375289917 0.15441787765293383
300 2165.1767296791077 0.1607087859824781
300 2167.1810874938965 0.17665718925671456
300 2169.184441804886 0.15198762320648782
300 2171.187884569168 0.15601447286338116
300 2173.1913316249847 0.15782911360799
300 2175.194799423218 0.1579341822721598
300 2177.198742866516 0.16882496878901374
300 2179.202413082123 0.17010976279650436
300 2181.2059268951416 0.15492312695434646
300 2183.2107450962067 0.15802683322923172
300 2185.214257001877 0.17901201748906934
300 2187.2185299396515 0.15879694809255784
300 2189.2220799922943 0.1578625359150531
300 2191.225344657898 0.15876772983114446
300 2193.229129552841 0.16015129455909943
300 2195.2325525283813 0.15762796504369536
300 2197.2359561920166 0.15427929824561404
300 2199.239182472229 0.15662148843026893
300 2201.2424895763397 0.15892512820512822
300 2203.2459139823914 0.15416766437069504
300 2205.24946975708 0.15455970093457944
300 2207.252956390381 0.1576937
300 2209.2564013004303 0.1590932336448598
300 2211.2605872154236 0.1315347
300 2213.2641088962555 0.1331507191994997
300 2215.26824092865 0.13660628428927682
300 2217.273041009903 0.14115950124688278
300 2219.2772901058197 0.1348349
300 2221.280760526657 0.160084052532833
300 2223.284995317459 0.15834869619463504
300 2225.2884826660156 0.15639101123595506
300 2227.292368412018 0.15400474703310432
300 2229.296078443527 0.1564737039350406
300 2231.299638271332 0.15701952559300875
300 2233.303082704544 0.15570954460386774
300 2235.3069508075714 0.1559035807860262
300 2237.310142993927 0.15780807980049877
300 2239.31414937973 0.15692530000000002
300 2241.3183069229126 0.12968615384615384
300 2243.321848154068 0.13058541588492809
300 2245.3260357379913 0.12727425359150532
300 2247.3297815322876 0.128323391521197
300 2249.335018157959 0.13577477770820287
300 2251.3385179042816 0.13390153462258264
300 2253.342399597168 0.13023531172069827
300 2255.3462829589844 0.1334759775140537
300 2257.349581718445 0.1322490112640801
300 2259.353412628174 0.1360248310387985
300 2261.357185602188 0.13237800876643707
300 2263.3604362010956 0.13637370000000001
300 2265.363931655884 0.1389988257339163
300 2267.367453098297 0.13088779512804496
300 2269.3712677955627 0.12986746716697936
300 2271.3748092651367 0.12822443890274315
300 2273.378594636917 0.1286339038101187
300 2275.382353067398 0.1337054341036852
300 2277.3859577178955 0.1423358
300 2279.3902926445007 0.15641318352059924
300 2281.394730091095 0.1553493
300 2283.398532152176 0.15573223264540337
300 2285.4021501541138 0.1577665876481597
300 2287.405854701996 0.15821265127885217
300 2289.409691095352 0.15806821473158553
300 2291.412796974182 0.15569478152309613
300 2293.416089773178 0.15507206011271132
300 2295.419945716858 0.17587167919799498
300 2297.4229872226715 0.15783634314339387
300 2299.4264624118805 0.16064871088861077
300 2301.4293854236603 0.1333768394753279
300 2303.4326655864716 0.153211072319202
300 2305.4360291957855 0.15354507165109033
300 2307.4392063617706 0.1547110776942356
300 2309.442625761032 0.15393561952440551
300 2311.445774078369 0.1582384019975031
300 2313.4504158496857 0.1552883895131086
300 2315.4537863731384 0.15932855721393036
300 2317.4573690891266 0.1544526
300 2319.4609780311584 0.1547627267041901
300 2321.464652299881 0.15628663744520976
300 2323.468047142029 0.15470669168230144
300 2325.471774339676 0.15472720901126408
300 2327.475916147232 0.15452055068836046
300 2329.4790823459625 0.15753127182044888
300 2331.4832289218903 0.15992515967438947
300 2333.486407518387 0.15634204488778053
300 2335.490470647812 0.15862932999373824
300 2337.4941911697388 0.1589151219512195
300 2339.4977967739105 0.15804823970037452
300 2341.5009117126465 0.1552971
300 2343.5038487911224 0.19265604010025061
300 2345.507879972458 0.15839041198501871
300 2347.5125348567963 0.1606824
300 2349.5165140628815 0.17843992495309569
300 2351.5199670791626 0.17678850000000002
300 2353.52325797081 0.1777123
300 2355.5269322395325 0.1618956911581569
300 2357.530077457428 0.15342539086929333
300 2359.533962726593 0.13564314606741573
300 2361.5377175807953 0.14402318550905685
300 2363.5424745082855 0.26786796504369537
300 2365.546736717224 0.14264554653341663
300 2367.5505397319794 0.1770846662507798
300 2369.554429769516 0.16159540574282147
300 2371.558358669281 0.13653762796504368
300 2373.5621421337128 0.13857948782011242
300 2375.565826654434 0.14950905683947532
300 2377.5696449279785 0.13685936289818862
300 2379.574077606201 0.13423899812147777
300 2381.577628135681 0.13035431433938635
300 2383.581298351288 0.12935460000000001
300 2385.5855038166046 0.12944199875078077
300 2387.588982820511 0.1325318648310388
300 2389.5930778980255 0.13270253908692933
300 2391.5969927310944 0.15717089542892923
300 2393.600637435913 0.15697912390488108
300 2395.6036796569824 0.10595884856070088
300 2397.607604265213 0.15787847404627894
300 2399.6113958358765 0.1581208744534666
300 2401.615277528763 0.1566362953692115
300 2403.6190469264984 0.1545599
300 2405.6221277713776 0.15499962429555417
300 2407.62584900856 0.1762775265459088
300 2409.6290855407715 0.1615089724310777
300 2411.632651090622 0.15647920099875157
300 2413.6374530792236 0.1275843
300 2415.6413807868958 0.13003682698313554
300 2417.6449522972107 0.12909055520898316
300 2419.648680448532 0.141288
300 2421.6524868011475 0.12882372585669782
300 2423.655885696411 0.1295556722951845
300 2425.6597604751587 0.13499575530586766
300 2427.6633656024933 0.13496194878201126
300 2429.6675231456757 0.14003476518472135
300 2431.670837163925 0.13133229999999999
300 2433.6744816303253 0.13542356027482824
300 2435.678772687912 0.13858741713570982
300 2437.682669401169 0.136543620474407
300 2439.6865406036377 0.1338441
300 2441.6900928020477 0.1324209893550407
300 2443.694064617157 0.13312169893816364
300 2445.697895526886 0.13107207995003123
300 2447.7025485038757 0.13199571339563862
300 2449.7063047885895 0.13380294631710363
300 2451.7102479934692 0.13583439649781112
300 2453.713621854782 0.13522324189526186
300 2455.7175512313843 0.13306347663551402
300 2457.721593618393 0.13598831460674157
300 2459.7248940467834 0.13202545227698068
300 2461.7287232875824 0.13512014990630855
300 2463.7323744297028 0.13401085678549093
300 2465.7361447811127 0.13526258265751714
300 2467.7398643493652 0.13405835942391983
300 2469.7438950538635 0.15597950000000002
300 2471.7468938827515 0.1585274
300 2473.7502682209015 0.15894924327704815
300 2475.7544028759003 0.1553752
300 2477.7580630779266 0.1566868
300 2479.761668920517 0.12949310087173102
300 2481.7662053108215 0.12772117133956387
300 2483.769924402237 0.12980850904553962
300 2485.774455308914 0.15676134831460675
300 2487.777907371521 0.15943565814098565
300 2489.7815656661987 0.15774540911930043
300 2491.785229206085 0.15476625782227785
300 2493.788554906845 0.15636182614133834
300 2495.792529821396 0.15629995012468828
300 2497.7959134578705 0.1566645153220763
300 2499.7997584342957 0.15581001245330012
300 2501.8032200336456 0.1544459287054409
300 2503.80690073967 0.1560088888888889
300 2505.8105461597443 0.15601378277153558
300 2507.814266681671 0.1563040199750312
300 2509.817552804947 0.15651553337492202
300 2511.821353197098 0.16031659787367106
300 2513.8250155448914 0.1559830788485607
300 2515.8287012577057 0.15687780548628427
300 2517.83247256279 0.1576038023764853
300 2519.8366646766663 0.1523297
300 2521.840659379959 0.13047304565353346
300 2523.8440268039703 0.13080229999999998
300 2525.847772836685 0.13354176360225142
300 2527.8510682582855 0.1370674984404242
300 2529.8549485206604 0.15588761072988147
300 2531.8586411476135 0.1600550280373832
300 2533.862312078476 0.1574453
300 2535.8663351535797 0.1560459287054409
300 2537.8697595596313 0.13431164179104477
300 2539.873351573944 0.13459138038725796
300 2541.8766679763794 0.13710603491271822
300 2543.880452156067 0.1545520099875156
300 2545.8838052749634 0.1335838202247191
300 2547.887139558792 0.15094562304320602
300 2549.891216278076 0.14711174484052533
300 2551.894945859909 0.13047745477230194
300 2553.8987431526184 0.1284438
300 2555.902284860611 0.12798132334581774
300 2557.9057064056396 0.131046783042394
300 2559.909505367279 0.13201949999999998
300 2561.9132306575775 0.13580891942535916
300 2563.9162294864655 0.12858776529338328
300 2565.919700860977 0.1303074
300 2567.9233028888702 0.13889369144284822
300 2569.927074432373 0.15217465420560747
300 2571.9310989379883 0.47567291328758576
300 2573.934765815735 0.15617856519026824
300 2575.938803434372 0.1572555458515284
300 2577.9426460266113 0.15719057943925233
300 2579.9464769363403 0.14625478152309612
300 2581.9512572288513 0.1563468656716418
300 2583.9551496505737 0.15551750467872738
300 2585.9591414928436 0.15851342910680824
300 2587.9626727104187 0.14060292317301687
300 2589.966451883316 0.1391451342910681
300 2591.969793319702 0.13764017489069333
300 2593.9737021923065 0.1571736329588015
300 2595.9774651527405 0.10841098626716604
300 2597.9816937446594 0.15549055520898317
300 2599.9850265979767 0.15687520000000002
300 2601.988709449768 0.157706500622665
300 2603.992347240448 0.15727232876712327
300 2605.996434211731 0.15864149812734082
300 2607.999626159668 0.1580122
300 2610.003185749054 0.15857358302122346
300 2612.0069324970245 0.1559443391521197
300 2614.0105426311493 0.1550732584269663
300 2616.0151374340057 0.15564839875389408
300 2618.0189578533173 0.13244730000000002
300 2620.0218625068665 0.156356823014384
300 2622.025290966034 0.1589802626641651
300 2624.0291619300842 0.15298387016229711
300 2626.033183336258 0.15625391739674593
300 2628.036934375763 0.15609617866004963
300 2630.040281057358 0.16011732667083073
300 2632.0434262752533 0.16994969999999998
300 2634.046837568283 0.15859970074812968
300 2636.050285100937 0.1573553942428035
300 2638.0533061027527 0.1575735
300 2640.057291507721 0.15768343070229957
300 2642.0606644153595 0.16207940186915887
300 2644.064695596695 0.16075957579538364
300 2646.0680210590363 0.15641649689440995
300 2648.0717072486877 0.20623139462163853
300 2650.0765056610107 0.15052263653483994
300 2652.080306529999 0.14901423558897242
300 2654.084292650223 0.1680135253600501
300 2656.0880782604218 0.12476556456643792
300 2658.0917403697968 0.151975
300 2660.0958342552185 0.20046972568578555
300 2662.099751472473 0.15139353711790393
300 2664.103823900223 0.13340482198625858
300 2666.1075019836426 0.13329693648816937
300 2668.1116235256195 0.1312459287054409
300 2670.1153914928436 0.1301022138836773
300 2672.1196789741516 0.15312019999999998
300 2674.123449087143 0.1322254772301934
300 2676.1276619434357 0.1576468535825545
300 2678.13143658638 0.17972312695434647
300 2680.135040283203 0.15589366771159877
300 2682.1388754844666 0.1822896240601504
300 2684.14306974411 0.157200901126408
300 2686.147163629532 0.15598591760299627
300 2688.150996685028 0.16014862133499688
300 2690.1551880836487 17.732900087227417
300 2692.1590070724487 0.1565828642281463
300 2694.1633245944977 0.13128886674968868
