0 1.0468285083770752 27.059963980099504
2 3.05108642578125 27.216815342465754
3 5.055439472198486 28.123780186915887
4 7.059198379516602 26.915562620087336
6 9.06309175491333 29.433396345431788
7 11.066550493240356 34.653916288401255
8 13.0704345703125 33.7330162
9 15.075100898742676 33.64538456928839
11 17.079256534576416 33.1157044
12 19.083532094955444 33.326608009919404
13 21.08717370033264 32.86702158058495
14 23.09089422225952 32.7788631316282
15 25.09444308280945 33.140868884735205
17 27.098373889923096 32.91344099378882
18 29.101964473724365 31.443583721219664
19 31.106027841567993 30.939906666666666
21 33.11011552810669 29.950625413814564
22 35.113473892211914 31.232824806973845
23 37.11731553077698 31.095227555555553
25 39.12107467651367 24.855499616573905
26 41.12492847442627 24.65269735660848
27 43.12872362136841 24.81047754539762
29 45.132962226867676 25.53838323144105
30 47.137667417526245 17.61345184079602
32 49.14168095588684 17.385403383084576
34 51.14573001861572 16.763555012468828
35 53.14952874183655 16.155917351655216
37 55.153138875961304 12.950947927363806
39 57.157060861587524 13.636241246105918
40 59.16129159927368 13.285288811013768
42 61.16559314727783 11.184389237445753
44 63.16981840133667 11.74075588599752
46 65.17349100112915 10.966665336658355
47 67.177316904068 10.22332702366127
49 69.18042421340942 9.22179514623522
51 71.1844470500946 9.769422465753424
53 73.18795037269592 9.459923747657713
54 75.19166994094849 12.000929272840272
56 77.19492650032043 12.218410380536495
58 79.19901609420776 11.508723904881101
60 81.20263981819153 12.0590672319202
61 83.20702767372131 15.530711210986267
63 85.21043872833252 14.751786367041198
65 87.21439051628113 14.668730577281192
66 89.21834111213684 19.802552677115987
68 91.22211027145386 19.450426500622665
69 93.22533297538757 19.6540091
71 95.2288429737091 19.430988927680797
72 97.23261666297913 23.327665978868865
74 99.23612117767334 23.368673395638627
75 101.24012589454651 23.512116318407962
77 103.24417209625244 23.268072945590994
78 105.24907922744751 24.64003637726421
80 107.25194334983826 24.643433375156835
81 109.25590252876282 25.3056316
83 111.25941634178162 25.06956387742339
84 113.26430940628052 25.2443831
85 115.26863741874695 26.572589831355405
87 117.27263188362122 26.260757180286966
88 119.27622294425964 26.63449534041224
90 121.28024744987488 23.600689162011175
91 123.28471207618713 24.49565043263288
92 125.28853392601013 24.701409727047146
94 127.29279208183289 24.520792822429907
95 129.29613614082336 24.763507638629285
97 131.30055046081543 23.66431910503418
98 133.304505109787 23.630857470404983
100 135.3082935810089 24.746796625310175
101 137.31187748908997 25.022486820161795
103 139.31743669509888 25.46896079750779
104 141.32034134864807 25.63189966438782
105 143.32453322410583 25.268709323401612
107 145.32902717590332 25.54981439009288
108 147.33293676376343 27.46336009894867
110 149.33660864830017 27.68097498127341
111 151.34052538871765 28.19139626400996
112 153.34447121620178 27.128522706393543
114 155.34774446487427 27.154745536159602
115 157.35148239135742 25.519506351183065
116 159.35508131980896 24.8265719876161
118 161.35913133621216 23.959955040498443
119 163.36317920684814 25.100699963076924
121 165.36682677268982 22.049307326732674
122 167.37076711654663 21.799866351771286
124 169.37445306777954 21.609618265751713
125 171.378027677536 21.668728255159476
127 173.38179898262024 21.08702300621118
128 175.38640522956848 21.36992109794136
130 177.3899712562561 21.66967211970075
131 179.39405059814453 21.615458576779027
133 181.3978955745697 15.457184398753895
135 183.40157628059387 16.23777777777778
136 185.40540170669556 15.279950961298377
138 187.40902400016785 14.224629565217391
140 189.41293907165527 12.634263456019962
141 191.4167652130127 12.525932407754848
143 193.42076635360718 12.744716009975063
145 195.42473435401917 7.938642992518703
147 197.42877745628357 8.191295800623053
148 199.43249988555908 8.103441753287415
150 201.4363715648651 5.871845071472965
152 203.44076490402222 5.779556522826767
154 205.44442176818848 4.5851583760149905
156 207.44944405555725 4.450776780609074
158 209.45321226119995 3.4928004984423673
160 211.4571294784546 3.0119574531835207
162 213.46073460578918 4.4947768
164 215.464448928833 5.528833
165 217.4685184955597 5.617630704049844
167 219.4722936153412 5.532914743429287
169 221.47651553153992 15.138324389027433
171 223.4807424545288 15.442783780411729
172 225.48475313186646 14.36716482198626
174 227.48880791664124 18.581558247809763
175 229.4924509525299 21.357190219435736
177 231.49619030952454 22.315707743940337
179 233.50037240982056 21.730905310173696
180 235.50430631637573 24.21610119402985
181 237.50826382637024 26.957207272727274
183 239.5119698047638 27.234454130841122
184 241.5167179107666 26.832091200995645
186 243.52131605148315 26.56076475594493
187 245.5253074169159 27.639881188118814
188 247.52979850769043 28.024329763387296
190 249.53290343284607 27.88640436724566
191 251.53715181350708 27.719029147479773
192 253.5412082672119 24.78171185139319
194 255.54487943649292 25.309173399750932
195 257.5483100414276 25.879692207629766
197 259.5519630908966 25.70749288640596
198 261.5560212135315 24.703405087281798
200 263.5599219799042 24.82381306930693
201 265.56364727020264 24.642582501555694
202 267.56730604171753 24.70829625935162
204 269.57078218460083 24.884953512164692
205 271.5746796131134 25.18785703611457
207 273.57857275009155 25.958707447073476
208 275.58239793777466 24.689146051154086
210 277.58571600914 25.473042985074628
211 279.5901713371277 25.942050024813895
212 281.59400367736816 25.698859203980103
214 283.59865140914917 25.34168553271028
215 285.60135197639465 25.922024404242045
217 287.6052830219269 24.06281216957606
218 289.608882188797 24.080205074626864
219 291.61287927627563 24.862546217228466
221 293.6164846420288 24.9245406105919
222 295.62042927742004 25.34511433540373
224 297.6249234676361 26.87990717027864
225 299.6282699108124 27.46941493498452
226 301.63195061683655 26.275716747361887
228 303.6357207298279 28.62942872817955
229 305.63938093185425 31.13481812538796
230 307.6448726654053 30.57362108141703
232 309.6485619544983 31.055418209142143
233 311.6528058052063 31.35062654252017
234 313.6567370891571 30.880512557560674
236 315.660706281662 32.22506481044127
237 317.66453075408936 31.81241339141257
238 319.66840410232544 31.51969194772869
239 321.67228078842163 31.511762186335403
241 323.67572832107544 27.323269264069268
242 325.67895102500916 28.1430028
243 327.68231987953186 27.65526821473159
245 329.68602681159973 28.092266732673266
246 331.68978476524353 26.128084037383175
248 333.69356894493103 25.09125166770768
249 335.69740557670593 25.74823611457036
250 337.7011651992798 25.79050646728972
252 339.7049050331116 24.56856318804483
253 341.7104322910309 23.535761198501874
255 343.7141010761261 24.91829363352095
256 345.717919588089 25.762336120150188
258 347.7222788333893 24.451523497813866
259 349.7258234024048 21.47421335003131
261 351.7296826839447 20.359207929736513
262 353.73362612724304 20.22097029356652
264 355.7375967502594 20.3861368
265 357.7414116859436 15.34457128526646
267 359.746132850647 15.872233707865169
269 361.7501621246338 15.807303035602748
270 363.7534599304199 11.046552917705736
272 365.7571475505829 11.516184430538173
274 367.76065158843994 11.339002446941324
276 369.7640595436096 11.116632069392812
277 371.7677674293518 7.372282762912259
279 373.77192425727844 7.7665518255451715
281 375.7762203216553 7.773931656288917
283 377.7803795337677 3.2896502743142144
285 379.78404450416565 4.526328955223881
287 381.788446187973 4.368989063670412
289 383.792099237442 4.412924788029925
291 385.7964606285095 5.817118404984424
292 387.8004631996155 5.198587665418227
294 389.8046419620514 11.886327362569487
296 391.80828332901 15.276981546134664
298 393.81257700920105 14.659642347066168
299 395.8166379928589 13.79503292211838
300 397.821026802063 0.15072159700561447
300 399.8254647254944 0.1577783114446529
300 401.8288161754608 0.15292619018023618
300 403.83209133148193 0.1546444472204872
300 405.8364281654358 0.15711670206121175
300 407.8401746749878 0.15940986232790988
300 409.84368562698364 0.15373897371714643
300 411.8475196361542 0.15237147132169576
300 413.8510410785675 0.16092393237319974
300 415.8545575141907 0.1656938
300 417.8585138320923 0.15230860712054964
300 419.8624711036682 0.15441928794503434
300 421.86620831489563 0.15326668335419275
300 423.86973309516907 0.17385426433915213
300 425.8735935688019 0.17615019387116948
300 427.87702918052673 0.20721580988117574
300 429.8812885284424 0.15760931163954944
300 431.884334564209 0.17164890000000002
300 433.88793301582336 0.1560212866958151
300 435.8908224105835 0.15625337507827175
300 437.8946228027344 0.1545487211478478
300 439.8988163471222 0.15174386008744536
300 441.9025888442993 0.1539827
300 443.9062418937683 0.13192700876095118
300 445.9103424549103 0.13006609130706692
300 447.9140498638153 0.13505499063085571
300 449.9176425933838 0.13351022443890273
300 451.9214301109314 0.13439781502172565
300 453.92499446868896 0.13354077403245943
300 455.9288556575775 0.13233557080474112
300 457.9326193332672 0.14460530000000002
300 459.936562538147 0.1512155
300 461.9408679008484 0.17418304239401497
300 463.94447088241577 0.1575929956222639
300 465.9476363658905 0.1561277
300 467.951078414917 0.20525488430268918
300 469.95539712905884 0.1550430056355667
300 471.9593186378479 0.16048
300 473.9634654521942 0.15370733291692693
300 475.9668915271759 0.1522677
300 477.97081089019775 0.15475515605493134
300 479.97428154945374 0.1552198247809762
300 481.97817492485046 0.15651477826358526
300 483.9818580150604 0.1555837
300 485.9854202270508 0.1536980225281602
300 487.9889106750488 0.15318347934918647
300 489.9926726818085 0.15394068707058087
300 491.99603939056396 0.1537695
300 493.99941301345825 0.1546737025513379
300 496.00242042541504 0.15309865998747652
300 498.006356716156 0.17295309136420525
300 500.0098865032196 0.1528947
300 502.01408195495605 0.1552711
300 504.0174226760864 0.1556047470331043
300 506.0208828449249 0.15586255770430443
300 508.024099111557 0.1560710444027517
300 510.02716279029846 0.1527635
300 512.0308105945587 0.15846841448189763
300 514.0344018936157 0.15390867877269881
300 516.0377769470215 0.1594105315822389
300 518.0412793159485 0.15753246882793018
300 520.0446574687958 0.15647380387257964
300 522.0480797290802 0.15341642946317102
300 524.0507915019989 0.15558073796122576
300 526.0536210536957 0.15655002493765585
300 528.0570414066315 0.1552938480697385
300 530.0601091384888 0.15607214509068168
300 532.0636119842529 0.1554156261682243
300 534.0666568279266 0.15507507807620236
300 536.0713486671448 0.151944
300 538.0749759674072 0.2342633
300 540.0783083438873 0.1537294382022472
300 542.082142829895 0.1762763727329581
300 544.085696220398 0.15818970000000002
300 546.0890092849731 0.15475353711790393
300 548.0930030345917 0.1551406257822278
300 550.096283197403 0.1534608
300 552.1001853942871 0.1568231
300 554.1039757728577 0.09893460000000001
300 556.1082758903503 0.15381856339787633
300 558.112122297287 0.15366998748435545
300 560.1155934333801 0.15668936170212766
300 562.1193585395813 0.15424538653366582
300 564.1226353645325 0.15157883677298312
300 566.126139163971 0.1528637
300 568.1305644512177 0.152836992481203
300 570.1344599723816 0.1532960100062539
300 572.1378130912781 0.1628254
300 574.1417229175568 0.131142
300 576.1455125808716 0.12391690387016228
300 578.1493527889252 0.13334571785268415
300 580.1534898281097 0.1304694868585732
300 582.1576809883118 0.12414829268292682
300 584.1615211963654 0.12595282051282053
300 586.1654200553894 0.1294927
300 588.1696314811707 0.12831679398872886
300 590.1733160018921 0.1569883176985616
300 592.1766381263733 0.1548514
300 594.1801273822784 0.153068
300 596.1834983825684 0.1539715710723192
300 598.1871359348297 0.15742257822277847
300 600.1915552616119 0.1529789
300 602.1957716941833 0.1539215990006246
300 604.1995966434479 0.15596883895131086
300 606.2032353878021 0.15798120000000002
300 608.2068943977356 0.1571488
300 610.2107689380646 0.15742558197747183
300 612.2142210006714 0.15755994993742178
300 614.2178075313568 0.15241180000000001
300 616.2211022377014 0.1590176419213974
300 618.2243905067444 0.1559133
300 620.2276406288147 0.155168
300 622.2307288646698 0.15579661865998748
300 624.23379778862 0.1540711889862328
300 626.2373869419098 0.15576925578486553
300 628.2404985427856 0.15304854465958775
300 630.2440643310547 0.15583470991890205
300 632.2477984428406 0.1537423
300 634.2524943351746 0.15165400250941027
300 636.2570013999939 0.1328107066916823
300 638.2610137462616 0.14683747972551467
300 640.2650668621063 0.13536990000000002
300 642.2689952850342 0.13012112570356474
300 644.272399187088 0.13252714107365793
300 646.2761564254761 0.1321778
300 648.2799439430237 0.13823480649188513
300 650.283721446991 0.13282127340823968
300 652.2876765727997 0.13725298311444653
300 654.2912857532501 0.13504508411214955
300 656.294784784317 0.13947347091932458
300 658.29865026474 0.1481654965646471
300 660.3021860122681 0.13691385767790262
300 662.3058974742889 0.1352838
300 664.3101677894592 0.13772117573483425
300 666.3138508796692 0.1360893
300 668.3186445236206 0.1457474
300 670.3222317695618 0.1381316290726817
300 672.3265368938446 0.15458071653048397
300 674.3307189941406 0.15462454033771106
300 676.33456158638 0.15403475655430712
300 678.3382318019867 0.1554725703564728
300 680.3415207862854 0.1540549
300 682.3453452587128 0.15520890556597874
300 684.3490166664124 0.15334488110137673
300 686.3525025844574 0.15297931207004378
300 688.3568201065063 0.15673099999999998
300 690.3605642318726 0.1311832104934416
300 692.3643863201141 0.13315557776389758
300 694.368047952652 0.13409077306733166
300 696.3714191913605 0.13244356830941983
300 698.3752791881561 0.15104521303258145
300 700.3788259029388 0.1437091181988743
300 702.3826787471771 0.13671864915572235
300 704.38631772995 0.130198648310388
300 706.3898749351501 0.13352404747033103
300 708.3939921855927 0.13352365228267668
300 710.3977551460266 0.13610403003754692
300 712.4020473957062 0.15593304184884446
300 714.405855178833 0.15895529411764706
300 716.4096529483795 0.1541652
300 718.4136953353882 0.15605560000000002
300 720.4170565605164 0.155675
300 722.4202497005463 0.1539904678727386
300 724.4231855869293 0.1539918898623279
300 726.4268188476562 0.15527584220413274
300 728.4303977489471 0.15352404747033105
300 730.4343557357788 0.1554434478450968
300 732.4374783039093 0.15470669168230144
300 734.4411046504974 0.15481852315394243
300 736.444354057312 0.15993279999999999
300 738.4485788345337 0.1565836
300 740.4519731998444 0.1551941
300 742.4553985595703 0.1543294
300 744.4589290618896 0.1548279301745636
300 746.4623918533325 0.15508478802992517
300 748.4658777713776 0.1592846
300 750.4693207740784 0.09668384519350812
300 752.4730567932129 0.1527509386733417
300 754.4767677783966 0.1530410986267166
300 756.4803125858307 0.15284782989368356
300 758.4838285446167 0.15266651657285804
300 760.4870784282684 0.15291006242197255
300 762.4908754825592 0.15809381727158947
300 764.494708776474 0.15825798875702685
300 766.4980809688568 0.1565235
300 768.502503156662 0.15747331670822942
300 770.5057239532471 0.15577041301627034
300 772.5097751617432 0.16145651031894936
300 774.5132670402527 0.1586987
300 776.5167245864868 0.15411198001249218
300 778.5203049182892 0.15650345601996257
300 780.5239706039429 0.15570278575890067
300 782.5275368690491 0.1555856768558952
300 784.5316188335419 0.155138
300 786.5351328849792 0.1559808880550344
300 788.5387034416199 0.1557584981226533
300 790.541805267334 0.1545547
300 792.5451922416687 0.1572918925671455
300 794.5487196445465 0.1558453
300 796.5522437095642 0.15539239999999999
300 798.5571582317352 0.1577072670419012
300 800.5605049133301 0.157287
300 802.5639019012451 0.15570942643391522
300 804.5682530403137 0.15543960099750626
300 806.5718445777893 0.1570886
300 808.5762813091278 0.13985782227784732
300 810.5797388553619 0.13168728179551123
300 812.5839376449585 0.13044527170518427
300 814.5879209041595 0.1340954709918902
300 816.5916407108307 0.13756022485946284
300 818.5956580638885 0.13768434728294815
300 820.5995557308197 0.1398102814258912
300 822.6035048961639 0.14203010644959296
300 824.607260465622 0.1364539
300 826.6109120845795 0.13649599999999998
300 828.6146323680878 0.1382850845335003
300 830.6192760467529 0.13689933791380388
300 832.6231756210327 0.13830915677701439
300 834.6267473697662 0.13529933791380386
300 836.6304798126221 0.1384730174563591
300 838.6342706680298 0.138406904315197
300 840.6384172439575 0.1382444915782907
300 842.6423182487488 0.13619445692883897
300 844.6460416316986 0.13755561097256858
300 846.6497976779938 0.13817719626168223
300 848.6532573699951 0.13528389513108613
300 850.6570782661438 0.13780953807740326
300 852.6606757640839 0.13780042526579112
300 854.664267539978 0.1362675
300 856.6675753593445 0.1373158448060075
300 858.671662569046 0.1429518102372035
300 860.6752028465271 0.1350063789868668
300 862.6792085170746 0.1388847970018738
300 864.6837627887726 0.1353839700374532
300 866.6875879764557 0.1434881
300 868.6912114620209 0.1498942
300 870.6945917606354 0.14200806512210395
300 872.6984488964081 0.13716873045653533
300 874.7022507190704 0.1352556
300 876.7064826488495 0.1367555
300 878.7102637290955 0.13442
300 880.7140090465546 0.14523272954403496
300 882.7176365852356 0.13898058860363183
300 884.7212383747101 0.0912492
300 886.724898815155 0.1559250062578223
300 888.7290120124817 0.15555158026233606
300 890.7325944900513 0.1580379737335835
300 892.7365942001343 0.15460047470331043
300 894.7399935722351 0.153581
300 896.7431893348694 0.15965266583229035
300 898.7476444244385 0.1566788
300 900.7506639957428 0.15638283927454658
300 902.7543523311615 0.15495031210986268
300 904.7576460838318 0.15515312929419112
300 906.7616419792175 0.1581321325828643
300 908.7649037837982 0.1533144
300 910.7678709030151 0.1543295
300 912.7721390724182 0.1275893
300 914.7752821445465 0.10850878201124298
300 916.7783782482147 0.1517482147315855
300 918.7822108268738 0.1536973391630231
300 920.7854316234589 0.10652165206508137
300 922.7890133857727 0.155167560823456
300 924.7925596237183 0.15555372107567228
300 926.7959668636322 0.15494149999999998
300 928.799357175827 0.15641852315394242
300 930.8037641048431 0.158356
300 932.8072402477264 0.15311569731081925
300 934.8110065460205 0.1515887429643527
300 936.8144614696503 0.15706959999999998
300 938.8178527355194 0.1110169144284822
300 940.821124792099 0.15905040650406504
300 942.8246295452118 0.1536294631710362
300 944.8282029628754 0.15559093299937382
300 946.8322107791901 0.15826337078651687
300 948.8357207775116 0.15627847404627893
300 950.839248418808 0.1570474
300 952.8426198959351 0.15434323547782636
300 954.8455369472504 0.1543524
300 956.8494305610657 0.1614386975579211
300 958.8529648780823 0.15558154613466332
300 960.8571915626526 0.1562481795511222
300 962.8606884479523 0.1590362
300 964.8654239177704 0.15505951219512196
300 966.8695077896118 0.15336100125156446
300 968.8727021217346 0.1600191
300 970.8767766952515 0.1561919
300 972.8803868293762 0.1557902
300 974.8839244842529 0.1533276
300 976.8876693248749 0.15324971892567146
300 978.891434431076 0.15720300375469337
300 980.894650220871 0.15721973766396002
300 982.898099899292 0.1580058536585366
300 984.9013905525208 0.1538054
300 986.9053885936737 0.15692607879924952
300 988.9094018936157 0.15358537257357543
300 990.9133448600769 0.1560547
300 992.9178652763367 0.1565395
300 994.9220519065857 0.1555958474046279
300 996.9258127212524 0.15622634146341463
300 998.9293892383575 0.13075492182614135
300 1000.9330205917358 0.15666688319800123
300 1002.9363625049591 0.1555056089943785
300 1004.9394779205322 0.15535440349781388
300 1006.9427366256714 0.15409722152690863
300 1008.9464092254639 0.156231344590369
300 1010.9496717453003 0.15424899437851342
300 1012.9534423351288 0.153058
300 1014.9564609527588 0.1541697877652934
300 1016.9600310325623 0.1543976044915783
300 1018.9634852409363 0.1548086445971268
300 1020.9665539264679 0.1536606516290727
300 1022.9701507091522 0.15728520650813518
300 1024.973298072815 0.1566157
300 1026.9769291877747 0.15601331664580725
300 1028.9817748069763 0.1561837554585153
300 1030.9859273433685 0.15881595997498435
300 1032.9895250797272 0.15543255465334166
300 1034.9929456710815 0.15317983739837399
300 1036.9968671798706 0.15652775969962454
300 1039.0002443790436 0.15596312304809493
300 1041.003219127655 0.1623514
300 1043.0069041252136 0.15526310000000001
300 1045.0099248886108 0.006388986232790988
300 1047.0135991573334 0.15538749999999998
300 1049.0171296596527 0.15652222639149468
300 1051.0206530094147 0.15507552220137585
300 1053.023895740509 0.15652312695434648
300 1055.027776479721 0.15445393370856786
300 1057.031238079071 0.1534307
300 1059.0352618694305 0.15175730337078652
300 1061.038620710373 0.15423049405878672
300 1063.0433249473572 0.15451642723297937
300 1065.0468180179596 0.1559867917448405
300 1067.0509407520294 0.1553713
300 1069.0544419288635 0.155899774718398
300 1071.0581753253937 0.15938915466499687
300 1073.061675786972 0.15845383364602877
300 1075.065095424652 0.1566026
300 1077.0686192512512 0.15546460386774796
300 1079.0726704597473 0.15553047381546134
300 1081.0761740207672 0.15430316052467208
300 1083.0792033672333 0.15252738154613465
300 1085.0831413269043 0.1568878647463995
300 1087.08700299263 0.1523115106117353
300 1089.0907588005066 0.15655414634146342
300 1091.0942704677582 0.15721085678549093
300 1093.0975964069366 0.1547623529411765
300 1095.1010167598724 0.15344
300 1097.1056592464447 0.15726771535580525
300 1099.109540939331 0.15404387742338962
300 1101.1129763126373 0.1546419
300 1103.117118358612 0.15655989987484356
300 1105.1202518939972 0.15640440550688361
300 1107.1237134933472 0.1552685143570537
300 1109.12717795372 0.15751689612015018
300 1111.1313436031342 0.1522754556803995
300 1113.1348865032196 0.13788050000000002
300 1115.1393747329712 0.15185608994378513
300 1117.1429641246796 0.1542282
300 1119.1461639404297 0.15522528419737663
300 1121.1496698856354 0.16049311639549438
300 1123.152663230896 0.1553943214509068
300 1125.1560900211334 0.1555446845721424
300 1127.1595582962036 0.15434733167082293
300 1129.1628432273865 0.15895066749844042
300 1131.1671586036682 0.1560115
300 1133.1710464954376 0.15480795497185743
300 1135.174388408661 0.15306456535334584
300 1137.1778378486633 0.15587952470293934
300 1139.1813459396362 0.15527765439800376
300 1141.1855685710907 0.1521995
300 1143.188955783844 0.1545536119775421
300 1145.1922233104706 0.1537822138836773
300 1147.1957383155823 0.1543357598499062
300 1149.198763847351 0.15551151061173532
300 1151.202469110489 0.15428462789243277
300 1153.2062237262726 0.1534006
300 1155.209389925003 0.1525660462211118
300 1157.2125775814056 0.15321252651278852
300 1159.2160925865173 0.155141
300 1161.2198116779327 0.1554355527795128
300 1163.2235670089722 0.15765026858213618
300 1165.228226184845 0.15638066208619614
300 1167.2317662239075 0.1560347
300 1169.2351231575012 0.1564141822721598
300 1171.2386343479156 0.15541136420525656
300 1173.24298453331 0.15305362445414847
300 1175.2468221187592 0.15302855715178013
300 1177.2501511573792 0.1532463
300 1179.2544205188751 0.15436587867417134
300 1181.2581181526184 0.15820205256570713
300 1183.261299610138 0.15671323731997494
300 1185.2657220363617 0.1594368961201502
300 1187.2697994709015 0.15840719550281074
300 1189.27343583107 0.1563984
300 1191.2769179344177 0.1572308
300 1193.2807383537292 0.1607302435977514
300 1195.2851874828339 0.15519979987492183
300 1197.289326429367 0.15499380211574362
300 1199.292599439621 0.1565017863835103
300 1201.2957558631897 0.156015670617592
300 1203.298979997635 0.1590352
300 1205.3030755519867 0.15484582136164896
300 1207.3062944412231 0.1556616229712859
300 1209.3092019557953 0.15450733291692692
300 1211.3128728866577 0.1542993
300 1213.3167924880981 0.15372744069912608
300 1215.3203794956207 0.13563897435897435
300 1217.3240332603455 0.1309859337913804
300 1219.3274204730988 0.14434070000000002
300 1221.3306772708893 0.1322379
300 1223.3344259262085 0.13793470919324577
300 1225.3380579948425 0.1368101936289819
300 1227.3425829410553 0.1556959
300 1229.3460474014282 0.15502342072409486
300 1231.349761247635 0.1536662
300 1233.3573324680328 0.15694120571783718
300 1235.3610894680023 0.15545853841349158
300 1237.3645448684692 0.47175601494396013
300 1239.3687648773193 0.15407719649561952
300 1241.3722891807556 0.44648229426433916
300 1243.3756067752838 0.15393458177278402
300 1245.3788459300995 0.1582371036204744
300 1247.382364988327 0.13504699562773267
300 1249.3855051994324 0.15312120150187736
300 1251.3894653320312 0.15180549999999998
300 1253.393208026886 0.133314
300 1255.397272825241 0.1336948
300 1257.401382446289 0.1435658860363181
