1 1.2163968086242676 10.16311421446384
2 3.2202401161193848 10.047777421777221
4 5.224128246307373 10.36671521495327
6 7.228984832763672 9.837739438552713
8 9.232750654220581 9.90127122741433
9 11.236992120742798 9.653597099999999
11 13.240541458129883 9.50035740648379
13 15.244870901107788 9.340794029850747
15 17.249074459075928 9.484882538892347
17 19.25292730331421 9.303083835616437
18 21.256649494171143 9.671383555832813
20 23.2606360912323 9.376424004990643
22 25.264697551727295 9.362114435433561
24 27.268231868743896 9.595288455284551
26 29.272100687026978 9.638994897324206
27 31.27552342414856 9.519606038677479
29 33.2798912525177 9.391315355805244
31 35.28324341773987 9.72709492834891
33 37.28702449798584 9.361411118051217
34 39.290632486343384 9.386327272727273
36 41.29435753822327 9.435370786516854
38 43.29785943031311 9.316585538270068
40 45.30176305770874 9.211243980099502
42 47.30504775047302 9.408972692067458
43 49.309200286865234 9.563183121098627
45 51.312748193740845 9.3807537
47 53.316511154174805 9.376642691588785
49 55.32024121284485 9.393444890829695
51 57.3242666721344 9.489546332916145
52 59.327922344207764 9.739934943960149
54 61.33186912536621 9.067629819539516
56 63.33586382865906 9.786416779026217
58 65.33929491043091 9.43375680798005
59 67.34345960617065 9.352972592129918
61 69.34729599952698 9.606539950124688
63 71.35137867927551 9.802388029925186
65 73.35545778274536 9.82151134459037
67 75.3592357635498 8.747807123287672
68 77.36310815811157 9.741426325639425
70 79.36678838729858 9.634417078651685
72 81.37154579162598 9.775500049875312
74 83.37529349327087 9.577293965087282
76 85.37955355644226 9.389137766687462
77 87.38304948806763 9.4173151
79 89.3872492313385 9.411784165103189
81 91.39097452163696 9.176212667083075
83 93.39469814300537 9.588471188986233
84 95.39823627471924 9.432962896379525
86 97.40208125114441 9.4214438
88 99.40566873550415 9.428595844806008
90 101.40958786010742 9.62167770287141
92 103.41317367553711 9.615758409937888
93 105.41751742362976 9.615501569115816
95 107.42121052742004 9.217398481642812
97 109.42527270317078 9.344898776529337
99 111.42957019805908 9.55240029925187
101 113.43404412269592 9.64076229426434
102 115.43824028968811 10.194375615240475
104 117.44170570373535 10.2027653
106 119.44592571258545 9.919498713304185
108 121.44958448410034 9.935990711610486
109 123.45313596725464 9.471458914535248
111 125.45720148086548 9.7299425
113 127.46106600761414 9.740363563862928
115 129.46509218215942 9.481545570093457
117 131.46897864341736 9.389619076154807
118 133.47315502166748 9.576653873986276
120 135.47700905799866 9.655577157107231
122 137.48096895217896 9.596148913857677
124 139.4844949245453 8.86702
125 141.48848128318787 9.833518397997496
127 143.49208760261536 10.280601647940076
129 145.49619960784912 9.8082333
131 147.50059843063354 9.682578829389788
133 149.50427150726318 8.824414704049845
134 151.50806331634521 9.330362540473224
136 153.51165676116943 9.442485831775702
138 155.51525449752808 9.43990243902439
140 157.51939296722412 9.385343239524703
142 159.52290272712708 9.736014264339152
143 161.52672338485718 9.412701845386534
145 163.5301604270935 9.702462061211744
147 165.53384470939636 8.64387517801374
149 167.53748202323914 9.41710087609512
150 169.54129004478455 9.645617567061759
152 171.54483914375305 9.412198176139913
154 173.5486249923706 9.384277446808511
156 175.552734375 9.943958503740648
158 177.55645847320557 9.849434192740926
159 179.56135249137878 9.558941622971286
161 181.5657458305359 8.972715505617977
163 183.56874084472656 9.401741834061134
165 185.57261872291565 9.4393265
167 187.57661366462708 9.417086520924423
168 189.58049750328064 9.31208608478803
170 191.58451318740845 9.366564571428572
172 193.58834314346313 9.712489675810474
174 195.5924015045166 9.704052338308458
175 197.59628248214722 9.404831660424469
177 199.60022139549255 9.447009756706176
179 201.6039638519287 9.418916354556805
181 203.60808992385864 9.79085293383271
183 205.61189699172974 9.097813399875234
184 207.61585330963135 9.387552079701122
186 209.61965012550354 9.808049737827714
188 211.62340378761292 9.393690816199376
190 213.62842917442322 9.772247935121648
192 215.6321861743927 9.375598452900812
193 217.63610076904297 8.76917671641791
195 219.6398265361786 9.613635211970074
197 221.64352416992188 9.913846728971963
199 223.64762592315674 9.775204978220287
200 225.6515552997589 9.976553454091192
202 227.65532755851746 9.612659116365899
204 229.65902996063232 8.440876911581569
206 231.66323065757751 9.697966483790523
208 233.66714572906494 9.38907303482587
209 235.67086172103882 9.4220336
211 237.67501068115234 9.404395516811956
213 239.6788694858551 9.446714713216958
215 241.6824061870575 9.538752019950126
217 243.6861605644226 9.271417619937694
218 245.6920623779297 9.288982330218069
220 247.69572496414185 9.687121697877652
222 249.69942617416382 9.825056199376947
224 251.70328950881958 9.597314036182159
225 253.70683217048645 9.869957676452218
227 255.71070981025696 9.83451727329581
229 257.71406841278076 9.459300599999999
231 259.7182972431183 8.9869822
233 261.72197103500366 9.36085280099813
234 263.72636365890503 9.633545171339563
236 265.7297852039337 9.436566130841122
238 267.7332212924957 9.83388572142411
240 269.73711252212524 9.824394346466542
242 271.7404832839966 9.4537816
243 273.7441210746765 9.006784438902743
245 275.7477786540985 9.386161447286339
247 277.7516813278198 9.358453466334165
249 279.7555456161499 9.294960549656464
250 281.75940799713135 9.5473771
252 283.76333498954773 9.64023292652553
254 285.7675609588623 9.46772182158453
256 287.77097368240356 9.401665658963148
258 289.7750792503357 8.9783296
259 291.77871108055115 9.631770300000001
261 293.78231620788574 9.425951519699813
263 295.7863473892212 9.641841396508728
265 297.7900986671448 9.7653528
267 299.7939245700836 9.426636042579837
268 301.79734444618225 9.6193768
270 303.80104970932007 8.822070517779164
272 305.80474972724915 9.42593368289638
274 307.8086099624634 9.951690300000001
275 309.8123621940613 9.380716247654783
277 311.81750082969666 9.410613829919305
279 313.82125425338745 9.358494058786741
281 315.8253319263458 9.39703137694704
283 317.82881116867065 9.63886167709637
284 319.83331203460693 9.314060012492192
286 321.83659768104553 9.8905107
288 323.8402965068817 9.423325564566438
290 325.8441879749298 9.660488789013733
292 327.8476994037628 9.700576818465377
293 329.85160517692566 9.634842341220423
295 331.85484504699707 9.706455434646655
297 333.85862159729004 10.33854679174484
299 335.8621737957001 10.216406862867878
300 337.86610436439514 0.15784900000000002
300 339.869980096817 0.1574181
300 341.8738856315613 0.17132405506883602
300 343.8783869743347 0.16062739212007504
300 345.8830530643463 0.17726782283218964
300 347.8869717121124 0.15900574282147317
300 349.89127802848816 0.15928305190744213
300 351.8949010372162 0.17104380000000002
300 353.8980643749237 0.1609355694618273
300 355.9023051261902 0.13988242651657287
300 357.90604615211487 0.09663700187382886
300 359.91010761260986 0.18143259073842302
300 361.91365480422974 0.13484321495327103
300 363.91741943359375 0.13521019362898187
300 365.9209854602814 0.12834536828963797
300 367.9239161014557 0.1284776029962547
300 369.9275436401367 0.1312100062539087
300 371.9318833351135 0.1371359402241594
300 373.9349989891052 0.1309650936329588
300 375.93967294692993 0.13030475716064757
300 377.94345808029175 0.12912560350218888
300 379.94692945480347 0.12908652092442224
300 381.9502639770508 0.12741503121098627
300 383.95434379577637 0.1315576
300 385.9577262401581 0.13073282404508454
300 387.961168050766 0.13094714196372734
300 389.96435928344727 0.1383106766917293
300 391.96727085113525 0.13133128205128206
300 393.97032594680786 0.1339656714553404
300 395.97351813316345 0.13137129294191133
300 397.9768660068512 0.1326647
300 399.9803276062012 0.1337509
300 401.9834449291229 0.13227096129837704
300 403.986629486084 0.13073781113195748
300 405.9897608757019 0.12921564022485948
300 407.9932813644409 0.13977125703564727
300 409.9977102279663 0.13654313946216387
300 412.00127387046814 0.13822822942643392
300 414.004985332489 0.12936199750312108
300 416.00808119773865 0.1286230106183635
300 418.0118508338928 0.1527535
300 420.01558113098145 0.1311058
300 422.0186491012573 0.12903654784240148
300 424.0221405029297 0.1321038
300 426.02549266815186 0.1301048844472205
300 428.0290672779083 0.1294257
300 430.0326180458069 0.14706365564566437
300 432.0364909172058 0.13228335195530727
300 434.03978872299194 0.12889659813084112
300 436.04375648498535 0.13004837905236907
300 438.0472831726074 0.13108407245471582
300 440.0505630970001 0.13112075046904315
300 442.05447578430176 0.1537174531835206
300 444.0590434074402 0.1318273
300 446.0625867843628 0.15865655860349126
300 448.06634974479675 0.16125881324172392
300 450.07035064697266 0.15733569557080473
300 452.0741753578186 0.15600189408099688
300 454.07783555984497 0.1549409476309227
300 456.08195424079895 0.1566834456928839
300 458.08535861968994 0.18134178415470992
300 460.0889823436737 0.1551089569019363
300 462.092627286911 0.1572188
300 464.09611439704895 0.15736075140889166
300 466.09989404678345 0.16244960698689956
300 468.1033229827881 0.1632211
300 470.1074764728546 0.15588661260137243
300 472.11089611053467 0.15789361648969394
300 474.11485481262207 0.1623043391521197
300 476.1196074485779 0.1546796252342286
300 478.12342500686646 0.17443645443196004
300 480.12733268737793 0.15894037546933668
300 482.1311948299408 0.15535329580988116
300 484.13496470451355 0.15708137585991244
300 486.13876938819885 0.15591064415259537
300 488.1422257423401 0.15854905472636815
300 490.14648151397705 0.15662138836772982
300 492.15017104148865 0.12680549313358302
300 494.15349292755127 0.12605967459324155
300 496.15743827819824 0.16251217010631647
300 498.16076159477234 0.15934978723404256
300 500.16453075408936 0.15642986866791744
300 502.1681168079376 0.15655363807138384
300 504.17202949523926 0.15550461922596753
300 506.17564249038696 0.16236667917448405
300 508.17897272109985 0.1600248310387985
300 510.18395709991455 0.1565867000626174
300 512.1877453327179 0.15518982543640897
300 514.1911418437958 0.1559718352059925
300 516.1949887275696 0.1554765814098565
300 518.1986975669861 0.15788267667292058
300 520.202184677124 0.15594023735165521
300 522.2056422233582 0.16098600000000002
300 524.2092959880829 0.1583091296180338
300 526.2129273414612 0.15658579837194742
300 528.2163696289062 0.1580283
300 530.219722032547 0.15806499061913695
300 532.2233953475952 0.1604917926296065
300 534.227105140686 0.1567878924327705
300 536.2304339408875 0.1639868918073796
300 538.234423160553 0.15289562071116655
300 540.2380394935608 0.12852574282147317
300 542.2413697242737 0.12960761427676892
300 544.2466473579407 0.1334890693316677
300 546.2502589225769 0.13171622263914948
300 548.2538130283356 0.12823555277951282
300 550.2576160430908 0.15672204871955028
300 552.2621111869812 0.1599594239198497
300 554.266188621521 0.1566899
300 556.2704319953918 0.13113204247345409
300 558.2738118171692 0.16810133666458463
300 560.2772612571716 0.1802199
300 562.2809188365936 0.160324602876798
300 564.2844581604004 0.13210986267166044
300 566.288537979126 0.13411116104868914
300 568.2925293445587 0.12859049282595134
300 570.2962191104889 0.12895590511860175
300 572.3001222610474 0.1290479900124844
300 574.303727388382 0.13558074812967583
300 576.3074417114258 0.13277021861336666
300 578.3113894462585 0.14879750467872738
300 580.3150064945221 0.12690345601996256
300 582.3186211585999 0.13216730456535333
300 584.3220999240875 0.1327661211742661
300 586.3260097503662 0.14236165206508133
300 588.3293766975403 0.13397702871410735
300 590.3335330486298 0.13385245778611632
300 592.3371093273163 0.12697135709818635
300 594.3410959243774 0.1291302
300 596.3447232246399 0.12556883895131085
300 598.3488557338715 0.130602
300 600.3520219326019 0.13285803627267043
300 602.3554890155792 0.13249968769519052
300 604.3587272167206 0.12869967621419676
300 606.3621175289154 0.1290724702939337
300 608.3654510974884 0.12776454148471617
300 610.3696067333221 0.13646181136789506
300 612.3735513687134 0.13470375939849624
300 614.3769059181213 0.1307962953692115
300 616.3806102275848 0.13203977457733249
300 618.384036064148 0.12829251717676454
300 620.3877515792847 0.12778683291770573
300 622.3911414146423 0.12675611940298506
300 624.395078420639 0.12684819937694705
300 626.3984806537628 0.12851066167290887
300 628.4016432762146 0.12937228464419476
300 630.4057655334473 0.1310898
300 632.4090042114258 0.12665144284821986
300 634.4124743938446 0.1264434456928839
300 636.4160652160645 0.12821747183979973
300 638.4195835590363 0.13403882573391632
300 640.4231815338135 0.13825998750780763
300 642.4267523288727 0.13155967520299813
300 644.4300878047943 0.12864249532127262
300 646.4347550868988 0.13437988742964355
300 648.4382131099701 0.1376783
300 650.4417307376862 0.1310908
300 652.4451975822449 0.12837966271080575
300 654.4487948417664 0.1287288555347092
300 656.4524035453796 0.12800139825218476
300 658.4565739631653 0.12844129675810473
300 660.4599072933197 0.12589734248284468
300 662.4633269309998 0.13099402873204247
300 664.4669091701508 0.12941550715619166
300 666.4705410003662 0.13088979387882574
300 668.4738173484802 0.1275854772301934
300 670.4780149459839 0.1283773566084788
300 672.4814193248749 0.12603862585883824
300 674.4848623275757 0.1301054477144646
300 676.4883115291595 0.12828871955028107
300 678.493016242981 0.1269316354556804
300 680.4967887401581 0.1299958
300 682.5004587173462 0.1260771036204744
300 684.504204750061 0.12738748282323548
300 686.5079898834229 0.12666047440699127
300 688.5122239589691 0.15824409743910056
300 690.5158104896545 0.15632918851435704
300 692.5194001197815 0.1563146966854284
300 694.5227828025818 0.15279591277258567
300 696.5266780853271 0.15578236397748593
300 698.5303423404694 0.1584301
300 700.5337307453156 0.15728541014402006
300 702.5369400978088 0.15495399249061328
300 704.5401010513306 0.15526371947401377
300 706.5443456172943 0.15817084322298564
300 708.5481195449829 0.15026823529411765
300 710.5521070957184 0.1463687390761548
300 712.5566613674164 0.15290669993761696
300 714.5602717399597 0.13619563318777292
300 716.564234495163 0.13177352464129757
300 718.5680150985718 0.1353679900124844
300 720.5718858242035 0.1371431
300 722.575667142868 0.1315385536159601
300 724.5795817375183 0.15560375234521576
300 726.5839281082153 0.15361719999999998
300 728.5873651504517 0.15200529668956902
300 730.5912964344025 0.12939648159700562
300 732.5947036743164 0.1308255021834061
300 734.5984306335449 0.1279319
300 736.6022436618805 0.1283316145181477
300 738.6056697368622 0.15495014383989994
300 740.609617471695 0.1557811
300 742.6129415035248 0.1548148778960551
300 744.6170227527618 0.15377631019387117
300 746.62158370018 0.17236535669586983
300 748.6253273487091 0.15349753595997498
300 750.628333568573 0.15336465873512836
300 752.6314570903778 0.15533418386491557
300 754.634434223175 0.1557556418284283
300 756.638254404068 0.1559457661038149
300 758.6413390636444 0.1558153846153846
300 760.6449122428894 0.1561067
300 762.6483826637268 0.16432831038798498
300 764.6517732143402 0.1566437
300 766.6554300785065 0.20705445482866042
300 768.6592223644257 0.14075715355805243
300 770.6622579097748 0.1579886570893192
300 772.665191411972 0.13286547723019337
300 774.6688015460968 0.15756433312460863
300 776.6720788478851 0.17282481550969356
300 778.6752820014954 0.1588227074235808
300 780.6794409751892 0.1537052342286071
300 782.6829698085785 0.3661993254216115
300 784.6862578392029 0.17752004996876952
300 786.6905534267426 0.1538856214865709
300 788.694130897522 0.1278792509363296
300 790.6979808807373 0.1286241
300 792.7014997005463 0.12823551122194515
300 794.7051455974579 0.1269605006257822
300 796.7085921764374 0.13350805746408495
300 798.7123939990997 0.13388042473454093
300 800.715639591217 0.12913149281698938
300 802.7191579341888 0.12662153846153848
300 804.7230780124664 0.1286315159076731
300 806.7269470691681 0.12851852776044917
300 808.7307505607605 0.13139224030037547
300 810.7344179153442 0.1325307
300 812.7377777099609 0.135983
300 814.7423377037048 0.14187
300 816.7467386722565 0.13483697310819262
300 818.7502784729004 0.1293356
300 820.753383398056 0.13351874921826143
300 822.7572011947632 0.1371714
300 824.760657787323 0.13450603254067586
300 826.7644529342651 0.13852746101060512
300 828.7683842182159 0.1361893816364772
300 830.7722926139832 0.1497485071830106
300 832.7762222290039 0.14264259351620948
300 834.7800395488739 0.1335995
300 836.7838151454926 0.1299606
300 838.7878413200378 0.15106204132748904
300 840.7914881706238 0.12892993757802745
300 842.7953164577484 0.1271480324797002
300 844.7988317012787 0.1262019237976265
300 846.8039152622223 0.12987741293532337
300 848.8070185184479 0.13066257943925233
300 850.8105819225311 0.14037303370786516
300 852.8141915798187 0.13274227215980025
300 854.8179030418396 0.13321395872420264
300 856.8214964866638 0.13864155096935585
300 858.8249945640564 0.13292495619524405
300 860.8283541202545 0.1334808510638298
300 862.8321599960327 0.13504090169067
300 864.8360424041748 0.1582845278298937
300 866.839460849762 0.15768095059412132
300 868.8431375026703 0.15781150343106676
300 870.8468272686005 0.1581927
300 872.8503878116608 0.1587066
300 874.854348897934 0.1568844472204872
300 876.8578405380249 0.1563879301745636
300 878.8617308139801 0.15589506883604506
300 880.8657946586609 0.15752365228267667
300 882.8695459365845 0.15873868831980012
300 884.8731553554535 0.1575776
300 886.876710653305 0.1569136868371803
300 888.8802800178528 0.15553967540574282
300 890.8839960098267 0.15604717051842598
300 892.8874337673187 0.15538555208983157
300 894.890722990036 0.1567389906542056
300 896.8944177627563 0.1674699
300 898.898077249527 0.1562228785982478
300 900.9013104438782 0.1574563
300 902.9046068191528 0.16656821026282853
300 904.9078466892242 0.15740537836147592
300 906.9112212657928 0.15529706066291432
300 908.9144086837769 0.15433362445414847
300 910.9186606407166 0.15400674578388507
300 912.9223229885101 0.1571347183979975
300 914.9260692596436 0.1563841802252816
300 916.9297666549683 0.15751125546533418
300 918.9327220916748 0.17414995627732666
300 920.9363873004913 0.15757193508114858
300 922.9396994113922 0.1537204247345409
300 924.9434797763824 0.1764099
300 926.9468991756439 0.17612554307116104
300 928.9503738880157 0.1549261288305191
300 930.9541590213776 0.15371670822942643
300 932.9575669765472 0.15497325828642902
300 934.9608590602875 0.15800395247029395
300 936.9646525382996 0.1552502
300 938.9681632518768 0.1568821
300 940.9718329906464 0.1580905
300 942.9749879837036 0.1551399
300 944.9794583320618 0.15361653099561678
300 946.9825372695923 0.1557052157598499
300 948.9854815006256 0.15888651629072684
300 950.9894049167633 0.15428084893882646
300 952.9923446178436 0.15356988117573483
300 954.9958891868591 0.1597088360450563
300 956.9995701313019 0.15598730793254217
300 959.0032203197479 0.15498826466916354
300 961.0068383216858 0.15676179551122194
300 963.0102684497833 0.1591539575530587
300 965.0139517784119 0.15651477826358526
300 967.0178809165955 0.15801387601753286
300 969.0214521884918 0.15972997506234413
300 971.0253765583038 0.17162473454091193
300 973.0287389755249 0.1552630788485607
300 975.0318326950073 0.1552501
300 977.0355343818665 0.15730456140350876
300 979.0389182567596 0.1586784778540237
300 981.0422351360321 0.1621991277258567
300 983.0461480617523 0.1579453
300 985.0497307777405 0.12997656464709556
300 987.0531334877014 0.17393569019362898
300 989.0563838481903 0.15861343339587242
300 991.0596807003021 0.17723767935121645
300 993.0629079341888 0.15641318352059924
300 995.0661239624023 0.17440160200250313
300 997.0699872970581 0.15920520650813516
300 999.0740280151367 0.15988035043804755
300 1001.0775692462921 0.15380943089430896
300 1003.0809075832367 0.1529764896939413
300 1005.0845992565155 0.15859678504672897
300 1007.0883085727692 0.15499391521197006
300 1009.0929956436157 0.15536259675405742
300 1011.0964617729187 0.15810711694809257
300 1013.099960565567 0.15850523153942428
300 1015.1038522720337 0.15795209999999998
300 1017.1075253486633 0.1741439600249844
300 1019.1112101078033 0.1565581954887218
300 1021.114618062973 0.15625853841349158
300 1023.1178622245789 0.15748607120549657
300 1025.121096611023 0.15867757348342715
300 1027.1249721050262 0.1549865998747652
300 1029.128446817398 0.15374031230480947
300 1031.1318860054016 0.15388157205240174
300 1033.1355199813843 0.1574793
300 1035.1388764381409 0.1565886
300 1037.1422510147095 0.1711505381727159
300 1039.1450197696686 0.15558774233896186
300 1041.149070262909 0.15766901373283396
300 1043.1528224945068 0.15471270455965022
300 1045.1561124324799 0.1556823925233645
300 1047.1597888469696 0.15543155527795127
300 1049.1629083156586 0.1563637180286962
300 1051.1666193008423 0.15726098811757347
300 1053.1695017814636 0.16087850560398506
300 1055.1724848747253 0.1547459161976235
300 1057.175982952118 0.15299610972568578
300 1059.1797845363617 0.14185044347282946
300 1061.184029340744 0.12877373283395754
300 1063.1877732276917 0.12774649999999999
300 1065.1918914318085 0.12932778054862842
300 1067.1957259178162 0.12857058676654182
300 1069.1993353366852 0.1535951152647975
300 1071.203176021576 0.15366541822721597
300 1073.2067279815674 0.1544696693699314
300 1075.211502790451 0.15589253283302065
300 1077.2154955863953 0.15476577139287945
300 1079.219178199768 0.1567805364940736
300 1081.2227478027344 0.15399545851528385
300 1083.2266693115234 0.1543724
300 1085.2303433418274 0.15941250155957581
300 1087.2341899871826 0.15682491557223263
300 1089.2371895313263 0.17608490613266584
300 1091.2407746315002 0.1538384509681449
300 1093.2441012859344 0.15714267166042445
300 1095.2471590042114 0.15581228660436136
300 1097.2504942417145 0.1749241551939925
300 1099.2533931732178 0.15722209142141513
300 1101.256519317627 0.15661707133917396
300 1103.2597043514252 0.15431590511860174
300 1105.2629277706146 0.1540639799749687
300 1107.2679183483124 0.15895099999999998
300 1109.2711236476898 0.1549408760951189
300 1111.2741568088531 0.15425651031894935
300 1113.2770366668701 0.15316761072988147
300 1115.280217885971 0.1579347091932458
300 1117.283768415451 0.1574102
300 1119.2868795394897 0.15730666666666668
300 1121.2898411750793 0.15540625782227785
300 1123.2932703495026 0.1532630894308943
300 1125.2964346408844 0.15549264871634313
300 1127.2994186878204 0.15441109306683323
300 1129.3027024269104 0.1559354
300 1131.3055069446564 0.1541832645403377
300 1133.3084547519684 0.15355331246086412
300 1135.3116908073425 0.15667962476547842
300 1137.3157043457031 0.1766092
300 1139.3197910785675 0.15717439601494396
300 1141.3232069015503 0.1534631277258567
300 1143.3264713287354 0.15509126408010013
300 1145.3295068740845 0.1545417
300 1147.3328845500946 0.1304156
300 1149.33594083786 0.15359889931207005
300 1151.339189529419 0.15440390243902438
300 1153.3422422409058 0.15824620775969964
300 1155.3459990024567 0.1600354556803995
300 1157.3491275310516 0.15417225766103815
300 1159.352870941162 0.12495018773466834
300 1161.3568997383118 0.12468846057571965
300 1163.3605585098267 0.12488911138923654
300 1165.3645539283752 0.12594533166458072
300 1167.3681063652039 0.12626633291614517
300 1169.3722763061523 0.12433807740324596
300 1171.375773191452 0.1265203495630462
300 1173.3803594112396 0.13297120700437776
300 1175.3840732574463 0.1304859537210757
300 1177.3882174491882 0.1456101936289819
300 1179.3920793533325 0.12614624140087555
300 1181.3959851264954 0.1311630231105559
300 1183.3996322154999 0.128668881948782
300 1185.4035348892212 0.13165635910224438
300 1187.407065629959 0.13606336039975014
300 1189.4111971855164 0.13243564455569462
300 1191.415144443512 0.1740854
300 1193.4186959266663 0.1306490112640801
300 1195.4226217269897 0.5483655854727615
300 1197.4266667366028 0.39923865168539324
300 1199.4306991100311 0.1776066082603254
300 1201.434556722641 0.1567036397748593
300 1203.4382712841034 0.15784
300 1205.4419903755188 0.15551769567939888
300 1207.4465041160583 0.15331546649968691
300 1209.4498767852783 0.15333413383364602
300 1211.4538657665253 0.15483039999999998
300 1213.4569931030273 0.15452732042473455
300 1215.4605920314789 0.1585524047470331
300 1217.4641003608704 0.15669706433479075
300 1219.46697640419 0.15645625547902317
300 1221.4706854820251 0.15893523452157599
300 1223.4738206863403 0.157960450563204
300 1225.477412700653 0.16420785982478098
300 1227.4806079864502 0.15884916145181477
300 1229.483746767044 0.16221791380387257
300 1231.4873204231262 0.15989706433479076
300 1233.4907386302948 0.2083438
300 1235.4939661026 0.17575495315427855
300 1237.4975295066833 0.15778599999999998
300 1239.5005877017975 0.15624591478696742
300 1241.50537443161 0.17262439024390244
300 1243.5085713863373 0.15798176139912554
300 1245.5123085975647 0.15876267332916927
300 1247.5161745548248 0.1587044291952589
300 1249.5199191570282 0.1581036556456644
300 1251.5233416557312 0.15667174048658766
300 1253.5267324447632 0.15783166562694947
300 1255.5302634239197 0.1739772284644195
300 1257.5339159965515 0.1539917
300 1259.5369601249695 0.15537438202247192
300 1261.5402727127075 0.1586645692883895
300 1263.543850183487 0.1542294264339152
300 1265.5471467971802 0.11066733167082293
300 1267.5509543418884 0.15723183010618363
300 1269.554262638092 0.1560669163545568
300 1271.5582466125488 0.15555757651467833
300 1273.5628323554993 0.1547331
300 1275.567020893097 0.15287900124843945
300 1277.570701122284 0.1290565190268247
300 1279.5746285915375 0.15380054931335832
300 1281.5779058933258 0.1566909
300 1283.5815134048462 0.13070659161976234
300 1285.5853524208069 0.15397369931378665
300 1287.588440656662 0.13180127579737336
300 1289.592097043991 0.1562260174781523
300 1291.5957210063934 0.15579059263880227
300 1293.5992093086243 0.12848948222083592
300 1295.6024239063263 0.154132734082397
300 1297.6064238548279 0.0947721370716511
300 1299.6101121902466 0.153476354556804
300 1301.6140468120575 0.1552197506234414
300 1303.6181700229645 0.1563176044915783
300 1305.6233320236206 0.13724399002493767
300 1307.627061843872 0.1541495303694427
300 1309.6311585903168 0.12521179999999998
300 1311.6350343227386 0.1566058
300 1313.6388006210327 0.15757493133583023
300 1315.6425592899323 0.15746829999999998
300 1317.646318912506 0.13088139999999998
300 1319.6498787403107 0.15491622263914948
300 1321.6530950069427 0.15350457891453526
300 1323.6566755771637 0.1564018488444722
300 1325.660270690918 0.15840240450845333
300 1327.6636414527893 0.13064699999999999
300 1329.6668474674225 0.15676255319148935
300 1331.6703708171844 0.157078574108818
300 1333.673588514328 0.15463900124843946
300 1335.677491426468 0.15493376720901125
300 1337.680790424347 0.16003427857589006
300 1339.6854944229126 0.1779427426424546
300 1341.6890261173248 0.15590764227642276
300 1343.6927313804626 0.1574580886945659
300 1345.696013212204 0.15842247191011236
300 1347.6995630264282 0.15661138211382114
300 1349.7031841278076 0.15470511860174782
300 1351.706523180008 0.1549707
300 1353.7098319530487 0.1558263914946842
300 1355.7133014202118 0.1557976205385097
300 1357.7167513370514 0.1590553
300 1359.7197360992432 0.15698056144728634
300 1361.7232954502106 0.1558836272670419
300 1363.726449251175 0.15814624140087555
300 1365.7299633026123 0.1586726
300 1367.733617067337 0.1540340425531915
300 1369.7369074821472 0.1558715196998124
300 1371.740427017212 0.17020390977443609
300 1373.7454998493195 0.1553212
300 1375.7492043972015 0.15696349344978167
300 1377.7525708675385 0.15727180512179886
300 1379.7558867931366 0.15779216030056356
300 1381.7592062950134 0.1570636
300 1383.7623188495636 0.1582802503128911
300 1385.7658367156982 0.1592386
300 1387.76957321167 0.1575165564566438
300 1389.7729270458221 0.15835000000000002
300 1391.7763590812683 0.1642452598622417
300 1393.7804989814758 0.1250105
300 1395.7842061519623 0.1284456429463171
300 1397.7877757549286 0.1404113
300 1399.7917230129242 0.12595787100814027
300 1401.7955141067505 0.13017377582968065
300 1403.799456357956 0.1286867292057536
300 1405.803059577942 0.13135350405996252
300 1407.808290719986 0.15889120700437775
