0 1.0177433490753174 20.6505384691358 0.2
1 3.021599531173706 10.499159025608995 0.3
1 5.025388479232788 21.307646278924327 0.3
2 7.030158281326294 30.172184753587022 0.3
3 9.033997774124146 29.789794392523365 0.3
4 11.037654161453247 30.43055831474597 0.3
5 13.041273593902588 30.540769590062112 0.3
7 15.04483437538147 30.001274510293204 0.3
8 17.04892921447754 30.82221080074488 0.3
9 19.052881479263306 29.690415356037153 0.3
10 21.05775237083435 29.236983138461536 0.3
11 23.06077790260315 29.777375726495727 0.3
12 25.064213037490845 29.398864327340355 0.3
13 27.067933082580566 29.643383523573203 0.3
14 29.071361541748047 28.95285975429975 0.3
15 31.07529902458191 29.756677306733163 0.3
16 33.07869052886963 30.243151750778818 0.3
18 35.08233714103699 29.1408016925949 0.3
19 37.08564639091492 28.90126087173101 0.3
20 39.08942747116089 27.863293167082293 0.3
21 41.093855142593384 28.754395799999998 0.3
22 43.098079681396484 28.20288029850746 0.3
23 45.102258920669556 29.213090400000002 0.3
24 47.10544514656067 28.567147166042446 0.3
25 49.10960292816162 28.795547183010616 0.3
26 51.1134569644928 27.127342554517135 0.3
27 53.11771273612976 27.60483857943925 0.3
28 55.12084889411926 28.87264509681449 0.3
29 57.124085903167725 27.939840799500317 0.3
30 59.129438400268555 29.533089419113058 0.3
31 61.135480642318726 27.32063232398754 0.3
32 63.13575100898743 27.710382520173805 0.3
34 65.14131236076355 27.951343970130676 0.3
35 67.14170455932617 28.0781979417235 0.3
36 69.14571380615234 27.091082273579016 0.3
37 71.14958167076111 28.084148986232794 0.3
38 73.15315580368042 28.024610945522856 0.3
39 75.15681290626526 28.16069705735661 0.3
40 77.15988087654114 28.05512149625935 0.3
41 79.16342520713806 26.496312516923076 0.3
42 81.16716408729553 27.500087909887363 0.3
43 83.1714346408844 27.46844880250784 0.3
44 85.17696022987366 25.0667460211049 0.3
45 87.179270029068 26.435840598130838 0.3
46 89.18336772918701 26.850724773151025 0.3
47 91.18558812141418 27.262437075588604 0.3
48 93.18930721282959 25.7250104423676 0.3
49 95.19414615631104 26.62029463171036 0.3
50 97.19668626785278 26.682472555831264 0.3
51 99.20116519927979 27.365672465923176 0.3
52 101.20436882972717 26.81149155333749 0.3
53 103.20770072937012 27.43986656679151 0.3
54 105.21262788772583 26.6998814 0.3
55 107.21510553359985 26.644470012484394 0.3
56 109.22016835212708 26.12176010006254 0.3
57 111.22231435775757 26.721889196261685 0.3
58 113.22650337219238 26.3424924733876 0.3
59 115.23353695869446 25.691641998766197 0.3
60 117.23429489135742 25.50073394769614 0.3
61 119.23687529563904 25.473651036204743 0.3
62 121.24178004264832 26.56193149281699 0.3
63 123.24482917785645 25.720253731343284 0.3
64 125.24817442893982 26.520228342714198 0.3
65 127.2526183128357 25.24915510971787 0.3
66 129.2577404975891 25.58740688279302 0.3
67 131.26110863685608 25.86151921279213 0.3
68 133.26511311531067 24.28030920123839 0.3
69 135.26574110984802 24.412290954460385 0.3
70 137.27796721458435 25.351988711656443 0.3
71 139.27442264556885 24.911910161490685 0.3
72 141.278382062912 24.40944346749226 0.3
73 143.2862730026245 24.456569821098086 0.3
74 145.29176831245422 24.631204938271605 0.3
75 147.29240822792053 29.4043903803681 0.3
76 149.29695224761963 28.513749795665632 0.3
77 151.29867243766785 28.701237858461536 0.3
78 153.30005979537964 27.346382846759536 0.3
79 155.3043565750122 28.369362189054726 0.3
80 157.31004118919373 24.471795061728397 0.3
81 159.3128046989441 24.364980737100737 0.3
82 161.31601333618164 25.702076793988727 0.3
83 163.32051539421082 23.468587456790125 0.3
84 165.3231236934662 24.179209838509315 0.3
85 167.32814836502075 24.9036355 0.3
86 169.33271956443787 23.360711900000002 0.3
86 171.33399176597595 23.768947531172067 0.3
87 173.33886671066284 25.181129088639203 0.3
88 175.34234356880188 24.648179188007497 0.3
89 177.34748101234436 22.56725860989355 0.3
90 179.35036063194275 24.121715892968265 0.3
91 181.35427975654602 22.60160888334373 0.3
92 183.35803842544556 22.819808 0.3
93 185.36831855773926 23.2461529 0.3
94 187.3644118309021 22.99814894308943 0.3
95 189.3720042705536 21.902777571964958 0.3
96 191.37109661102295 26.38090033728919 0.4
96 193.37513756752014 4.502623960024985 0.4
97 195.37867617607117 33.560598600000006 0.4
98 197.38396954536438 23.09771067669173 0.4
99 199.38840794563293 24.016147223955084 0.4
100 201.39071488380432 23.585292875857768 0.4
100 203.39453554153442 24.047767635683094 0.4
101 205.3986256122589 23.190376185115696 0.4
102 207.4027862548828 22.55298185901435 0.4
103 209.4125428199768 23.24959779862414 0.4
104 211.40923595428467 23.764517130380536 0.4
105 213.4138147830963 22.729709331667706 0.4
106 215.420804977417 22.894957551530293 0.4
107 217.42523336410522 22.822473638071383 0.4
108 219.42479276657104 24.8219761 0.4
108 221.4276361465454 23.221047163431436 0.4
109 223.4304473400116 22.910764565756825 0.4
110 225.43450093269348 23.09736586335404 0.4
111 227.43974685668945 22.72573377860235 0.4
112 229.44155740737915 22.451086641697877 0.4
113 231.445481300354 22.44959980136561 0.4
114 233.44986486434937 22.747837046153847 0.4
115 235.45230531692505 22.403883110838947 0.4
116 237.46802830696106 23.323501933873985 0.4
116 239.46065402030945 27.357102675793403 0.5
117 241.46460723876953 0.3894716811955168 0.5
118 243.4681921005249 34.498710611735326 0.5
119 245.47432732582092 22.253336 0.5
119 247.47615242004395 22.41849603985056 0.5
120 249.48011565208435 22.25473140731556 0.5
121 251.48361110687256 22.17027330049261 0.5
122 253.4879765510559 21.418356119402983 0.5
123 255.4929347038269 21.155495163883735 0.5
124 257.50204277038574 22.95757484716157 0.5
125 259.50191831588745 21.09888386377709 0.5
126 261.5024127960205 23.719811729323308 0.5
126 263.5059893131256 20.8393375 0.5
127 265.5238690376282 21.701686007509384 0.5
128 267.513685464859 24.34430147684606 0.5
129 269.5176293849945 21.8538666 0.5
130 271.52078890800476 22.068306391494687 0.5
131 273.52356600761414 22.2819141 0.5
131 275.5281195640564 22.681214903426792 0.5
132 277.5305817127228 22.5501381 0.5
133 279.53431153297424 21.913363927905532 0.5
134 281.5388789176941 21.4530413 0.5
135 283.54314279556274 22.17801038701623 0.5
136 285.5458137989044 21.554852 0.5
136 287.54897952079773 21.436246192259674 0.5
137 289.5523257255554 23.12145092047589 0.5
138 291.5573573112488 21.3869475 0.5
139 293.56078028678894 23.52670686716792 0.5
140 295.56409215927124 21.5669211 0.5
141 297.5675027370453 22.221101411617738 0.5
141 299.5751123428345 22.21919241895262 0.5
142 301.5812027454376 20.591931799999998 0.5
143 303.5794167518616 22.515199204968944 0.5
144 305.5841407775879 21.059102183406115 0.5
145 307.58790040016174 21.081303955084216 0.5
146 309.59074425697327 22.24785621013133 0.5
146 311.5981538295746 20.86135919799499 0.5
147 313.5975224971771 21.337047509386732 0.5
148 315.60147356987 19.813988956901937 0.5
149 317.6050317287445 21.627850274314213 0.5
150 319.6099555492401 21.70129496259352 0.5
150 321.61332654953003 20.151627567229518 0.5
151 323.6191325187683 20.746245881619938 0.5
152 325.6305162906647 20.475244327704818 0.5
153 327.625599861145 19.710119326263257 0.5
154 329.62952494621277 20.888983171036205 0.5
154 331.6320035457611 19.817025037406484 0.5
155 333.63630747795105 20.490419324155194 0.5
156 335.638840675354 20.90172784019975 0.5
157 337.64415979385376 19.810574355140186 0.5
157 339.6460177898407 19.5165441 0.5
158 341.6498107910156 20.858676681222708 0.5
159 343.6636440753937 21.68175990018715 0.5
160 345.65759801864624 19.726334884878653 0.5
161 347.6619715690613 20.13140612883052 0.5
161 349.66949796676636 19.392176348909658 0.5
162 351.66827368736267 19.075241838509317 0.5
163 353.67460227012634 20.406884087227414 0.5
164 355.675728559494 20.048118347934917 0.5
164 357.6820459365845 19.961382957393482 0.5
165 359.68229579925537 19.95439658720201 0.5
166 361.68675684928894 20.97589269761606 0.5
167 363.6931812763214 20.795665183343694 0.5
168 365.6926453113556 20.8020608478803 0.5
168 367.69842004776 22.025145970149254 0.5
169 369.7023096084595 20.08650481044127 0.5
170 371.70528769493103 20.71410640099626 0.5
171 373.7152421474457 20.039690560398505 0.5
171 375.7151987552643 20.17908551466001 0.5
172 377.7179186344147 21.058780112149535 0.5
173 379.72032594680786 21.940393483709272 0.5
174 381.7235174179077 21.01603132169576 0.5
175 383.7287061214447 20.387143759398498 0.5
175 385.730596780777 18.578460137585992 0.5
176 387.73554730415344 20.8907637915882 0.5
177 389.73712706565857 20.3934438 0.5
178 391.7400243282318 19.431515694618273 0.5
178 393.7439498901367 20.691227630922693 0.5
179 395.75789618492126 20.52956411027569 0.5
180 397.74966502189636 19.874327136618838 0.5
181 399.75456190109253 21.1081625 0.5
181 401.7573266029358 21.611544084946907 0.5
182 403.76086807250977 20.734571970074814 0.5
183 405.76703119277954 19.394554199999998 0.5
184 407.77202105522156 18.740170087390762 0.5
184 409.7720191478729 20.255944330413016 0.5
185 411.7757787704468 19.86929418227216 0.5
186 413.7794864177704 18.642499962663347 0.5
187 415.78206610679626 20.268403781094527 0.5
187 417.784903049469 19.087796589919105 0.5
188 419.7898688316345 18.745568039825763 0.5
189 421.79782152175903 19.05931765293383 0.5
190 423.7977488040924 19.158281726078798 0.5
190 425.79868268966675 20.7417550310559 0.5
191 427.8019006252289 19.2860846086412 0.5
192 429.80531883239746 20.5143351 0.5
192 431.8090834617615 20.391526092384517 0.5
193 433.8139762878418 18.938501927409263 0.5
194 435.82068037986755 19.4004823028786 0.5
195 437.8198959827423 20.23669296689569 0.5
195 439.82418298721313 19.525756795994994 0.5
196 441.82699179649353 19.423504990619136 0.5
197 443.8295850753784 22.230017578027468 0.5
198 445.8364026546478 19.40703382316314 0.5
198 447.8384461402893 18.881505459088068 0.5
199 449.842955827713 17.933506450809464 0.5
200 451.8449697494507 18.762925443196004 0.5
201 453.84950518608093 19.016347482823235 0.5
201 455.8520007133484 20.536083747657713 0.5
202 457.8555700778961 20.185805071830107 0.5
203 459.8580946922302 19.5360582 0.5
204 461.86177802085876 20.12791495945103 0.5
204 463.86700344085693 19.086739636819036 0.5
205 465.8695533275604 20.273294790755777 0.5
206 467.8728201389313 19.797248938826467 0.5
207 469.87632751464844 19.639567771570455 0.5
207 471.8797869682312 19.43695190505934 0.5
208 473.88401055336 19.403430711610486 0.5
209 475.8858075141907 19.4285857 0.5
209 477.89080905914307 18.6113512 0.5
210 479.8941833972931 18.37513168539326 0.5
211 481.898188829422 18.70630837180287 0.5
212 483.90059876441956 18.982153611793613 0.5
212 485.9035918712616 20.636175071740485 0.5
213 487.90960121154785 18.564978427244583 0.5
214 489.91119718551636 19.42679618102914 0.5
215 491.91787672042847 19.62092089552239 0.5
215 493.9222631454468 18.775777503090236 0.5
216 495.9221920967102 18.414121437422555 0.5
217 497.92668056488037 19.41132164720344 0.5
218 499.93043851852417 19.433516162361624 0.5
218 501.9459321498871 18.55820169154229 0.5
219 503.9443564414978 18.500608495356037 0.5
220 505.94256258010864 18.696266438188495 0.5
220 507.94697666168213 18.639252283076924 0.5
221 509.9500641822815 18.53656251076923 0.5
222 511.9592146873474 18.99156293167702 0.5
223 513.957545042038 19.926090460772105 0.5
223 515.9619026184082 18.2913414622057 0.5
224 517.9811589717865 18.21513571964956 0.5
225 519.9692130088806 18.532390922693267 0.5
225 521.9734089374542 18.96129058676654 0.5
226 523.9782736301422 16.958711589486857 0.5
227 525.9775819778442 19.708881349156776 0.5
228 527.9858546257019 18.80573511555278 0.5
228 529.9861671924591 18.475646420986884 0.5
229 531.9918100833893 17.28907553894081 0.5
230 533.9925870895386 17.618082193146417 0.5
230 536.0015654563904 17.838044956195244 0.5
231 538.0046598911285 30.70285226006192 0.5
233 540.0135698318481 29.286943801242238 0.5
234 542.013818025589 31.255389882498452 0.5
235 544.0145313739777 29.939190919185688 0.5
236 546.0175776481628 29.327139028887522 0.5
237 548.0208113193512 28.458555646916565 0.5
238 550.0302362442017 28.755889245742093 0.5
239 552.0266025066376 29.845270500927647 0.5
240 554.0318994522095 29.67589611793612 0.5
241 556.0342683792114 30.111185634674925 0.5
242 558.045135974884 16.690262983425413 0.5
243 560.0439720153809 17.33888446096654 0.5
243 562.046000957489 19.35031457459926 0.5
244 564.0488557815552 17.31767511221945 0.5
245 566.0542931556702 17.38494840724547 0.5
246 568.056182384491 18.55977338327091 0.5
246 570.0714454650879 16.927856079900124 0.5
247 572.0645558834076 19.14353136448598 0.5
248 574.0700960159302 16.776026234413965 0.5
248 576.0907099246979 18.766890174563592 0.5
249 578.0805611610413 18.38691289440994 0.5
250 580.092371225357 18.441348827930174 0.5
250 582.0844528675079 18.549696839475327 0.5
251 584.0879561901093 18.54662665833854 0.5
252 586.0933406352997 16.867949253731343 0.5
252 588.0941863059998 17.840284211838007 0.5
253 590.0997769832611 17.94756079800499 0.5
254 592.1028394699097 19.62119910224439 0.5
254 594.1105313301086 16.848343611457036 0.5
255 596.109361410141 18.050232926525528 0.5
256 598.1161844730377 18.118577777777777 0.5
256 600.117481470108 16.7653599502178 0.5
257 602.1223313808441 17.387236327543423 0.5
258 604.129930973053 19.728481894080996 0.5
258 606.1310384273529 16.948520074580482 0.5
259 608.1339325904846 18.67734087173101 0.5
260 610.1589803695679 17.459048373831777 0.5
260 612.1401333808899 17.54066961851157 0.5
261 614.144134759903 15.866346 0.5
262 616.1492567062378 17.09981961274204 0.5
262 618.1506052017212 17.513901393034825 0.5
263 620.164562702179 31.7816698702903 0.5
264 622.1598274707794 16.065557459526776 0.5
265 624.1620774269104 17.350961197007482 0.5
265 626.1669192314148 16.515373425172196 0.5
266 628.1694116592407 18.520741326658325 0.5
266 630.1735770702362 17.37826325639426 0.5
267 632.176949262619 18.38810829694323 0.5
268 634.185715675354 15.730950199999999 0.5
268 636.183844089508 16.735276257018093 0.5
269 638.1888444423676 17.05161667915106 0.5
270 640.1969094276428 16.41208723643169 0.5
270 642.1985404491425 18.40283485642946 0.5
271 644.2007367610931 17.59291232979388 0.5
272 646.2073044776917 17.25162520274485 0.5
272 648.209201335907 15.30873721771678 0.5
273 650.2106244564056 15.432128838951312 0.5
273 652.2146966457367 17.527538888194876 0.5
274 654.2174968719482 16.533433295809882 0.5
275 656.2266325950623 17.463047286338114 0.5
275 658.2394106388092 17.518029831355403 0.5
276 660.2315168380737 16.197186832917705 0.5
276 662.2336394786835 16.716001499063086 0.5
277 664.2373976707458 17.2501942 0.5
278 666.2430157661438 15.23048004996877 0.5
278 668.2446162700653 17.236096639600248 0.5
279 670.2549612522125 17.324368781694496 0.5
280 672.2515091896057 16.118843627329195 0.5
280 674.2560048103333 16.960176616915422 0.5
281 676.2601029872894 16.849979262960648 0.5
281 678.265175819397 16.006295 0.5
282 680.2666575908661 17.215269240348693 0.5
283 682.2710359096527 15.8771002 0.5
283 684.2768988609314 16.135601841941504 0.5
284 686.2787420749664 15.999644686918785 0.5
285 688.2819938659668 17.14556881948782 0.5
285 690.2869076728821 16.225826509023026 0.5
286 692.2893526554108 16.051925479452056 0.5
286 694.2940497398376 17.278032240300377 0.5
287 696.2985572814941 14.81191103362391 0.5
288 698.3002028465271 17.3191193 0.5
288 700.3039948940277 15.133026858213617 0.5
289 702.3109302520752 15.229138122653316 0.5
289 704.3127462863922 15.606268247036805 0.5
290 706.3177902698517 14.147866450405488 0.5
290 708.3221459388733 16.035047108886108 0.5
291 710.323219537735 15.380834878201124 0.5
292 712.3287794589996 16.874315059263882 0.5
292 714.3304679393768 16.134637506234416 0.5
293 716.3356857299805 13.919235511221945 0.5
293 718.3359680175781 15.803870757670632 0.5
294 720.3401243686676 15.376132833957554 0.5
294 722.3426642417908 15.09628353162179 0.5
295 724.3470873832703 16.92618207240949 0.5
296 726.3501772880554 15.731368384279476 0.5
296 728.3532977104187 15.908536842105264 0.5
297 730.3589360713959 30.319464421052633 0.5
298 732.3654890060425 30.94038725356479 0.5
299 734.3709034919739 30.29247377777778 0.5
300 736.3674428462982 0.16025064334790756 0.5
300 738.3707756996155 0.1352795994993742 0.5
300 740.3739302158356 0.1366122 0.5
300 742.3772280216217 0.1366433 0.5
300 744.3809168338776 0.1413491 0.5
300 746.3846280574799 0.13689762202753442 0.5
300 748.3881750106812 0.1368518352059925 0.5
300 750.3912491798401 0.1353298 0.5
300 752.3941788673401 0.1345814133833646 0.5
300 754.3977174758911 0.13562260761072986 0.5
300 756.400892496109 0.1397262 0.5
300 758.4042179584503 0.1420760975609756 0.5
300 760.4072163105011 0.13501638524077547 0.5
300 762.4110414981842 0.13500484394506868 0.5
300 764.4146568775177 0.14439380000000002 0.5
300 766.4178583621979 0.1352524017467249 0.5
300 768.4213798046112 0.13870659161976234 0.5
300 770.4245398044586 0.1387432 0.5
300 772.4280605316162 0.13647960074859639 0.5
300 774.4322271347046 0.14176940587867418 0.5
300 776.436331987381 0.14433628801986342 0.5
300 778.4402229785919 0.1607631152647975 0.5
300 780.444417476654 0.13898179085785847 0.5
300 782.4484310150146 0.13552669581511556 0.5
300 784.4524385929108 0.16720369999999998 0.5
