0 1.018141508102417 28.882654047322543 0.3
1 3.021759271621704 0.1560738 0.3
1 5.025482892990112 30.231459378881986 0.3
2 7.029108762741089 29.79135055931162 0.3
3 9.032790899276733 29.74959523868568 0.3
5 11.036449193954468 29.512080933087788 0.3
6 13.0398428440094 29.749294106041923 0.3
7 15.043598890304565 30.084546172839506 0.3
8 17.047531604766846 30.06821037037037 0.3
9 19.051297664642334 29.571972216748772 0.3
10 21.055713891983032 29.78254099009901 0.3
11 23.059423208236694 29.536197225291588 0.3
12 25.063531398773193 28.859538159509203 0.3
13 27.066969394683838 29.049293390348197 0.3
15 29.07122302055359 28.85841828009828 0.3
16 31.074406147003174 29.181491718170584 0.3
17 33.078088998794556 29.278890535384615 0.3
18 35.081114530563354 29.433588830373548 0.3
19 37.08516240119934 29.796060516605166 0.3
20 39.08895778656006 29.578390773006134 0.3
21 41.09282112121582 29.411049492354742 0.3
22 43.0969672203064 29.776441643163704 0.3
23 45.09990954399109 28.949539172749393 0.3
24 47.103878021240234 29.069897944615384 0.3
26 49.10735082626343 29.599037631091917 0.3
27 51.111894607543945 28.657499138991387 0.3
28 53.11414170265198 28.901720686274512 0.3
29 55.118770360946655 28.721079926873855 0.3
30 57.12308382987976 29.250373087783917 0.3
31 59.126535177230835 28.94903409395973 0.3
32 61.12993764877319 29.26967227076923 0.3
33 63.13294720649719 29.347913997539976 0.3
34 65.13643789291382 28.77192187192118 0.3
35 67.14126896858215 29.09911355869699 0.3
36 69.14499640464783 29.12338718826406 0.3
37 71.14928150177002 29.076702429447852 0.3
39 73.151296377182 28.709280586080588 0.3
40 75.15559434890747 28.72935823095823 0.3
41 77.15844416618347 28.735915048543692 0.3
42 79.16166949272156 28.948835064456723 0.3
43 81.16524171829224 28.955048664615386 0.3
44 83.16902709007263 29.19235799265606 0.3
45 85.17273783683777 28.481487363914372 0.3
46 87.17685747146606 28.88720636474908 0.3
47 89.1816668510437 29.971401653300433 0.3
48 91.18616271018982 29.708043528685995 0.3
49 93.19025135040283 27.875709712889428 0.3
50 95.19277834892273 28.718994341702388 0.3
51 97.19724225997925 29.364405018450185 0.3
52 99.19943571090698 29.48708773316862 0.3
54 101.20359182357788 28.219465781057814 0.3
55 103.20811343193054 28.28446307033639 0.3
56 105.21145033836365 27.976079025578564 0.3
57 107.21801447868347 26.83006216718266 0.3
58 109.22037410736084 26.11303721100918 0.3
59 111.22383427619934 26.43178617100372 0.3
60 113.22683119773865 22.95835861728395 0.3
61 115.230140209198 24.643759554730984 0.3
62 117.23417949676514 26.31419836431227 0.3
63 119.23850226402283 25.690380185758517 0.3
64 121.24184679985046 24.8762232 0.3
65 123.24699807167053 25.42770674984404 0.3
66 125.25009059906006 25.548107429993777 0.3
66 127.25962543487549 25.106549931464173 0.3
67 129.25735640525818 23.6844711 0.3
68 131.2602984905243 30.754290400000002 0.4
69 133.2642068862915 0.1637086462882096 0.4
70 135.26814579963684 31.801105762289982 0.4
71 137.27397894859314 26.368617627965047 0.4
72 139.27650237083435 25.11779318885449 0.4
73 141.2881453037262 25.493590111248455 0.4
74 143.28529834747314 24.009671558282207 0.4
75 145.29101037979126 24.328991839799748 0.4
76 147.29487895965576 25.6504849 0.4
77 149.29710602760315 23.1716053 0.4
78 151.29881310462952 24.60458166353971 0.4
78 153.30161547660828 25.81036595103578 0.4
79 155.307190656662 25.206238302122348 0.4
80 157.30980253219604 25.17228476606363 0.4
81 159.31521368026733 24.65363116104869 0.4
82 161.32228255271912 24.65665957340025 0.4
83 163.32215285301208 24.288391462060456 0.4
84 165.32594799995422 24.804746205191595 0.4
85 167.33222675323486 24.2294132675709 0.4
86 169.33375644683838 29.94887499070056 0.4
87 171.33765530586243 27.175298393623542 0.4
88 173.34204697608948 30.532558531211752 0.4
89 175.34654188156128 24.705632588957055 0.4
90 177.34713459014893 26.189821323345818 0.4
92 179.35223841667175 29.621403249847283 0.4
93 181.35627818107605 30.225665934608266 0.4
94 183.35868072509766 30.302771724137934 0.4
95 185.36489129066467 30.460798324091186 0.4
96 187.36924481391907 29.748261674876847 0.4
97 189.37173533439636 30.09028841328413 0.4
98 191.37592935562134 23.76435466666667 0.4
99 193.37838506698608 24.704332315332092 0.4
100 195.3844449520111 23.64751710723192 0.4
101 197.3905758857727 23.761260233558698 0.4
102 199.38946557044983 29.46112616891065 0.4
103 201.39365458488464 29.483453612823673 0.4
104 203.39655208587646 29.969707324291 0.4
105 205.4001760482788 29.66012124466138 0.4
106 207.4043390750885 30.965350297029705 0.4
108 209.40724658966064 30.91574833230769 0.4
109 211.4112389087677 29.368756870415645 0.4
110 213.4151132106781 29.927699054634743 0.4
111 215.41808438301086 29.64913717073171 0.4
112 217.42248439788818 29.042300295566502 0.4
113 219.42592120170593 30.370729572649573 0.4
114 221.43123364448547 30.459355635461872 0.4
115 223.43494319915771 29.352321862745097 0.4
116 225.43709015846252 30.78234212345679 0.4
117 227.442880153656 30.257146108374382 0.4
119 229.44476127624512 29.694316019417478 0.4
120 231.44877862930298 29.139573463177115 0.4
121 233.4519157409668 29.130208000000003 0.4
122 235.4566032886505 28.821254545454543 0.4
123 237.4633343219757 29.565624945188794 0.4
124 239.4649543762207 29.694397134033352 0.4
125 241.46803379058838 30.84326202686203 0.4
126 243.4696981906891 30.079655354523226 0.4
127 245.47665357589722 29.31306231292517 0.4
129 247.47721362113953 29.21993300492611 0.4
130 249.48225665092468 28.916765268292682 0.4
131 251.48419094085693 31.285590576687117 0.4
132 253.48821425437927 28.965456531722054 0.4
133 255.49316477775574 30.34639581762918 0.4
134 257.4988760948181 21.83914686419753 0.4
135 259.501273393631 22.833398316831683 0.4
136 261.5048072338104 21.61131694618273 0.4
137 263.5086016654968 22.105086783042395 0.4
137 265.5112187862396 21.87160225140713 0.4
138 267.51500725746155 22.442762152690864 0.4
139 269.5187211036682 21.6424709 0.4
140 271.5249071121216 21.802118838789376 0.4
141 273.52543091773987 21.810903506172842 0.4
142 275.53136682510376 21.69048704 0.4
142 277.5330910682678 22.92746676635514 0.4
143 279.5388832092285 22.414912585365855 0.4
144 281.5420048236847 21.507316987140232 0.4
145 283.5481925010681 21.79722686419753 0.4
146 285.55237579345703 23.104485682792404 0.4
147 287.5537259578705 21.562674897324207 0.4
148 289.55784487724304 22.61492936064556 0.4
148 291.55992889404297 22.03122275862069 0.4
149 293.5643820762634 25.63710831184776 0.4
150 295.5674250125885 28.794365418719213 0.4
152 297.5702531337738 29.178890751374464 0.4
153 299.5743074417114 29.697801050702505 0.4
154 301.5783038139343 30.927662604422608 0.4
155 303.58248949050903 29.402984824182603 0.4
156 305.5848960876465 29.932169572649574 0.4
157 307.5881519317627 29.71558803692308 0.4
158 309.5918164253235 30.364652784265516 0.4
159 311.5950219631195 30.167251603427168 0.4
160 313.599102973938 29.059248943488942 0.4
162 315.6044023036957 28.125446504854366 0.4
163 317.6057496070862 31.091937831912304 0.4
164 319.60939836502075 30.119878749233596 0.4
165 321.6135127544403 28.962835176252323 0.4
166 323.6168339252472 29.192689253365973 0.4
167 325.6209819316864 29.425974806629835 0.4
168 327.626784324646 29.88100199630314 0.4
169 329.63044238090515 30.79944 0.4
171 331.633193731308 29.1072968395363 0.4
172 333.6373236179352 29.83050048780488 0.4
173 335.6414120197296 30.076458804682687 0.4
174 337.6442835330963 29.98964713407134 0.4
175 339.64776515960693 28.896726425505825 0.4
176 341.65232253074646 29.97357183374083 0.4
177 343.6572515964508 29.54973177045177 0.4
178 345.659108877182 30.86909944954128 0.4
179 347.662700176239 30.303991527093594 0.4
181 349.66875553131104 28.95312906962415 0.4
182 351.67116355895996 29.186825423312886 0.4
182 353.6762042045593 19.955048405438813 0.4
183 355.67916321754456 19.673909273743018 0.4
184 357.68256306648254 19.170876397748593 0.4
185 359.6882345676422 19.88056702970297 0.4
185 361.69041681289673 21.115657672090112 0.4
186 363.69651651382446 20.48805811881188 0.4
187 365.69735646247864 29.72425176761434 0.4
188 367.70152473449707 29.57001724137931 0.4
189 369.70532035827637 31.09934086638194 0.4
191 371.7093331813812 30.369396549210208 0.4
192 373.71537709236145 29.775883742405835 0.4
193 375.715868473053 29.130582759878422 0.4
194 377.72609186172485 30.23337458996328 0.4
195 379.7253882884979 28.96308634686347 0.4
196 381.72856616973877 29.823667699877 0.4
197 383.7328534126282 29.096881476014758 0.4
198 385.73660588264465 28.395605510455102 0.4
199 387.74816703796387 29.96991862745098 0.4
200 389.7486882209778 29.801701274509806 0.4
202 391.74775433540344 29.867889458128076 0.4
203 393.7524929046631 29.906216245398774 0.4
204 395.7602391242981 28.61412424499697 0.4
205 397.76233434677124 30.516521803582457 0.4
206 399.7666049003601 29.943414605504586 0.4
207 401.7689731121063 29.152327642375997 0.4
208 403.77207040786743 29.573699865771815 0.4
209 405.7746512889862 29.33675279655808 0.4
210 407.77916955947876 30.43420284126004 0.4
211 409.78187012672424 29.849087647058823 0.4
212 411.78821873664856 29.687304103512012 0.4
214 413.79238510131836 31.643332083847103 0.4
215 415.7949161529541 24.210309914320685 0.4
215 417.79935812950134 17.97299906519065 0.4
216 419.8029451370239 17.832913762376236 0.4
217 421.80893564224243 19.725325386533665 0.4
217 423.8127851486206 17.041535784313723 0.4
218 425.8159294128418 18.26171507730365 0.4
219 427.8216781616211 18.601544004990643 0.4
220 429.8233823776245 17.01656826549781 0.4
220 431.82499980926514 19.768431869918697 0.4
221 433.8297312259674 18.035228682073704 0.4
222 435.83287525177 17.536465381727158 0.4
222 437.83786630630493 17.347693808630392 0.4
223 439.8425483703613 18.4666214 0.4
224 441.8440480232239 19.351135240474704 0.4
224 443.8471269607544 18.544356186915888 0.4
225 445.8523347377777 20.702345966228894 0.4
226 447.85380721092224 18.483278711276334 0.4
226 449.85950469970703 19.73496952024922 0.4
227 451.86114978790283 19.383200099875157 0.4
228 453.8651854991913 18.82229577429467 0.4
228 455.86785769462585 18.9377560951189 0.4
229 457.873987197876 19.687472210394493 0.4
230 459.8795118331909 19.050581320049815 0.4
231 461.88332986831665 18.468507630922694 0.4
231 463.8851058483124 18.441252351840298 0.4
232 465.8906581401825 19.453490542056077 0.4
233 467.8943541049957 18.83953531385954 0.4
233 469.8983242511749 20.05581643256681 0.4
234 471.90512585639954 18.457808109794136 0.4
235 473.90658354759216 19.641953258426966 0.4
236 475.91585516929626 18.309912024922117 0.4
236 477.91347098350525 18.89185441802253 0.4
237 479.92531299591064 18.03556252788104 0.4
238 481.94075989723206 18.905501085464753 0.4
238 483.92126393318176 18.912813358255452 0.4
239 485.9276933670044 18.69451607254534 0.4
240 487.9264817237854 18.040059548872183 0.4
240 489.93972086906433 17.586420699999998 0.4
241 491.93430495262146 17.84574771517028 0.4
242 493.9393355846405 18.50510557294928 0.4
242 495.9439399242401 18.360064380475592 0.4
243 497.94504737854004 20.016559101123597 0.4
244 499.9505820274353 18.2169289612015 0.4
244 501.9530494213104 17.098357679351217 0.4
245 503.95543122291565 18.645188102053517 0.4
246 505.9598252773285 18.08114598119122 0.4
246 507.96132135391235 17.29347331670823 0.4
247 509.96509623527527 18.47487570268582 0.4
248 511.97227692604065 17.35001494066209 0.4
248 513.9737186431885 16.586628085106383 0.4
249 515.9755318164825 18.171479925046846 0.4
250 517.9817810058594 18.68457354153654 0.4
250 519.9839146137238 17.042633345841153 0.4
251 521.9907023906708 18.18263935121647 0.4
252 523.9930896759033 18.649268712871287 0.4
253 525.9981698989868 24.746486297662976 0.4
254 528.001383304596 28.894457163904235 0.4
255 530.0031034946442 29.52952462484625 0.4
256 532.0062997341156 29.43853032655576 0.4
257 534.0093884468079 17.97225550769231 0.4
258 536.0162711143494 18.19323714817111 0.4
258 538.0179493427277 18.666579168218497 0.4
259 540.0227036476135 17.18373113706208 0.4
260 542.027843952179 19.027715522572667 0.4
260 544.0286335945129 17.258258334376958 0.4
261 546.041494846344 16.557166438781852 0.4
262 548.0367488861084 18.141801653300433 0.4
262 550.0411643981934 16.20566332084894 0.4
263 552.0456285476685 17.63903799498747 0.4
263 554.0508468151093 17.591892668329177 0.4
264 556.0523200035095 16.819766269592478 0.4
265 558.055172920227 16.320515566687536 0.4
265 560.0611803531647 14.850883096129838 0.4
266 562.0686521530151 18.844030149253733 0.4
267 564.0684776306152 18.29239676012461 0.4
267 566.0741004943848 18.34323627732667 0.4
268 568.077166557312 17.80261049467752 0.4
269 570.0801827907562 16.144689950248754 0.4
269 572.0809118747711 17.202483447845097 0.4
270 574.0899701118469 18.295833485502776 0.4
270 576.089771270752 17.26368059775841 0.4
271 578.09233045578 16.751113708978327 0.4
272 580.0976507663727 21.30463501867995 0.4
273 582.0997040271759 28.499314622467768 0.4
274 584.1035602092743 30.34430969325153 0.4
275 586.113320350647 28.860383901840493 0.4
276 588.1111745834351 28.940102745098038 0.4
277 590.1153810024261 31.36049945945946 0.4
278 592.1183071136475 28.752398237454102 0.4
280 594.127034664154 29.32588623853211 0.4
281 596.1268537044525 29.481567702786375 0.4
282 598.131489276886 29.50832813895782 0.4
283 600.1392650604248 30.32705075137447 0.4
284 602.1518514156342 28.922566580724368 0.4
285 604.1542096138 28.33927872078721 0.4
286 606.1543786525726 29.05710660098522 0.4
287 608.1611905097961 29.65526368355995 0.4
288 610.1695959568024 18.0082871845867 0.4
289 612.1632874011993 16.664146765432097 0.4
289 614.1638178825378 17.286214091470953 0.4
290 616.1727313995361 16.005093530864198 0.4
291 618.1736800670624 17.42331677819083 0.4
291 620.1754047870636 16.835429712858925 0.4
292 622.178172826767 18.067612157598496 0.4
292 624.1821722984314 19.062627784730914 0.4
293 626.1860678195953 17.1209054659162 0.4
294 628.1898522377014 15.404204767879548 0.4
294 630.1981298923492 15.958073988728867 0.4
295 632.2052652835846 17.261804555694617 0.4
296 634.2069144248962 17.915487660636305 0.4
296 636.2049119472504 16.612300835932626 0.4
297 638.2106409072876 16.88405053158224 0.4
297 640.2214970588684 15.845167529706067 0.4
298 642.2169797420502 17.461832845528455 0.4
299 644.2198481559753 16.982851717676454 0.4
299 646.2268986701965 16.33307854818523 0.4
300 648.2264437675476 0.15836921923797626 0.4
300 650.2305493354797 0.16301116395494367 0.4
300 652.2346632480621 0.1838057 0.4
300 654.2384278774261 0.15866370555208983 0.4
300 656.2422025203705 0.16123507191994996 0.4
300 658.2463774681091 0.15981211742660836 0.4
300 660.2506399154663 0.16582356027482822 0.4
300 662.2555105686188 0.16443122194513715 0.4
300 664.2592210769653 0.1664482698313554 0.4
300 666.2635018825531 0.16115224030037548 0.4
300 668.267195224762 0.15950960649594004 0.4
300 670.2708230018616 0.16186166353971232 0.4
300 672.2741913795471 0.1583315283842795 0.4
300 674.2776095867157 0.1840162 0.4
300 676.2812428474426 0.1613577 0.4
300 678.2849707603455 0.15963006879299563 0.4
300 680.2888290882111 0.15931605493133583 0.4
300 682.2921578884125 0.15957536921151438 0.4
300 684.2959861755371 0.16009101376720902 0.4
300 686.2994878292084 0.16090569999999998 0.4
300 688.3038365840912 0.16193369999999999 0.4
300 690.3075573444366 0.10386598376014991 0.4
300 692.3110094070435 0.1799501557632399 0.4
300 694.314377784729 0.15951470331043097 0.4
300 696.3192229270935 0.16165443196004994 0.4
300 698.3235554695129 0.1597467 0.4
300 700.3278796672821 0.16514466916354556 0.4
300 702.331672668457 0.16170057428214732 0.4
300 704.3351445198059 0.16295066749844042 0.4
300 706.3388276100159 0.0968927 0.4
300 708.342663526535 0.1848436 0.4
300 710.3464810848236 0.16785409119300437 0.4
300 712.3502726554871 0.1607874314214464 0.4
300 714.3538796901703 0.18481738913179263 0.4
300 716.3576874732971 0.16345282595134125 0.4
