0 1.01806640625 28.173012868699438 0.3
1 3.022268295288086 0.1718494 0.3
1 5.026445150375366 29.58490129353234 0.3
2 7.030179977416992 0.1644996 0.4
2 9.034168004989624 32.64289949036669 0.4
4 11.03781270980835 33.28934864197531 0.4
5 13.041460752487183 32.7988271577655 0.4
6 15.04556393623352 32.020821876149604 0.4
7 17.050037384033203 32.378168 0.4
8 19.053346157073975 33.146572216014896 0.4
10 21.056995391845703 32.35369437155119 0.4
11 23.061282873153687 32.48398036809816 0.4
12 25.065014839172363 33.06782107739938 0.4
13 27.069948196411133 31.899111586626137 0.4
14 29.074544191360474 31.295605558312655 0.4
16 31.07802438735962 32.33669724770642 0.4
17 33.083489418029785 32.338242146341464 0.4
18 35.08611559867859 31.441029645909644 0.4
19 37.09077429771423 32.27475824583076 0.4
20 39.09488081932068 31.94478774509804 0.4
22 41.09837603569031 31.859765425400738 0.4
23 43.10263228416443 31.41372268620269 0.4
24 45.106173038482666 31.641597126934982 0.4
25 47.11076593399048 31.203033702337024 0.4
26 49.11453938484192 31.253448675292667 0.4
27 51.11932635307312 30.407590345664037 0.4
28 53.12217950820923 31.803056538226297 0.4
30 55.12623453140259 31.23967891491985 0.4
31 57.12961006164551 31.68728572839506 0.4
32 59.13348627090454 30.627079237861093 0.4
33 61.13861608505249 31.13926335174954 0.4
34 63.14226269721985 31.823375350553505 0.4
35 65.146075963974 31.53950166666667 0.4
36 67.15031433105469 31.33684774509804 0.4
38 69.15375137329102 31.413339164619163 0.4
39 71.15890598297119 31.299633033846153 0.4
40 73.16301727294922 31.302867609096495 0.4
41 75.16588282585144 30.64003089450956 0.4
42 77.169602394104 30.76361729332517 0.4
43 79.17288517951965 30.605421222977146 0.4
44 81.17804622650146 31.16458849785408 0.4
46 83.18085432052612 30.81924422208664 0.4
47 85.18563628196716 29.870683099450883 0.4
48 87.1884765625 30.400627874306842 0.4
49 89.19234943389893 31.107050738916257 0.4
50 91.1970100402832 30.03677136531365 0.4
51 93.19816517829895 30.68880679384615 0.4
52 95.20241260528564 29.977314202192446 0.4
53 97.20885181427002 30.122040585365855 0.4
55 99.21121644973755 26.86429452104942 0.4
56 101.21615386009216 27.168441881188123 0.4
57 103.21960783004761 25.9514063681592 0.4
58 105.22292065620422 25.593212512315272 0.4
59 107.22548413276672 26.30020049751244 0.4
60 109.23100662231445 26.983238204488778 0.4
60 111.23809552192688 25.67826501563477 0.4
61 113.24030470848083 24.40994586057989 0.4
62 115.24433541297913 25.34709911330049 0.4
63 117.24556279182434 25.7625670210136 0.4
64 119.24930620193481 26.403266965174126 0.4
65 121.25250577926636 25.79572465116279 0.4
66 123.25664973258972 25.704540604565086 0.4
67 125.2602391242981 26.031508492808005 0.4
68 127.2632417678833 24.890565435453986 0.4
69 129.26763820648193 25.619277840552417 0.4
70 131.2723126411438 25.5483418317757 0.4
71 133.27519702911377 25.6877724155194 0.4
72 135.28117203712463 27.053074271419636 0.4
73 137.2831552028656 24.449033869158878 0.4
74 139.28621006011963 21.406570786516856 0.4
75 141.29114294052124 24.547081277395115 0.4
76 143.29315423965454 26.519159800498755 0.4
77 145.2975583076477 24.77097205479452 0.4
78 147.30150938034058 24.701759009287926 0.4
79 149.30380749702454 23.54378865671642 0.4
80 151.30801129341125 25.2696520349563 0.4
80 153.3119294643402 24.960123 0.4
81 155.31395316123962 24.69661652664577 0.4
82 157.31889247894287 24.747374226675014 0.4
83 159.32111191749573 30.234013913043476 0.5
84 161.32490754127502 0.16077702871410737 0.5
84 163.32939434051514 34.69038959349594 0.5
85 165.33367013931274 24.667110922693265 0.5
86 167.336678981781 24.079046583541146 0.5
87 169.3401415348053 25.089571788161997 0.5
88 171.34594202041626 25.117361298377027 0.5
89 173.34818387031555 24.278268746101062 0.5
90 175.3508861064911 23.185931770573568 0.5
91 177.35507011413574 25.784706424546023 0.5
92 179.3580322265625 24.688149393370857 0.5
93 181.36115193367004 24.346251641791046 0.5
93 183.36491179466248 23.150183664790493 0.5
94 185.36804175376892 25.025719025608993 0.5
95 187.37162113189697 25.547981788617886 0.5
96 189.37584161758423 23.83420152024922 0.5
97 191.37890005111694 23.96589197515528 0.5
98 193.38317918777466 23.93339365792759 0.5
99 195.38839173316956 24.538142860712057 0.5
100 197.4016010761261 22.885120898876405 0.5
100 199.3955409526825 23.067091935081148 0.5
101 201.39884734153748 24.47445759201497 0.5
102 203.40175414085388 24.437483945068664 0.5
103 205.40551495552063 23.551462125543814 0.5
104 207.41141319274902 23.60552897755611 0.5
105 209.41621255874634 23.193344099688474 0.5
106 211.41886138916016 24.012978665003118 0.5
107 213.41989612579346 23.608848639201 0.5
107 215.42296028137207 24.0634625 0.5
108 217.42743015289307 22.801012204234123 0.5
109 219.4332091808319 23.60724072545341 0.5
110 221.43395447731018 25.977371514392996 0.5
111 223.43906593322754 23.078475505617977 0.5
112 225.44302678108215 23.021476622889306 0.5
113 227.445574760437 21.500134736842107 0.5
113 229.45006132125854 23.79603183979975 0.5
114 231.46143507957458 22.203822443890274 0.5
115 233.45741248130798 23.574030386052303 0.5
116 235.4614236354828 22.63228194271482 0.5
117 237.46375560760498 22.799344918851435 0.5
118 239.46755409240723 23.87894710640946 0.5
118 241.4699296951294 23.622927959949937 0.5
119 243.47417783737183 24.4874445 0.5
120 245.47891306877136 23.324557596996247 0.5
121 247.48199367523193 21.940215506172837 0.5
122 249.48583054542542 21.636718308457713 0.5
123 251.48978400230408 21.172235271176113 0.5
124 253.4923872947693 22.322741845386535 0.6
124 255.49684929847717 11.479166645924083 0.6
125 257.5006000995636 27.314753287925697 0.6
126 259.50802850723267 23.010884577114428 0.6
127 261.50791025161743 22.222697213622293 0.6
127 263.51289772987366 22.747435847404628 0.6
128 265.51660656929016 21.2028938136646 0.6
129 267.5189003944397 23.711110978193144 0.6
130 269.5227110385895 22.24347007518797 0.6
131 271.5279152393341 20.762396595744683 0.6
132 273.53195977211 22.205938423028787 0.6
132 275.5333242416382 21.684611045710707 0.6
133 277.5388114452362 20.347604552845528 0.6
134 279.5429346561432 22.3457312 0.6
135 281.54480028152466 22.218347802128992 0.6
136 283.5470840930939 21.330875602748282 0.6
136 285.55047845840454 20.87090951844903 0.6
137 287.55539441108704 21.502838703241896 0.6
138 289.55777525901794 21.270733191755152 0.6
139 291.56741738319397 28.320467462686565 0.6
140 293.56822085380554 28.070885841584158 0.6
141 295.57138323783875 22.522402798251093 0.6
142 297.5747437477112 20.891831327102803 0.6
143 299.5786337852478 21.805519002493764 0.6
143 301.5820655822754 22.18420598622417 0.6
144 303.5849611759186 22.701702236102435 0.6
145 305.5890328884125 21.145277495303695 0.6
146 307.59372305870056 21.425486658322903 0.6
147 309.59647583961487 23.077906516853933 0.6
148 311.59954166412354 21.69967628374137 0.6
148 313.6033113002777 22.121742656641604 0.6
149 315.6073226928711 22.361698683229815 0.6
150 317.6104009151459 22.676736338729764 0.6
151 319.613569021225 22.66333545341615 0.6
152 321.61638164520264 21.97086296388543 0.6
152 323.6202757358551 21.569337420560746 0.6
153 325.62375354766846 21.631067562189056 0.6
154 327.6297130584717 21.892792004996878 0.6
155 329.6318655014038 21.965847019290603 0.6
156 331.63573026657104 21.5864594 0.6
156 333.6401791572571 20.580222942643392 0.6
157 335.64159893989563 22.32014094763092 0.6
158 337.64577651023865 21.947983979974968 0.6
159 339.64866614341736 21.301470996865206 0.6
160 341.6518838405609 21.4490151 0.6
160 343.6556177139282 20.007445914786967 0.6
161 345.66022992134094 22.07366260436137 0.6
162 347.6617066860199 20.83374392059553 0.6
163 349.6653311252594 19.710773499067745 0.6
164 351.6709535121918 21.09133822721598 0.6
164 353.673175573349 20.644136099999997 0.6
165 355.6858410835266 21.854892537313432 0.6
166 357.6793804168701 20.504267501565433 0.6
167 359.6832230091095 22.52190282147316 0.6
168 361.6858961582184 20.864351580262337 0.6
168 363.69461607933044 20.348038757763977 0.6
169 365.694100856781 21.2424846882793 0.6
170 367.69885301589966 21.20444457711443 0.6
171 369.700234413147 22.870697243107767 0.7
172 371.7037818431854 13.119863652173914 0.7
172 373.7078125476837 19.879763495630463 0.7
173 375.71285486221313 21.07507693069307 0.7
174 377.7152454853058 20.90701952795031 0.7
175 379.7192521095276 21.733996803995005 0.7
175 381.7227725982666 20.27693244834064 0.7
176 383.7290999889374 20.242132531328323 0.7
177 385.7306296825409 20.67067507191995 0.7
178 387.73305559158325 21.387743420724096 0.7
178 389.73709750175476 21.377197176470588 0.7
179 391.7419843673706 19.306843325183372 0.7
180 393.7453136444092 19.359764773960215 0.7
181 395.75474739074707 21.621193460356483 0.7
182 397.75530529022217 18.960821313506816 0.7
182 399.75688910484314 19.77011606475716 0.7
183 401.7600722312927 20.81724349127182 0.7
184 403.7697157859802 19.336519 0.7
185 405.76826333999634 20.172997478368355 0.7
185 407.770938873291 20.00571133041849 0.7
186 409.7742166519165 20.624353942428034 0.7
187 411.77790880203247 20.169961551939924 0.7
188 413.7829134464264 21.0308303 0.7
188 415.78526639938354 21.21986763454318 0.7
189 417.7880702018738 21.681025540963102 0.7
190 419.7930097579956 18.30707116104869 0.7
191 421.79850482940674 19.21951741132545 0.7
191 423.79787611961365 20.539306866791744 0.7
192 425.8021364212036 20.23415221945137 0.7
193 427.80597949028015 19.319028236760126 0.7
194 429.8099572658539 20.45186453066333 0.7
194 431.81504011154175 19.939063385384134 0.7
195 433.8208119869232 19.58530482076638 0.7
196 435.8242871761322 20.601441278426552 0.7
197 437.8254494667053 29.43665770129072 0.7
198 439.8311131000519 29.190023743842364 0.7
199 441.8377752304077 29.6458573276388 0.7
200 443.83570861816406 32.53697453646477 0.7
201 445.8430070877075 29.696663288672347 0.7
202 447.84564781188965 29.866001766871165 0.7
204 449.8480751514435 29.201105569774526 0.7
205 451.8562228679657 28.967677092671106 0.7
206 453.8549418449402 29.162421093560148 0.7
207 455.8590269088745 29.89808694376528 0.7
208 457.8692481517792 29.07707094247246 0.7
209 459.8661000728607 29.26572066055046 0.7
210 461.8703067302704 29.386640244349422 0.7
211 463.8749666213989 28.695017031630172 0.7
212 465.8794436454773 29.043297997527812 0.7
214 467.8873379230499 29.22327038438072 0.7
215 469.8867394924164 29.311061626911318 0.7
216 471.8999865055084 30.12660647665252 0.7
217 473.89773178100586 28.79828296296296 0.7
218 475.89761328697205 29.783524910988334 0.7
219 477.9046411514282 29.25619727385378 0.7
220 479.904296875 30.340562344322343 0.7
221 481.9098720550537 29.8015665773447 0.7
222 483.91959619522095 30.355014199877377 0.7
223 485.9235017299652 28.887234243902437 0.7
225 487.92827248573303 29.801121567666872 0.7
226 489.924339056015 29.225753917841814 0.7
227 491.9320785999298 29.977514404907975 0.7
228 493.9347126483917 29.848376574585632 0.7
229 495.93720054626465 29.36678261716372 0.7
230 497.94467520713806 29.418462086638193 0.7
231 499.9445421695709 29.305040243457093 0.7
232 501.94935417175293 30.603754660074166 0.7
233 503.95218324661255 30.137461741815937 0.7
234 505.95670437812805 30.95955931707317 0.7
236 507.9596905708313 29.0222547510756 0.7
237 509.962034702301 30.378224621072086 0.7
238 511.96964383125305 32.4017216196319 0.7
239 513.9697525501251 29.5929086095932 0.7
240 515.9758968353271 30.34161193588163 0.7
241 517.9828956127167 29.932521360544218 0.7
242 519.9845111370087 29.23061995085995 0.7
243 521.9896976947784 29.511203638598648 0.7
245 523.9957358837128 29.924241814837522 0.7
246 525.993283033371 29.59369947528981 0.7
247 527.9999153614044 30.986669572755414 0.7
248 530.002402305603 30.184159314565484 0.7
249 532.0055611133575 29.371200982197664 0.7
250 534.02148604393 28.88684197044335 0.7
251 536.0176572799683 29.270336257744734 0.7
252 538.0195107460022 31.517491223733003 0.7
253 540.0191926956177 29.58772358245831 0.7
254 542.0280394554138 29.036080924012158 0.7
256 544.0337541103363 28.77543251518834 0.7
257 546.0300326347351 28.974351086556172 0.7
258 548.0379686355591 29.490823089230766 0.7
259 550.0417513847351 28.050721651487553 0.7
260 552.0410220623016 30.37905369193154 0.7
261 554.0534522533417 29.66105671931956 0.7
262 556.0525047779083 29.15664503082614 0.7
263 558.0526857376099 29.721785361077114 0.7
264 560.0588591098785 29.612499466170078 0.7
265 562.0588636398315 30.379362071516645 0.7
267 564.0667128562927 30.043487901538462 0.7
268 566.0678038597107 29.46608363413137 0.7
269 568.072368144989 29.30475728107777 0.7
270 570.0767197608948 29.642540621118012 0.7
271 572.079886674881 29.829640985221673 0.7
272 574.0821626186371 29.245089792935445 0.7
273 576.0865139961243 29.625152909203212 0.7
274 578.0898020267487 29.494359317073172 0.7
275 580.095057964325 29.331274268218007 0.7
277 582.1023552417755 28.920526136783735 0.7
278 584.1021325588226 28.768807063151442 0.7
279 586.1057040691376 30.38432764705882 0.7
280 588.1165437698364 29.840729172286938 0.7
281 590.1177892684937 28.397459815157116 0.7
282 592.1261382102966 29.37878883950617 0.7
283 594.1223983764648 31.27352761904762 0.7
284 596.1342053413391 29.798866374695866 0.7
285 598.1300375461578 30.12032393120393 0.7
286 600.1432836055756 26.250288344615385 0.7
287 602.1371924877167 26.131032838749235 0.7
289 604.1407923698425 29.357515960591137 0.7
290 606.150515794754 29.984120927960927 0.7
291 608.1487560272217 29.922185714285714 0.7
292 610.1531898975372 28.72702872682324 0.7
292 612.1682379245758 15.707532959805114 0.7
293 614.1673135757446 16.11107294117647 0.7
294 616.1733722686768 17.81004100675261 0.7
295 618.1830201148987 17.675329537892793 0.7
295 620.1714870929718 22.708987716535432 0.7
296 622.1845388412476 21.38671297029703 0.7
297 624.179096698761 18.235528525402724 0.7
298 626.1825981140137 17.456379754299757 0.7
299 628.1873271465302 22.45003493514515 0.7
300 630.1910238265991 16.512399705882352 0.7
300 632.1950821876526 0.1609617021276596 0.7
300 634.1993172168732 0.15967609756097562 0.7
300 636.203120470047 0.16076794007490636 0.7
300 638.2069721221924 0.15792958203368684 0.7
300 640.2102000713348 0.1624811507191995 0.7
300 642.2142264842987 0.16286132334581774 0.7
300 644.2183957099915 0.16207660636306925 0.7
300 646.2222187519073 0.16289528089887642 0.7
300 648.2264084815979 0.1601985518102372 0.7
300 650.2305686473846 0.15814168434185902 0.7
300 652.2339754104614 0.1594595622263915 0.7
300 654.2382509708405 0.15731814768460575 0.7
300 656.2417612075806 0.1352872545340838 0.7
300 658.2458980083466 0.1349830356027483 0.7
300 660.2494747638702 0.1343872 0.7
300 662.2533147335052 0.13591730337078653 0.7
300 664.2568829059601 0.13609001251564454 0.7
300 666.2617816925049 0.14283519601742375 0.7
300 668.2656304836273 0.14294928348909658 0.7
300 670.2689292430878 0.1381498127340824 0.7
300 672.2729454040527 0.14936034890965733 0.7
300 674.2766544818878 0.1369219 0.7
300 676.2801876068115 0.1354856214865709 0.7
300 678.2847075462341 0.1376323595505618 0.7
300 680.2879247665405 0.13647880074953153 0.7
300 682.2915599346161 0.1380428232354778 0.7
300 684.2946529388428 0.13731126092384519 0.7
300 686.298476934433 0.14045712858926343 0.7
300 688.3022003173828 0.1523878 0.7
300 690.305670261383 0.1600272 0.7
300 692.3099257946014 0.15878383989993747 0.7
300 694.3136603832245 0.15891412132582863 0.7
300 696.3185777664185 0.158614531835206 0.7
300 698.322586774826 0.12060774032459426 0.7
300 700.3274941444397 0.16278966936993136 0.7
300 702.3318562507629 0.1697119800747198 0.7
300 704.3358352184296 0.13855639774859285 0.7
300 706.3396265506744 0.1376267331670823 0.7
300 708.3429479598999 0.147467532792005 0.7
300 710.3465905189514 0.13749732833957554 0.7
300 712.3508172035217 0.13375750467872738 0.7
300 714.3541603088379 0.13482460386774797 0.7
300 716.358636379242 0.13786753117206982 0.7
300 718.3627316951752 0.161298177278402 0.7
300 720.3668355941772 0.1514701246882793 0.7
