66.75875111111111
66.48308970969734
67.13132553693359
66.10544789636027
66.56077270471464
66.94156198511166
67.5312149783013
67.39752670391061
66.58340066790352
67.41787190062112
66.84947432114073
66.98032386138614
66.19418279329608
67.12066990099011
67.0847277132262
67.65686016159106
66.45904187192119
66.64359356435644
66.38745623762377
66.85366859962986
65.9564595302843
65.37215921375922
66.18600438153847
66.30256886153846
66.12570984634296
66.78482264524104
66.03901552941176
66.28022287128714
65.9325176586568
66.58753533704392
66.7516338899196
67.20752445269017
66.2631533250927
66.29540014869887
66.63213932307693
66.1804863248919
66.36834538745387
66.50106389095414
66.83033507673419
65.51747308307692
66.0065880371517
67.13098290704929
66.45571431396786
66.38815793103448
66.65462159161012
66.63174708074534
66.18774061804697
67.31579053283767
67.65965552238806
66.97318251393189
66.21582961681088
65.8154691449814
66.42731858472997
66.03792297029702
67.17072981412639
66.40516622222222
66.31591711442786
66.68890518243661
66.50424335388409
66.69195418676561
66.96760182828908
67.50644965174129
66.50334577777778
66.98547017369727
67.3087496039604
66.99872948148148
66.07427156596795
66.2042189059619
66.22500615384615
66.63316379778051
65.92307613538462
66.70170901863354
66.13992856965945
67.01689737846154
66.78885684729065
67.1623889108911
66.65265463535228
65.7375907503075
65.72827228589033
66.34168
67.01172148514851
66.79614777572397
66.81421919504645
66.3348887236679
66.69751841584159
66.72232702970297
66.52223881334982
67.65995251548946
66.01690268066707
66.89295841682127
66.28667632802937
65.69271871921181
66.27555448275862
65.2742528352725
66.83352326732674
65.77715797780517
66.38116986369269
67.03193043908472
66.3483040495356
67.10469763546799
65.86877628903858
67.7528740520446
66.42767792464484
66.7550721189591
67.20585863692689
65.96874738916256
65.86349081947012
67.05048108641975
66.28630540073983
66.42600261566935
65.52278354679802
66.25580544
65.85348254792827
66.0526110795805
66.3136259592844
66.80670326732672
66.64867355473555
66.2487426953846
65.93885514851485
66.11978837438424
67.24666696406445
67.57228051819865
66.35182311656442
65.7574523076923
66.67990892156863
66.53038591444513
66.82441773934528
66.62731987646696
65.64639743209877
66.50904384236453
66.94456133746131
66.14186853284222
65.90079752781212
66.82419306273063
67.15156128395063
66.98171844923077
66.02871832718327
66.08063841682127
67.32579049037865
66.58115019607843
67.37107617391305
66.79523899076923
65.0539546928747
66.2807170260223
66.16828242201835
65.63423911056208
66.52773451632778
66.12249880320789
65.69255371779141
66.38924959409594
