1.1924445629119873 18.130313976353456
3.196498394012451 18.484078755444926
5.199819326400757 18.195114146341464
7.204270124435425 18.475654
9.207981824874878 18.65836534332085
11.21236276626587 18.15742264339152
13.21561574935913 18.685973532710282
15.219307661056519 18.459862643391524
17.22256898880005 18.269863476635514
19.22643208503723 18.580265102932003
21.23000955581665 18.632531735330836
23.233649492263794 18.3455134082397
25.23726487159729 18.731584659587757
27.24062204360962 18.622364921923797
29.244277000427246 18.597557779164067
31.247846841812134 18.971759200998754
33.25163292884827 17.805720773549595
35.255237102508545 17.97864709113608
37.258915424346924 17.73345064014916
39.26370644569397 18.17891760598504
41.26749086380005 19.079101123595503
43.27117204666138 18.422789356652093
45.275226354599 17.90167940149626
47.27898979187012 17.82085409856519
49.28295421600342 18.551606537741737
51.28667116165161 18.549443800000002
53.29042029380798 18.069902520173805
55.2940616607666 17.73655108898569
57.297534227371216 17.90008154517134
59.30156970024109 18.67149917808219
61.305193185806274 17.865105445482865
63.308868408203125 17.807318555417183
65.31278157234192 17.909898899999998
67.31675028800964 18.682907265917603
69.32097339630127 17.791112184194148
71.32528614997864 18.08725239824671
73.32936692237854 18.745208044971893
75.33304142951965 18.029527654784243
77.337078332901 18.2598292
79.3408362865448 18.023431900000002
81.34455418586731 17.752248512756687
83.3486545085907 17.84616264504055
85.3522458076477 18.025223640897757
87.35568356513977 19.242196926920673
89.35957765579224 18.056419061913694
91.36331415176392 18.172772900000002
93.36764144897461 18.2336244
95.37140226364136 18.04899512195122
97.37535524368286 18.702604644194757
99.37887215614319 20.360132967581045
101.38236284255981 18.7867353
103.38597369194031 18.281223049159927
105.39064049720764 18.847002147315855
107.39398193359375 18.792338618543873
109.39759969711304 19.269221210230818
111.40119528770447 18.455933358348968
113.40450119972229 18.735903039399624
115.40811133384705 18.07192552582452
117.41195130348206 18.73290155569384
119.41533517837524 18.477503761638733
121.41908812522888 17.906235208983155
123.42320990562439 18.228976010006253
125.42671728134155 18.647316109725686
127.43008756637573 18.956413682896383
129.43383502960205 18.172069456589632
131.437917470932 18.182289130706693
133.44178533554077 18.558586234413966
135.44550013542175 18.895115146966855
137.44886088371277 18.107142650902304
139.45343470573425 19.1106384
141.45677042007446 18.632332816020025
143.4605278968811 18.271162892768082
145.46454739570618 18.50589931292942
147.4675314426422 18.185840449157826
149.47167348861694 18.552692403486923
151.47544312477112 19.072065658963147
153.47927045822144 18.999371592754528
155.48283052444458 18.919203495630462
157.4863510131836 18.24058453865337
159.4898898601532 18.136831219512196
161.49306750297546 18.484574504672896
163.49656534194946 18.063424918851435
165.50000071525574 18.832603777360852
167.5037658214569 18.28064963975155
169.50775337219238 19.03846474046279
171.51111030578613 18.313980980757293
173.5160777568817 18.886717906542057
175.5202670097351 18.688691937694703
177.52319407463074 18.569778188632107
179.5268039703369 18.422910742358077
181.5309772491455 18.43646693266833
183.53472232818604 18.387094130841124
185.53850531578064 17.846028226509024
187.54244875907898 17.66172404494382
189.54633498191833 17.538003287671234
191.54996919631958 20.42462881398252
193.55358934402466 18.593009668956903
195.55739307403564 19.08228182614134
197.56081581115723 18.32947747657714
199.5645308494568 17.769177
201.56812047958374 17.92115171982489
203.57144379615784 18.017014834271418
205.57563829421997 17.827964244694133
207.5794017314911 18.65253013133208
209.58301210403442 18.22986603372892
211.5866196155548 18.90876436681223
213.59055972099304 18.331465705407084
215.59445214271545 18.346172242348533
217.5983748435974 17.929904809494065
219.6022584438324 17.85135390761548
221.6059684753418 17.804945717852686
223.6096167564392 18.27211171126322
225.61395907402039 18.376256860537836
227.61743092536926 18.812963695380773
229.6213834285736 18.156287520299813
231.62534546852112 18.124115383655646
233.62887287139893 18.10872817955112
235.63271069526672 18.005963518402996
237.63640713691711 18.507630730793252
239.64126896858215 17.934872229140723
241.64504265785217 18.663210361145705
243.64895677566528 17.906286056074766
245.65252590179443 17.85079536448598
247.6561243534088 17.924950106183633
249.6598882675171 18.597022521847688
251.6637089252472 17.9642405
253.66713523864746 18.285996760124608
255.6709439754486 18.779237847309137
257.67479705810547 18.540947223955083
259.67863154411316 18.849410093457944
261.68264174461365 18.039525090455395
263.6862142086029 18.221293325046613
265.69017720222473 18.227489476309227
267.6936893463135 17.793566363069246
269.69756722450256 18.186949569557083
271.7021732330322 17.85404535158681
273.7060227394104 17.89863525888958
275.70979142189026 18.714444144818977
277.71337509155273 18.053864373831775
279.7175681591034 17.866382144638404
281.72105979919434 18.092301499999998
283.7248270511627 17.914448985687617
285.7289249897003 18.018461461586508
287.7324447631836 18.0830016
289.73646879196167 19.376281002506264
291.74010467529297 18.88448099937539
293.74400568008423 17.9077199
295.7478458881378 18.034341872659176
297.7515573501587 18.541222971285894
299.7555100917816 18.11045326670831
301.75951981544495 18.7759025
303.76337718963623 18.096588827930173
305.76704239845276 19.3102334082397
307.77090215682983 18.016609950248757
309.77486395835876 18.088210337078653
311.7783463001251 18.1339794
313.78228402137756 18.114506068535828
315.7861270904541 18.07439601494396
317.7897698879242 18.945480174890694
319.79345774650574 18.714173125389895
321.79750752449036 17.72474114713217
323.8014976978302 17.880607960074858
325.8048748970032 18.34626553191489
327.8086006641388 18.488602730118973
329.81250643730164 17.9868417
331.81643176078796 17.949695900000002
333.8198621273041 19.13773128205128
335.82368516921997 18.23859415730337
337.8271310329437 17.95553855361596
339.83183455467224 17.9028561298377
341.8354570865631 18.31849063006862
343.83939003944397 17.842825673494726
345.84294390678406 18.313318679127725
347.84720849990845 18.89185157107232
349.85088872909546 18.68204274656679
351.8545968532562 17.854635364485983
353.85851883888245 17.902818093457945
355.8619337081909 18.576034734872117
357.8655438423157 18.472439055900622
359.86919951438904 18.910680199501247
361.8729553222656 18.02870537313433
363.87690806388855 18.115341714285716
365.8804988861084 18.46896948222084
367.88418412208557 21.68038316313823
369.888875246048 18.825145600000003
371.8924562931061 18.520798702432938
373.89608120918274 16.1649289
375.9001064300537 0.1254179138038726
377.9035632610321 0.12740903870162296
379.908038854599 0.1286517852684145
381.91157126426697 0.12707920199501246
383.9154441356659 0.12915839999999998
385.91918325424194 0.1272362773266708
387.9228515625 0.12618793254216115
389.92684054374695 0.10302033686837181
391.9304265975952 0.10348893882646691
393.9346399307251 0.11624754528419738
395.9384114742279 0.1008492
397.9417326450348 0.09996674157303372
399.9455451965332 0.10056792523364486
401.94921374320984 0.09826723192019951
403.95423340797424 0.10985208489388265
405.95787477493286 0.11399680000000001
407.96201181411743 0.12875892834890965
409.9659688472748 0.12861886036318096
