18.130313976353456
18.484078755444926
18.195114146341464
18.475654
18.65836534332085
18.15742264339152
18.685973532710282
18.459862643391524
18.269863476635514
18.580265102932003
18.632531735330836
18.3455134082397
18.731584659587757
18.622364921923797
18.597557779164067
18.971759200998754
17.805720773549595
17.97864709113608
17.73345064014916
18.17891760598504
19.079101123595503
18.422789356652093
17.90167940149626
17.82085409856519
18.551606537741737
18.549443800000002
18.069902520173805
17.73655108898569
17.90008154517134
18.67149917808219
17.865105445482865
17.807318555417183
17.909898899999998
18.682907265917603
17.791112184194148
18.08725239824671
18.745208044971893
18.029527654784243
18.2598292
18.023431900000002
17.752248512756687
17.84616264504055
18.025223640897757
19.242196926920673
18.056419061913694
18.172772900000002
18.2336244
18.04899512195122
18.702604644194757
20.360132967581045
18.7867353
18.281223049159927
18.847002147315855
18.792338618543873
19.269221210230818
18.455933358348968
18.735903039399624
18.07192552582452
18.73290155569384
18.477503761638733
17.906235208983155
18.228976010006253
18.647316109725686
18.956413682896383
18.172069456589632
18.182289130706693
18.558586234413966
18.895115146966855
18.107142650902304
19.1106384
18.632332816020025
18.271162892768082
18.50589931292942
18.185840449157826
18.552692403486923
19.072065658963147
18.999371592754528
18.919203495630462
18.24058453865337
18.136831219512196
18.484574504672896
18.063424918851435
18.832603777360852
18.28064963975155
19.03846474046279
18.313980980757293
18.886717906542057
18.688691937694703
18.569778188632107
18.422910742358077
18.43646693266833
18.387094130841124
17.846028226509024
17.66172404494382
17.538003287671234
20.42462881398252
18.593009668956903
19.08228182614134
18.32947747657714
17.769177
17.92115171982489
18.017014834271418
17.827964244694133
18.65253013133208
18.22986603372892
18.90876436681223
18.331465705407084
18.346172242348533
17.929904809494065
17.85135390761548
17.804945717852686
18.27211171126322
18.376256860537836
18.812963695380773
18.156287520299813
18.124115383655646
18.10872817955112
18.005963518402996
18.507630730793252
17.934872229140723
18.663210361145705
17.906286056074766
17.85079536448598
17.924950106183633
18.597022521847688
17.9642405
18.285996760124608
18.779237847309137
18.540947223955083
18.849410093457944
18.039525090455395
18.221293325046613
18.227489476309227
17.793566363069246
18.186949569557083
17.85404535158681
17.89863525888958
18.714444144818977
18.053864373831775
17.866382144638404
18.092301499999998
17.914448985687617
18.018461461586508
18.0830016
19.376281002506264
18.88448099937539
17.9077199
18.034341872659176
18.541222971285894
18.11045326670831
