1.0679478645324707 51.19556176069436
3.071492910385132 53.159211500000005
5.075584650039673 52.36302089108911
7.07939887046814 53.13257965087281
9.08309531211853 52.49710027261463
11.086302995681763 52.44248194392524
13.09070897102356 52.516495651090345
15.094399690628052 51.997047590511855
17.098456144332886 52.13849496259352
19.101751804351807 52.25532344272445
21.105774641036987 52.35488
23.109130859375 51.58865742574258
25.11316704750061 52.72911629536922
27.116278171539307 52.7035125
29.121180057525635 51.41011888406696
31.125043392181396 51.21784144728634
33.12865662574768 52.33233068664169
35.132399559020996 52.288351899999995
37.13655734062195 51.625529863013696
39.14001488685608 52.08338081784386
41.14328169822693 52.72746799254195
43.146963357925415 51.2423062103298
45.15078377723694 53.04952099875157
47.15452194213867 52.82940879256965
49.15881037712097 52.72292645807259
51.16278910636902 53.05368174890693
53.16631531715393 53.10715455562461
55.16991305351257 53.20524637898687
57.17398691177368 51.810508923459864
59.17815685272217 52.50693127566895
61.18281626701355 52.08995066997518
63.18654131889343 52.140364333748444
65.1900622844696 52.75220724094881
67.19374322891235 52.526832437810945
69.19722747802734 52.72773087281796
71.20090627670288 51.67996734082397
73.20473861694336 52.644976957605984
75.20757865905762 52.61564962406015
77.2118022441864 52.008989500000006
79.21509838104248 51.586587382885696
81.21856474876404 52.78417308364545
83.22263264656067 51.347942599999996
85.22574210166931 52.692880699126086
87.22983980178833 52.39362272841051
89.23329138755798 51.52289500621118
91.23739123344421 52.5973130553827
93.24199652671814 51.62195201995012
95.24590063095093 51.68773157107231
97.24967432022095 51.39036582043344
99.25342202186584 52.404253930348254
101.25707936286926 51.798607157894736
103.26086449623108 52.142911460674156
105.26463174819946 52.29036235294118
107.26810884475708 52.1760960199005
109.2718026638031 53.076662031152644
111.27571320533752 51.94766864965775
113.28048920631409 51.320983870162294
115.28403067588806 52.33521655860349
117.28781318664551 51.00883710723192
119.29161548614502 49.96600561839652
121.2956850528717 51.8602246
123.29971551895142 53.27323596513076
125.30406641960144 51.4582035140187
127.30801463127136 51.259150248756214
129.31193041801453 51.64614209547427
131.31566643714905 52.38338068707058
133.31964087486267 51.303837016780605
135.32383680343628 52.2235229832194
137.32740426063538 51.637127372353675
139.3309144973755 52.370727704815515
141.33478999137878 53.00880717310087
143.33826994895935 51.45482486554096
145.34247398376465 52.93072268489745
147.34700679779053 50.902894563591026
149.3502082824707 52.89219937694703
151.3535442352295 51.572758751560556
153.35742473602295 52.36584886674969
155.36115765571594 52.10919471321696
157.36492156982422 51.21533725685785
159.36948823928833 50.973497319332914
161.372976064682 52.61724807955252
163.3770124912262 53.78708194271482
165.38080310821533 50.613390175438596
167.38448977470398 53.34954164588529
169.38858246803284 52.27768561839652
171.39181351661682 53.40748067373674
173.3953778743744 52.9027786
175.3989565372467 51.05691585518103
177.40248250961304 53.03065778334377
179.40606117248535 52.629618099999995
181.40989804267883 53.060396681114554
183.4136357307434 51.79963791563276
185.41720724105835 51.41211077688005
187.42059659957886 51.65994094763092
189.42402982711792 52.3357866003729
191.42745208740234 52.30449998756992
193.4318549633026 51.12943629768605
195.43489909172058 52.726480793060716
197.43831586837769 53.48553911416095
199.44219493865967 52.3295278097622
201.44555187225342 52.932408544659594
203.4495027065277 51.76146361475923
205.45343375205994 52.833926292134834
207.45708417892456 52.54906733167082
209.460942029953 51.823269569557084
211.46525526046753 52.51879596261683
213.46892261505127 51.73855729831145
215.47258639335632 50.904377910447764
217.47568726539612 52.46398459036898
219.47926378250122 52.464386063236205
221.4828896522522 52.810820311915165
223.48638939857483 53.69059335830212
225.4907352924347 52.779567293092725
227.49428248405457 52.01974270807453
229.49834036827087 52.91722752955819
231.50217819213867 51.62212268656716
233.50622940063477 50.9381697633873
235.51029872894287 51.33388632627647
237.51420617103577 52.69512099378883
239.51777148246765 52.07462801740211
241.52148270606995 52.84610532087227
243.5252537727356 52.527543965195775
245.5289499759674 51.48340335612181
247.5331974029541 53.133385009322566
249.53669381141663 52.2072191163659
251.5400459766388 52.28584349563046
253.54367470741272 52.60048718652527
255.54843282699585 52.303831505309184
257.552081823349 52.047911000621504
259.55577874183655 52.28403257783313
261.5594666004181 52.5539768159204
263.56338810920715 51.5810899128269
265.56697177886963 52.7118663681592
267.57089376449585 51.2234565
269.57474660873413 52.74466613466334
271.5784680843353 51.61508067289719
273.5825209617615 52.80275673926571
275.58645129203796 51.43186648413193
277.5903208255768 52.164438581207214
279.5943729877472 52.58921347420758
281.59781193733215 51.20008278953922
283.6019837856293 52.65882073337477
285.6052749156952 53.53756154420921
287.609988451004 52.19818327725857
289.6136472225189 52.77130066291432
291.6173415184021 52.42004032358432
293.6211974620819 52.22142635118306
295.6248755455017 52.5149244
297.6285037994385 52.43265087960075
299.6318871974945 52.12592558255452
301.63580536842346 52.49213708567855
303.6391599178314 52.05331623206489
305.642808675766 52.673255751552794
307.64681935310364 50.25008723667905
309.6501624584198 52.80950094763093
311.653849363327 51.84686515566626
313.65766501426697 52.33522003738318
315.6611843109131 51.93818473815461
317.6649332046509 52.937028244084686
319.6702103614807 51.91361830845771
321.67306089401245 52.418862810743285
323.67712235450745 50.71029216957606
325.68044567108154 52.34698514001245
327.6843771934509 52.77091182044887
329.68768548965454 52.070932039801
331.69119930267334 52.42107718028696
333.6947317123413 52.08092991880074
335.6983690261841 51.7781609470405
337.7019639015198 51.86582665006226
339.7055194377899 52.41730691588785
341.70874977111816 52.08576479700188
343.7124264240265 52.39491432835821
345.71620178222656 52.5315150062422
347.7197606563568 50.67207834690044
349.72416734695435 52.87648210262829
351.72771167755127 50.8077860384377
353.73245882987976 52.1945382
355.73597621917725 52.389809713574095
357.7393810749054 51.96346928527036
359.74319982528687 52.49509080946451
361.7466413974762 52.96737475389408
363.7509796619415 52.130107064676615
365.7550654411316 51.76323205973864
367.7587366104126 52.81667972551466
369.762166261673 52.923993807740324
371.7655749320984 52.06549658779577
373.7690258026123 52.02218037267081
375.77287435531616 52.33507070404985
377.7766079902649 52.21157157107233
379.78053641319275 52.85619800498753
381.7841408252716 52.4775302
383.7875645160675 52.132724875621896
385.7926573753357 51.52022585305106
387.79565382003784 51.56832410513141
389.7996003627777 52.48591681195517
391.80316138267517 51.0959357605985
393.807510137558 50.91726561797753
395.8138060569763 52.472656799999996
397.8182189464569 52.793818317757015
399.8210127353668 52.59408149160969
401.82532358169556 52.17603221876942
403.8292338848114 51.90458756218905
405.83264422416687 51.20114591619762
407.83585500717163 51.58726364201367
409.839896440506 52.833645156445556
411.8434998989105 52.33829835411471
413.847843170166 51.31539691542288
415.85142397880554 51.56074673304294
417.85507559776306 53.359647880671226
419.8594448566437 50.99617390440721
421.86294198036194 52.9696477
423.8674211502075 51.08800578553616
425.87108731269836 52.989917109034266
427.87645864486694 51.16532611180125
429.8803834915161 52.68110097135741
431.88384079933167 50.743423281347475
433.88790583610535 51.9137988485607
435.89149737358093 51.872440975609756
437.8952522277832 51.25363583281347
439.89900755882263 52.557868521739124
441.90282011032104 51.26552304049844
443.90669679641724 51.42819773490977
445.91065216064453 52.97604393524284
447.9145305156708 52.00754753117207
449.9184217453003 52.61604069651741
451.9221901893616 53.012703063511836
453.92599391937256 51.27756171109733
455.93005418777466 52.65719875699192
457.9336974620819 50.95623060285892
459.93719029426575 52.262312672897195
461.9411289691925 52.06206421836228
463.94507813453674 51.032214094292804
465.94868206977844 52.33500811955169
467.95292234420776 51.05383565814099
469.95650601387024 51.79479595252967
471.95990467071533 52.38707053817272
473.9637141227722 51.991103
475.9672336578369 52.21189755610972
477.9709846973419 52.166898852867824
479.97461915016174 52.71480118959108
481.9786446094513 51.66431630461923
483.9820282459259 52.284940261682245
485.98669838905334 52.638670899999994
487.99092626571655 51.936086314481045
489.9946196079254 51.60701180572852
491.99829292297363 51.660898691588784
494.00226736068726 53.26393420560748
496.0060329437256 51.12414165732088
498.010849237442 51.27670014962593
500.0136888027191 53.0537504
502.01730465888977 52.25913810945274
504.0209023952484 50.962011
506.0250737667084 52.745674328358206
508.02907156944275 51.50671371962618
510.0325815677643 51.64651411545624
512.0363800525665 52.12262645846346
514.039990901947 51.16614670784435
516.0440649986267 51.767805509573805
518.0485346317291 52.140849975062345
520.0524327754974 52.756937313432836
522.0562124252319 50.38865038961039
524.0598478317261 52.05360099502487
526.0638856887817 52.01978056860321
528.0675346851349 52.20399723285979
530.0711135864258 51.736453167082296
532.0745375156403 51.760802985074626
534.078227519989 52.18007870646766
536.0815246105194 52.21768428393524
538.0863893032074 51.59107341205718
540.0900843143463 53.35658756722952
542.094039440155 51.72392374765772
544.097669839859 52.99263530293567
546.1020886898041 51.984081049344155
548.1058015823364 53.0578293566521
550.1096475124359 52.85387173016864
552.1134252548218 51.53814338116033
554.1176977157593 53.4229565521549
556.1214520931244 52.83552779026217
558.1255033016205 52.03605257142857
560.1290192604065 51.76600384279476
562.1324946880341 52.24364654182272
564.1364192962646 52.555814694894146
566.1399073600769 51.01492919254659
568.1440489292145 52.50591530293567
570.1477065086365 52.34830181136789
572.1520128250122 51.448679900249374
574.1556665897369 51.934147604231484
576.1592199802399 52.129232765692976
578.163049697876 52.05940685358256
580.1670160293579 51.546912697819316
582.1710278987885 53.145983681592035
584.1748917102814 52.648341386633355
586.1785798072815 51.29745115121344
588.1821751594543 51.669790105919
590.1858258247375 51.25388183395291
592.1893291473389 52.03773114427861
594.1938524246216 52.15527391521198
596.1971294879913 52.531519800000005
598.2008695602417 51.486208280175106
600.2043147087097 52.99234231394622
602.2082929611206 51.69208875547216
604.2117068767548 52.32921110143124
606.2154986858368 52.80203375780275
608.2191956043243 52.589461452513966
610.2229828834534 51.75436891371818
612.2265129089355 52.39819523987539
614.2307624816895 51.551363387297634
616.2342414855957 52.10548947630923
618.2387826442719 52.01656557213931
620.2422606945038 52.8975286
622.2460420131683 51.134402099999996
624.2496650218964 52.58353795511221
626.2533481121063 51.68840382371198
628.2571520805359 51.747178208955226
630.260931968689 52.971929731752965
632.2644510269165 52.87921522388059
634.2685089111328 53.00559001871491
636.2722284793854 52.229641995012464
638.276223897934 52.20865452736319
640.2802627086639 52.5791619713038
642.2840511798859 51.819648478802996
644.2877295017242 52.00124042262275
646.2915625572205 52.18996840923269
648.295704126358 51.5554976119403
650.3001005649567 51.76582908411215
652.3040609359741 52.0813313
654.3078637123108 52.32026949469745
656.311633348465 52.43476798004988
658.315568447113 51.40808282352941
660.3192386627197 52.32010378109453
662.3228721618652 52.78550935665209
664.3269286155701 52.57136766169154
666.3306729793549 50.454582274704784
668.3344397544861 52.828261236727045
670.3381853103638 51.48477891317926
672.3418776988983 51.848248811449906
674.3454966545105 52.6741221682243
676.349481344223 52.53423960149439
678.3531894683838 0.11591063511830635
680.3570058345795 0.12251159076731129
682.3603014945984 0.10423635683094198
684.3650257587433 0.1033183780411728
686.3683190345764 0.1026743570536829
688.3720128536224 0.10409741734248285
690.375608921051 0.10353386533665836
692.3800685405731 0.11039581308411216
694.3837406635284 0.1277258713304185
696.3874614238739 0.08194581613508442
698.3915860652924 0.1248127601246106
700.3962593078613 0.12963927545284198
702.3997979164124 0.12648468827930176
704.4038753509521 0.12781791380387258
706.4075853824615 0.12879620237351655
708.4115679264069 0.1267936079900125
710.415197134018 0.10621825436408977
712.4185948371887 0.12629443196004994
714.4224524497986 0.12799230961298377
716.4262111186981 0.1265854840724547
718.4306499958038 0.1282205243445693
720.434556722641 0.12524510903426792
722.4384453296661 0.1282694264339152
724.4423785209656 0.1269447191011236
726.4469494819641 0.12889007481296758
728.450544834137 0.13141957658779577
730.4539279937744 0.14187006242197253
732.4573163986206 0.13318738940809968
734.4613420963287 0.1258048560700876
736.4649319648743 0.14466030000000002
738.4685871601105 0.12860401246105918
740.4721364974976 0.14191710000000002
742.4759635925293 0.1276615
744.4799361228943 0.1271565
746.4833159446716 0.1275171
748.486768245697 0.12617101736972705
750.4901196956635 0.12573193508114855
752.4935882091522 0.12797509339975094
754.4968831539154 0.12858479649342516
756.5003595352173 0.12866329999999998
758.5038340091705 0.1284699937460913
760.5072174072266 0.12828336868371804
762.5106477737427 0.12761540000000002
764.5146901607513 0.12675782363977484
766.5184309482574 0.12652648379052367
768.5218734741211 0.1264994378513429
770.5252819061279 0.12584200250312894
772.5291049480438 0.1262398004987531
774.5325372219086 0.12631305434103685
776.5367503166199 0.12407975077881621
778.5403168201447 0.12536194878201126
780.5444333553314 0.1392067788161994
782.5480687618256 0.12715265917602997
784.5514500141144 0.1281974
786.5550465583801 0.128741356565028
788.5596139431 0.1286938327091136
790.5631783008575 0.12803379439252335
792.5667293071747 0.1288206
794.5706412792206 0.1293237726420987
796.5740392208099 0.12837845386533667
798.5779044628143 0.1281307098381071
800.5814733505249 0.12701101811367896
802.5852811336517 0.12757549594510292
804.5889620780945 0.12807393863494052
806.5920610427856 0.127949
808.5958325862885 0.1294278
810.5993824005127 0.12864509681449093
812.6029448509216 0.1278328
814.6063442230225 0.1260986
816.6098358631134 0.12580289276807982
818.6129698753357 0.12923790523690773
820.6162889003754 0.12684772017489068
822.6197593212128 0.12522250779787897
824.623480796814 0.12799251403618217
826.6269631385803 0.12585641921397378
828.6307742595673 0.12852632895559726
830.6341195106506 0.1444256679151061
832.6377937793732 0.1261241791044776
834.641220331192 0.1292722242990654
836.6449868679047 0.1295428785046729
838.6483023166656 0.14708846679081317
840.651608467102 0.1270108094645081
842.6552357673645 0.13089399125546533
844.6587800979614 0.12988131758856433
846.6623728275299 0.12731076923076923
848.665721654892 0.12796316116988177
850.6691324710846 0.12816349563046192
852.6740572452545 0.12942957169459962
854.6778128147125 0.12725936289818862
856.6816065311432 0.12814152309612983
858.6851952075958 0.12741836352279826
860.6889536380768 0.134377
862.6924533843994 0.12838134663341647
864.6960682868958 0.12722304239401494
866.6992878913879 0.12984144909431605
868.7062935829163 0.15499658140985653
870.7097289562225 0.1415368789013733
872.7131581306458 0.1420793008739076
874.716468334198 0.12936429463171037
876.7199094295502 0.1307021
878.7238483428955 0.13061643527204503
880.7272922992706 0.13153856519026824
882.7305960655212 0.1379658
884.7345237731934 0.1450991260923845
886.7394640445709 0.1200485090455396
888.7435069084167 0.09769234228607121
890.7471911907196 0.09726392009987515
892.75137591362 0.1023707634543179
894.7551169395447 0.1064026
896.7589418888092 0.10184199750312109
898.7630257606506 0.10303740486587648
900.766538143158 0.11870960649594003
902.7699046134949 0.10529614953271027
904.7735795974731 0.1081388
906.7768785953522 0.1044053399875234
908.7814133167267 0.10638632563942609
910.7849133014679 0.10474203622735791
912.7886650562286 0.10262753117206982
914.7925450801849 0.11103280898876404
916.7960379123688 0.1062516072545341
918.7998697757721 0.10146798251093067
920.803610086441 0.1178972
922.8074560165405 0.1026676
924.8109233379364 0.10964803001876174
926.8149530887604 0.10719251403618216
928.8182847499847 0.10190879299562226
930.8217928409576 0.10440004984423677
932.8263018131256 0.10508189526184537
934.8296709060669 0.10733328330206379
936.833137512207 0.10511500624219726
938.8372943401337 0.10549789999999999
940.8406479358673 0.11700960698689956
942.8441634178162 0.1077673545966229
944.8478879928589 0.1116053
946.8516416549683 0.1081097
948.8554391860962 0.1150267331670823
950.8601632118225 0.10525717133956386
952.8639509677887 0.1035402
954.8677604198456 0.10801500938086303
956.871330499649 0.10307336255479024
958.8750319480896 0.10642944479101685
960.8784699440002 0.11854649999999999
962.8822758197784 0.10665895261845386
964.8861269950867 0.11123012468827931
966.8897960186005 0.12823053224796493
968.8934826850891 0.12799669793621013
970.8970651626587 0.12529268414481898
972.9014732837677 0.12868883895131086
974.90509557724 0.1275964
976.908397436142 0.12975471651090342
978.9122896194458 0.1312559349593496
980.9162566661835 0.1285159
982.9214220046997 0.1266305559025609
984.9247670173645 0.12569470404984423
986.9283664226532 0.1270736579275905
988.9322199821472 0.1288039024390244
990.9357779026031 0.1280663585259213
992.9400968551636 0.12660737039350406
994.9435167312622 0.10209179262960649
996.9470672607422 0.1036223
998.950891494751 0.10339253898939489
1000.9540498256683 0.1090434435433562
1002.9574205875397 0.11014437928883343
1004.9619028568268 0.13096594628357278
1006.9661803245544 0.12601197007481296
1008.9696288108826 0.11686852867830425
1010.9731299877167 0.12675128268991284
1012.9769034385681 0.1273392777085928
1014.9804601669312 0.12712614615865084
1016.9850425720215 0.12904897755610972
1018.9885034561157 0.12667757953836556
1020.9921100139618 0.125771
1022.9961259365082 0.1430378027465668
1024.9998784065247 0.12542700811992505
1027.0034718513489 0.1278294198378041
1029.0071141719818 0.12727476635514018
1031.0104117393494 0.12998134663341646
1033.0141735076904 0.12931825218476906
1035.0179460048676 0.12622153462258265
1037.0222408771515 0.12482681619937694
1039.025916814804 0.1291985527136619
1041.0296638011932 0.12822641697877651
1043.0332944393158 0.12683032418952617
1045.0369107723236 0.12953675810473816
1047.0405585765839 0.13078828660436137
1049.0442168712616 0.3070776059850374
1051.0487852096558 0.12763729999999998
1053.0524764060974 0.14617635910224439
1055.0564563274384 0.1282256
1057.0602979660034 0.13093413233458176
1059.0635995864868 0.10233980000000001
1061.0670697689056 0.1052824
1063.0708889961243 0.10133363295880149
1065.0743668079376 0.10572831980012493
1067.0775728225708 0.10521488487865588
1069.082340478897 0.10716446662507799
1071.0856618881226 0.10119665209244223
1073.0894711017609 0.10726142322097379
1075.092966079712 0.10630830000000001
1077.0964267253876 0.10547416405760801
1079.0999596118927 0.11059336255479023
1081.1033368110657 0.10413033707865169
1083.1068322658539 0.10823709999999999
1085.1112051010132 0.10292541484716157
1087.1153557300568 0.10134510000000001
1089.118988752365 0.1071259
1091.1230804920197 0.1316605243445693
1093.1268010139465 0.13176663755458515
1095.1306643486023 0.13100502186133667
1097.134051322937 0.12991669793621013
1099.1380455493927 0.1262287281795511
1101.1421041488647 0.12883375780274656
1103.145781993866 0.12609216199376946
1105.1493332386017 0.13519283582089553
1107.1524126529694 0.13359850280723642
1109.1560781002045 0.1292333
