51.19556176069436
53.159211500000005
52.36302089108911
53.13257965087281
52.49710027261463
52.44248194392524
52.516495651090345
51.997047590511855
52.13849496259352
52.25532344272445
52.35488
51.58865742574258
52.72911629536922
52.7035125
51.41011888406696
51.21784144728634
52.33233068664169
52.288351899999995
51.625529863013696
52.08338081784386
52.72746799254195
51.2423062103298
53.04952099875157
52.82940879256965
52.72292645807259
53.05368174890693
53.10715455562461
53.20524637898687
51.810508923459864
52.50693127566895
52.08995066997518
52.140364333748444
52.75220724094881
52.526832437810945
52.72773087281796
51.67996734082397
52.644976957605984
52.61564962406015
52.008989500000006
51.586587382885696
52.78417308364545
51.347942599999996
52.692880699126086
52.39362272841051
51.52289500621118
52.5973130553827
51.62195201995012
51.68773157107231
51.39036582043344
52.404253930348254
51.798607157894736
52.142911460674156
52.29036235294118
52.1760960199005
53.076662031152644
51.94766864965775
51.320983870162294
52.33521655860349
51.00883710723192
49.96600561839652
51.8602246
53.27323596513076
51.4582035140187
51.259150248756214
51.64614209547427
52.38338068707058
51.303837016780605
52.2235229832194
51.637127372353675
52.370727704815515
53.00880717310087
51.45482486554096
52.93072268489745
50.902894563591026
52.89219937694703
51.572758751560556
52.36584886674969
52.10919471321696
51.21533725685785
50.973497319332914
52.61724807955252
53.78708194271482
50.613390175438596
53.34954164588529
52.27768561839652
53.40748067373674
52.9027786
51.05691585518103
53.03065778334377
52.629618099999995
53.060396681114554
51.79963791563276
51.41211077688005
51.65994094763092
52.3357866003729
52.30449998756992
51.12943629768605
52.726480793060716
53.48553911416095
52.3295278097622
52.932408544659594
51.76146361475923
52.833926292134834
52.54906733167082
51.823269569557084
52.51879596261683
51.73855729831145
50.904377910447764
52.46398459036898
52.464386063236205
52.810820311915165
53.69059335830212
52.779567293092725
52.01974270807453
52.91722752955819
51.62212268656716
50.9381697633873
51.33388632627647
52.69512099378883
52.07462801740211
52.84610532087227
52.527543965195775
51.48340335612181
53.133385009322566
52.2072191163659
52.28584349563046
52.60048718652527
52.303831505309184
52.047911000621504
52.28403257783313
52.5539768159204
51.5810899128269
52.7118663681592
51.2234565
52.74466613466334
51.61508067289719
52.80275673926571
51.43186648413193
52.164438581207214
52.58921347420758
51.20008278953922
52.65882073337477
53.53756154420921
52.19818327725857
52.77130066291432
52.42004032358432
52.22142635118306
52.5149244
52.43265087960075
52.12592558255452
51.19556176069436
53.159211500000005
52.36302089108911
53.13257965087281
52.49710027261463
52.44248194392524
52.516495651090345
51.997047590511855
52.13849496259352
52.25532344272445
52.35488
51.58865742574258
52.72911629536922
52.7035125
51.41011888406696
51.21784144728634
52.33233068664169
52.288351899999995
51.625529863013696
52.08338081784386
52.72746799254195
51.2423062103298
53.04952099875157
52.82940879256965
52.72292645807259
53.05368174890693
53.10715455562461
53.20524637898687
51.810508923459864
52.50693127566895
52.08995066997518
52.140364333748444
52.75220724094881
52.526832437810945
52.72773087281796
51.67996734082397
52.644976957605984
52.61564962406015
52.008989500000006
51.586587382885696
52.78417308364545
51.347942599999996
52.692880699126086
52.39362272841051
51.52289500621118
52.5973130553827
51.62195201995012
51.68773157107231
51.39036582043344
52.404253930348254
51.798607157894736
52.142911460674156
52.29036235294118
52.1760960199005
53.076662031152644
51.94766864965775
51.320983870162294
52.33521655860349
51.00883710723192
49.96600561839652
51.8602246
53.27323596513076
51.4582035140187
51.259150248756214
51.64614209547427
52.38338068707058
51.303837016780605
52.2235229832194
51.637127372353675
52.370727704815515
53.00880717310087
51.45482486554096
52.93072268489745
50.902894563591026
52.89219937694703
51.572758751560556
52.36584886674969
52.10919471321696
51.21533725685785
50.973497319332914
52.61724807955252
53.78708194271482
50.613390175438596
53.34954164588529
52.27768561839652
53.40748067373674
52.9027786
51.05691585518103
53.03065778334377
52.629618099999995
53.060396681114554
51.79963791563276
51.41211077688005
51.65994094763092
52.3357866003729
52.30449998756992
51.12943629768605
52.726480793060716
53.48553911416095
52.3295278097622
52.932408544659594
51.76146361475923
52.833926292134834
52.54906733167082
51.823269569557084
52.51879596261683
51.73855729831145
50.904377910447764
52.46398459036898
52.464386063236205
52.810820311915165
53.69059335830212
52.779567293092725
52.01974270807453
52.91722752955819
51.62212268656716
50.9381697633873
51.33388632627647
52.69512099378883
52.07462801740211
52.84610532087227
52.527543965195775
51.48340335612181
53.133385009322566
52.2072191163659
52.28584349563046
52.60048718652527
52.303831505309184
52.047911000621504
52.28403257783313
52.5539768159204
51.5810899128269
52.7118663681592
51.2234565
52.74466613466334
51.61508067289719
52.80275673926571
51.43186648413193
52.164438581207214
52.58921347420758
51.20008278953922
52.65882073337477
53.53756154420921
52.19818327725857
52.77130066291432
52.42004032358432
52.22142635118306
52.5149244
52.43265087960075
52.12592558255452
