1.2945928573608398 66.75875111111111
3.298367977142334 66.48308970969734
5.302277565002441 67.13132553693359
7.3067851066589355 66.10544789636027
9.310956478118896 66.56077270471464
11.314739227294922 66.94156198511166
13.3185293674469 67.5312149783013
15.323854684829712 67.39752670391061
17.3263897895813 66.58340066790352
19.330450296401978 67.41787190062112
21.33422565460205 66.84947432114073
23.33842968940735 66.98032386138614
25.34229326248169 66.19418279329608
27.346508264541626 67.12066990099011
29.349974155426025 67.0847277132262
31.353501558303833 67.65686016159106
33.35783934593201 66.45904187192119
35.36117768287659 66.64359356435644
37.36490345001221 66.38745623762377
39.36906671524048 66.85366859962986
41.373218297958374 65.9564595302843
43.377060413360596 65.37215921375922
45.38034224510193 66.18600438153847
47.384398460388184 66.30256886153846
49.388389110565186 66.12570984634296
51.39247131347656 66.78482264524104
53.39554214477539 66.03901552941176
55.39953589439392 66.28022287128714
57.403186321258545 65.9325176586568
59.406784772872925 66.58753533704392
61.41060137748718 66.7516338899196
63.4145724773407 67.20752445269017
65.41843485832214 66.2631533250927
67.4221363067627 66.29540014869887
69.42612147331238 66.63213932307693
71.429682970047 66.1804863248919
73.43487787246704 66.36834538745387
75.43824887275696 66.50106389095414
77.44222378730774 66.83033507673419
79.44596886634827 65.51747308307692
81.44960474967957 66.0065880371517
83.4529333114624 67.13098290704929
85.45656633377075 66.45571431396786
87.46029210090637 66.38815793103448
89.46395349502563 66.65462159161012
91.46727275848389 66.63174708074534
93.47077298164368 66.18774061804697
95.47421741485596 67.31579053283767
97.47816896438599 67.65965552238806
99.48183798789978 66.97318251393189
101.4856173992157 66.21582961681088
103.48931789398193 65.8154691449814
105.49321341514587 66.42731858472997
107.4979202747345 66.03792297029702
109.50153946876526 67.17072981412639
111.50546407699585 66.40516622222222
113.50940179824829 66.31591711442786
115.51303505897522 66.68890518243661
117.5170328617096 66.50424335388409
119.52022981643677 66.69195418676561
121.52431869506836 66.96760182828908
123.527827501297 67.50644965174129
125.53161573410034 66.50334577777778
127.53550696372986 66.98547017369727
129.53909420967102 67.3087496039604
131.54260635375977 66.99872948148148
133.54645109176636 66.07427156596795
135.55033469200134 66.2042189059619
137.5539174079895 66.22500615384615
139.55847263336182 66.63316379778051
141.5626199245453 65.92307613538462
143.5666151046753 66.70170901863354
145.5702452659607 66.13992856965945
147.57418632507324 67.01689737846154
149.57813692092896 66.78885684729065
151.58191418647766 67.1623889108911
153.5857536792755 66.65265463535228
155.5894169807434 65.7375907503075
157.59341263771057 65.72827228589033
159.59644651412964 66.34168
161.6002676486969 67.01172148514851
163.6038830280304 66.79614777572397
165.60756492614746 66.81421919504645
167.61146640777588 66.3348887236679
169.61486315727234 66.69751841584159
171.6187036037445 66.72232702970297
173.6225187778473 66.52223881334982
175.62655663490295 67.65995251548946
177.63030624389648 66.01690268066707
179.63414430618286 66.89295841682127
181.63748812675476 66.28667632802937
183.64127135276794 65.69271871921181
185.64489793777466 66.27555448275862
187.64846277236938 65.2742528352725
189.65208864212036 66.83352326732674
191.65598464012146 65.77715797780517
193.66035771369934 66.38116986369269
195.66315150260925 67.03193043908472
197.66695499420166 66.3483040495356
199.670307636261 67.10469763546799
201.67426013946533 65.86877628903858
203.67780303955078 67.7528740520446
205.6824071407318 66.42767792464484
207.68642711639404 66.7550721189591
209.69068098068237 67.20585863692689
211.69397497177124 65.96874738916256
213.69801211357117 65.86349081947012
215.7018759250641 67.05048108641975
217.70575547218323 66.28630540073983
219.7093470096588 66.42600261566935
221.7131016254425 65.52278354679802
223.71689081192017 66.25580544
225.7208502292633 65.85348254792827
227.72481608390808 66.0526110795805
229.72840070724487 66.3136259592844
231.73236870765686 66.80670326732672
233.73633742332458 66.64867355473555
235.73968052864075 66.2487426953846
237.74340105056763 65.93885514851485
239.74796962738037 66.11978837438424
241.75108861923218 67.24666696406445
243.7550928592682 67.57228051819865
245.75914931297302 66.35182311656442
247.76263856887817 65.7574523076923
249.76645350456238 66.67990892156863
251.76982283592224 66.53038591444513
253.77618789672852 66.82441773934528
255.77981662750244 66.62731987646696
257.78383326530457 65.64639743209877
259.78794384002686 66.50904384236453
261.7916247844696 66.94456133746131
263.7951626777649 66.14186853284222
265.7986123561859 65.90079752781212
267.8026473522186 66.82419306273063
269.8061010837555 67.15156128395063
271.8105561733246 66.98171844923077
273.81412291526794 66.02871832718327
275.81779384613037 66.08063841682127
277.82144474983215 67.32579049037865
279.82562732696533 66.58115019607843
281.82940125465393 67.37107617391305
283.83324909210205 66.79523899076923
285.83680176734924 65.0539546928747
287.84074330329895 66.2807170260223
289.84440088272095 66.16828242201835
291.8479092121124 65.63423911056208
293.8514482975006 66.52773451632778
295.85509157180786 66.12249880320789
297.8588902950287 65.69255371779141
299.86258912086487 66.38924959409594
301.8662157058716 66.73697001226994
303.86981201171875 67.45361399503722
305.87368631362915 67.09188913230768
307.8772351741791 66.80466069306931
309.8804786205292 66.78041959284393
311.8845546245575 67.24362495049505
313.88757729530334 65.46710217311234
315.89121413230896 66.5875549413942
317.8949761390686 67.59514342431761
319.8985335826874 66.61109306881588
321.9022080898285 67.1643132631579
323.90669560432434 66.63546696132596
325.90981340408325 66.96180007439554
327.91396832466125 66.38833690976514
329.9176576137543 66.76668313773935
331.92137336730957 66.07953850673195
333.9254252910614 65.94966014742015
335.9292573928833 67.15759178217822
337.9338300228119 67.69772158415842
339.9380557537079 65.67994795061728
341.94205045700073 66.97100353808354
343.94549798965454 66.30539726769231
345.94922137260437 66.58975645756458
347.9527702331543 66.20827296999387
349.95593452453613 65.87241556650247
351.95938372612 66.69396755417957
353.96313309669495 66.04329284923077
355.96662425994873 67.08753896296297
357.9704923629761 65.16064625152626
359.97393131256104 66.50349389162562
361.9774444103241 66.96151099076924
363.9814066886902 66.70426162962963
365.9852023124695 66.25557004926108
367.98889899253845 66.82994554455446
369.99285984039307 66.78245543384615
371.9977581501007 66.52755763546799
374.0015695095062 67.19054309023485
376.0053606033325 66.46134154607297
378.0087242126465 66.37332987654321
380.0124213695526 66.99318838709677
382.0163857936859 65.8505554679803
384.01938486099243 65.66857351418003
386.0232005119324 66.44134051660517
388.02700757980347 66.89085913043479
390.0310707092285 66.15664196198651
392.0343942642212 66.46932746600743
394.0386621952057 67.10828594694634
396.0421829223633 65.91249414965986
398.04576992988586 67.43818488888888
400.04939341545105 65.59923156596794
402.0534930229187 65.77961778322107
404.05756402015686 65.8444701659496
406.06217074394226 66.49837807407407
408.0663607120514 67.18745297700434
410.0697693824768 66.1562201980198
412.0738878250122 67.25511366336634
414.07755875587463 66.11423882280809
416.0812327861786 66.45026666666666
418.0851159095764 66.70482141887723
420.0886883735657 66.26001088902514
422.0921425819397 66.8591213325108
424.0960958003998 65.94489960784313
426.0992805957794 66.87042444855207
428.1031277179718 67.08334189239332
430.1066246032715 66.86107539033456
432.11042165756226 66.36799171393342
434.11437153816223 67.60584620732463
436.11835408210754 66.2874289382716
438.1218764781952 67.02684845348121
440.1265091896057 66.98676558714463
442.13070940971375 66.42154103703703
444.1348476409912 66.46238599260172
446.1381742954254 67.0024231552795
448.1419689655304 66.64305613947697
450.14554619789124 66.57225279212791
452.149484872818 66.77406151945645
454.1533179283142 66.62750920123838
456.15737986564636 66.17552157248157
458.16077065467834 65.5620528729963
460.1650378704071 66.31081745543946
462.1687910556793 65.70473029411765
464.1726896762848 66.96405428924598
466.180468082428 66.15689414664202
468.18138694763184 66.92598899444788
470.1851255893707 65.98028327384615
472.1900284290314 66.85369387453875
474.19383668899536 66.3341268846391
476.19721579551697 66.56754509225092
478.20113253593445 66.49807487053022
480.20477318763733 67.2889830407911
482.208425283432 67.14423752475247
484.2125475406647 66.64647970333746
486.21612906455994 66.28651243510507
488.21962213516235 67.24011953115361
490.2235915660858 65.84633365137614
492.2266249656677 66.57120525077399
494.2305200099945 65.91014864197531
496.2344150543213 67.00128743494423
498.23788356781006 66.64523086848635
500.24177742004395 66.81705755856967
502.2457666397095 66.38058826168223
504.251113653183 66.58154313967862
506.2544913291931 67.99156476837554
508.25845313072205 66.39844258064515
510.2624776363373 66.68530965902046
512.2662982940674 66.20810350617285
514.2707080841064 66.72763817958179
516.2751178741455 67.09281272503083
518.2785322666168 66.73322374923171
520.2827157974243 66.64035194103194
522.2871179580688 66.87061609365372
524.2913296222687 67.4937944767802
526.2948966026306 66.05542423645319
528.2980995178223 65.98446289245983
530.3026876449585 66.04832375540457
532.3063857555389 66.01453249846531
534.3103485107422 66.55776560540872
536.3143532276154 65.56929204406364
538.318695306778 65.73354650276583
540.3229491710663 66.92733205412054
542.326381444931 66.14498406384286
544.3301432132721 66.53379350681536
546.3336763381958 66.8867192108508
548.3372838497162 65.99482712785671
550.3412647247314 66.95007613622292
552.3449625968933 66.13834955132145
554.3487594127655 66.37115749693253
556.3523073196411 66.22296630541872
558.355791091919 67.14175288449661
560.3601756095886 66.91507247672254
562.3633465766907 66.67280449877751
564.3676564693451 65.89557290797546
566.3715279102325 67.18100431832202
568.3757209777832 65.95577986444854
570.3791723251343 66.60226130702837
572.3837659358978 66.68887314849044
574.3879344463348 66.65405986428131
576.3917593955994 65.65123822660098
578.3947846889496 66.4215304691358
580.3989534378052 66.22485237801112
582.4022781848907 66.1227710659273
584.4056739807129 66.37415798153846
586.4094142913818 66.91752429894997
588.4130175113678 65.85877441774491
590.4167821407318 66.54303146401985
592.4205858707428 66.96944246457178
594.4238612651825 66.93655348148148
596.4273025989532 66.59098163894024
598.4308271408081 66.2071042364532
600.434732913971 66.49490469135803
602.4394915103912 67.0952184691358
604.4436395168304 66.53750045538462
606.4474532604218 67.02642939580764
608.4515187740326 66.86514363076923
610.4548978805542 66.00894366336634
612.4586277008057 66.57536876847291
614.4618585109711 66.27577069624154
616.4656071662903 66.38474862385321
618.4692070484161 66.35883213844252
620.472599029541 65.97257548705302
622.4763896465302 66.25324730650155
624.4796056747437 66.99358051915945
626.4837734699249 66.28743163591636
628.4877345561981 66.80526850061958
630.4909949302673 66.40900385986478
632.4946596622467 66.22039916410571
634.4982471466064 66.2229601478743
636.5029759407043 65.75760845208846
638.5069506168365 66.727636273905
640.5105457305908 66.86593154130703
642.5143220424652 66.09048196560197
644.5181612968445 66.62814795593636
646.5215890407562 66.28096059332509
648.5249137878418 65.79208888888888
650.5284140110016 66.10875420111041
652.5317986011505 66.52364155651637
654.5357367992401 65.88367682775711
656.5391273498535 67.30801185185186
658.5427756309509 65.40276858895704
660.5461318492889 66.46275763546798
662.5496759414673 66.35030231475811
664.5537133216858 66.61104716125077
666.5570383071899 65.88109114268067
668.5609753131866 66.14754812538415
670.5651895999908 65.95940503703703
672.5684490203857 66.4252656524428
674.5728452205658 65.76207802955665
676.5767872333527 66.21235903644225
678.5805430412292 66.34165898890258
680.5844810009003 66.91970077018632
682.5875356197357 66.7846747869055
684.5910358428955 66.540829375765
686.5944695472717 67.05126538271605
688.5980911254883 66.68767605425401
690.6015863418579 66.84560553770086
692.6051294803619 66.37409673846155
694.6090025901794 66.84443463866585
696.6126692295074 66.23617083743842
698.6163010597229 66.62326386223863
700.6209855079651 65.38460703567036
702.6247682571411 66.53987045735475
704.6287324428558 66.73911071384234
706.6327066421509 66.62267541795666
708.635984659195 66.18566398046399
710.6400468349457 67.07687816718266
712.6431891918182 67.07090500308833
714.646966457367 67.74812702669149
716.6507034301758 66.5536842936459
718.6542272567749 68.19045562189055
720.6580309867859 67.55683636812847
722.6617975234985 66.12366507720814
724.6656901836395 66.95139689247979
726.6690435409546 66.41238451294697
728.6726441383362 66.62514912669127
730.6763327121735 66.34691948434622
732.6802976131439 66.09953165432098
734.6834313869476 66.32870665018541
736.6886050701141 67.22601081885855
738.6926007270813 66.48935558586486
740.6960391998291 65.24962416206262
742.6995749473572 66.6751641362229
744.7034194469452 65.86107113011607
746.7070207595825 66.30948049261085
748.7108833789825 66.03111171393341
750.7145700454712 67.02160671190623
752.7178354263306 65.70601505535055
754.7216122150421 67.03917831176834
756.7253534793854 66.95581412935323
758.7289426326752 65.27567114935464
760.7325322628021 66.88424870210136
762.7367265224457 65.71632443349755
764.7408721446991 66.48861163050216
766.7444257736206 66.17357209647496
768.7495722770691 65.97057300492611
770.7537233829498 66.85630543665437
772.7572309970856 66.38400818742294
774.7603528499603 66.43443294406883
776.7641093730927 66.72978367801858
778.7678959369659 66.62073151364764
780.7718002796173 65.38163611009175
782.7752509117126 66.10399911818739
784.7791709899902 66.49469568869672
786.7823464870453 66.98106492931775
788.7864465713501 67.1981677037037
790.7900002002716 66.75180259099321
792.793374300003 67.04658817110973
794.7970566749573 66.2483170260223
796.8006708621979 65.69629441574416
798.8040912151337 67.61271866419295
800.8075578212738 66.57820277227722
802.8111569881439 65.96618538271605
804.8158795833588 66.57375072177668
806.8205547332764 65.79570597785977
808.8232779502869 66.77843164400494
810.8263614177704 66.69012648044693
812.8302090167999 67.0542526654298
814.8344464302063 67.33070179344465
816.8380978107452 66.70569001850708
818.8420577049255 66.3477881829419
820.8456695079803 66.84461552825553
822.8495092391968 65.916643056069
824.8531634807587 65.95883866831073
826.8568670749664 65.7827714919852
828.8603954315186 66.02344586568084
830.8642001152039 66.12237965601966
832.8677718639374 65.75743392156863
834.8709042072296 67.020458488228
836.8764264583588 67.13348793039154
838.8799698352814 66.8828955638166
840.8831059932709 66.49913744286596
842.8872294425964 66.55053420630018
844.8910627365112 67.31857599006828
846.894543170929 66.06791532307692
848.8979070186615 66.79853311841289
850.9018733501434 66.50792682627379
852.9052574634552 65.91483785365854
854.9088840484619 64.7214888997555
856.9125127792358 66.67269026592454
858.9166238307953 65.87580721472392
860.9197838306427 66.44453638940234
862.9234099388123 66.68987087546239
864.9264590740204 67.22666623682579
866.9304103851318 66.27662757855822
868.9343988895416 66.92539594059406
870.9385747909546 67.10544593325093
872.9422149658203 66.7111553304509
874.9464259147644 67.01528227441285
876.9500684738159 65.89684402220851
878.9544022083282 66.20613008610086
880.9583837985992 66.26740923076923
882.9616296291351 65.9908267654321
884.9660351276398 66.08611375153751
886.9697172641754 66.3246287476866
888.9737102985382 65.84691345633456
890.9773759841919 66.0754293596059
892.980663061142 66.5741734487021
894.9836368560791 66.59118137931034
896.9876372814178 66.81601249692497
898.9916126728058 67.06230270404984
900.995593547821 66.6134137446021
903.0009763240814 66.14974487955529
905.0049996376038 66.64906791846819
907.0086848735809 65.21030823529411
909.0122404098511 66.18149514180026
911.0160148143768 67.0323547654321
913.0196497440338 66.45796980852377
915.0233218669891 66.35658436923076
917.0267472267151 65.69918144785277
919.0302875041962 67.02217877149877
921.0336585044861 66.6487427586207
923.0374019145966 66.13479582565991
925.0407524108887 66.28722493251534
927.0439546108246 66.55104227441285
929.0476551055908 67.11649219330855
931.0516865253448 65.82461530135302
933.0550103187561 66.84053313506816
935.0587346553802 66.46714673194614
937.0633943080902 66.88010914038342
939.0674452781677 66.53340520884521
941.0714948177338 67.0876133415995
943.0754013061523 66.36567419714817
945.0788238048553 67.2692792108508
947.0829117298126 67.38201016029593
949.0868184566498 66.41273057160419
951.0901486873627 66.80315741935485
953.0937728881836 67.02530891089108
955.0970571041107 66.40340533333332
957.1009256839752 66.2440138404908
959.1045787334442 65.79449607940447
961.1081674098969 66.25450669969041
963.1116030216217 64.82933720561319
965.1153597831726 66.91629924644843
967.1188843250275 67.55175136476427
969.122748374939 67.04017354601227
971.1261532306671 66.98181849568434
973.1303024291992 66.57573934688847
975.133882522583 66.85525421894218
977.1375105381012 66.72463674275139
979.1411952972412 66.32980056755089
981.1445469856262 65.73596248615384
983.1479456424713 66.46448117936117
985.1514537334442 66.3101954679803
987.1549961566925 66.57041575384616
989.1590719223022 67.45314356743319
991.1626698970795 65.94591921230769
993.1663813591003 67.04644983281733
995.1704151630402 66.51921062077443
997.1740121841431 67.0375302970297
999.1780340671539 66.92875342769231
1001.1832284927368 66.31811635919365
1003.1852362155914 66.33739
1005.1892805099487 66.5366675215783
1007.1929142475128 66.01056564007422
1009.1966898441315 67.09164342575478
1011.200222492218 66.71025199754149
1013.2036368846893 66.38305025893958
1015.2076122760773 66.52978034398035
1017.2114021778107 66.39383665436654
1019.2150304317474 66.98638702167182
1021.2186496257782 66.26184709359606
1023.2217423915863 66.4774079210364
1025.225783109665 66.51350926708075
1027.2292430400848 65.9782312152992
1029.2331674098969 66.18728410636983
1031.236786365509 66.67716346534654
1033.2409415245056 65.57210422744129
1035.2455041408539 66.3145867159581
1037.248881816864 66.7910105315204
1039.25248503685 66.91548131106988
1041.2559666633606 66.64050902829028
1043.259902715683 66.49126813538462
1045.2635312080383 65.84477728334357
1047.2668707370758 66.56711186691312
1049.270706653595 67.64215373134329
1051.2744917869568 67.02350238622387
1053.278082370758 65.9821706993865
1055.281920671463 66.94397766297662
1057.2854549884796 66.39098820923077
1059.2892694473267 66.28644975791434
1061.2924280166626 9.947608800497203
1063.2957985401154 0.1088671580262336
1065.2993273735046 0.1108028
1067.3039574623108 0.10473068664169788
1069.3079109191895 0.10686573566084788
1071.3114967346191 0.10349958724202626
1073.315090894699 0.10586853216739538
1075.3185987472534 0.1026906183635228
1077.3219854831696 0.1037198750780762
1079.3258788585663 0.10504897755610973
1081.3296291828156 0.12681546134663343
1083.3329682350159 0.14305783312577836
1085.3368258476257 0.12981833646028768
1087.3405692577362 0.12982531835205993
1089.3445007801056 0.10309714996888611
1091.34814786911 0.1352165
1093.3514287471771 0.13018976279650438
1095.3554108142853 0.1283526388022458
1097.3590495586395 0.1274169288389513
1099.3628878593445 0.1271678401997503
1101.366863489151 0.13070869293308318
1103.3704903125763 0.12451106117353308
1105.3746709823608 0.12256800000000001
1107.3783903121948 0.10603860696517414
1109.381944656372 0.1017137025513379
1111.385669708252 0.10894951310861424
1113.3928227424622 0.1257778222778473
1115.396268606186 0.10518066208619611
1117.4002249240875 0.10785157829070492
1119.4044961929321 0.1024035910224439
1121.4084646701813 0.1003056089943785
1123.4125006198883 0.09943040000000002
1125.4162154197693 0.1006182728410513
1127.4193315505981 0.10174341036851967
1129.423000574112 0.1059907
1131.4268324375153 0.13023379224030038
1133.4319033622742 0.12984454715802624
1135.4358584880829 0.12954252816020026
1137.4395916461945 0.12728315196998125
1139.4435679912567 0.12989158223889932
1141.4478781223297 0.1287042204132749
1143.4514923095703 0.10134958698372967
1145.4554600715637 0.10998784240150095
1147.4595379829407 0.14362683322923173
1149.4634382724762 0.1466231210986267
1151.4670598506927 0.12819556662515566
1153.470983505249 0.13044926920674577
1155.4747173786163 0.1307716677076827
1157.4783437252045 0.1272927
1159.4818694591522 0.1264251842598376
1161.485561132431 0.1260069825436409
1163.4892320632935 0.09226653341661462
1165.4936773777008 0.12752079701120797
1167.497510433197 0.12650233603997502
1169.5010869503021 0.12677993746091307
1171.504625082016 0.12771760000000001
1173.508548259735 0.1293324017467249
1175.5124764442444 0.126723595505618
1177.5159130096436 0.12770388507183011
1179.5197050571442 0.1295778861788618
1181.5233595371246 0.1303405
1183.5272006988525 0.1333010211706102
1185.530826807022 0.1287092269326683
1187.5347514152527 0.12786555208983155
1189.538128376007 0.1329623985009369
1191.541919708252 0.13039650655021834
1193.5461988449097 0.11034903185509057
1195.5497696399689 0.1320518352059925
1197.5535252094269 0.13198481897627967
1199.5577385425568 0.1444207111665627
1201.561109304428 0.14489716072545342
1203.5644178390503 0.1621660462211118
1205.567955493927 0.12794473815461346
1207.571254491806 0.12504742679127726
1209.5749061107635 0.1307835
1211.5781846046448 0.1095402493765586
1213.581731557846 0.12307207995003124
1215.585779428482 0.10044672079950032
1217.5893847942352 0.09867139114160949
1219.593112230301 0.09995912554653343
1221.5970695018768 0.09895195502810743
1223.6013431549072 0.10978902743142144
1225.605063199997 0.1323282
1227.6088037490845 0.12973133583021224
1229.6127405166626 0.1122585
1231.616688966751 0.10105544034978138
1233.6209959983826 0.10504010012515645
1235.6249015331268 0.1016868913857678
1237.6282477378845 0.10183110000000001
1239.632244348526 0.10660943089430895
1241.6354880332947 0.10284072454715802
1243.6393458843231 0.1289580024968789
1245.6431770324707 0.10926461922596754
1247.6467535495758 0.10160907730673316
1249.6509988307953 0.10213176764522172
1251.6545586585999 0.10060636306924516
1253.6584634780884 0.10163102244389027
1255.661972284317 0.10233043044291952
1257.665382385254 0.10088533998752339
1259.6695954799652 0.1077496129837703
1261.672870874405 0.10050107365792758
1263.676697254181 0.10386933667083854
1265.6801607608795 0.11410067415730336
1267.6849071979523 0.10595365792759051
1269.688416004181 0.10901546533416615
1271.6919481754303 0.10396821986258589
1273.695766210556 0.10339144104803492
1275.699414730072 0.1053697
1277.7035467624664 0.10296084946908182
1279.707194328308 0.10540569999999999
1281.71138381958 0.10314040000000001
1283.7150249481201 0.1294652684144819
1285.718511581421 0.12821549594510293
1287.7225496768951 0.1293837
1289.726026058197 0.12854695815115552
1291.729737997055 0.13055790262172284
1293.733317375183 0.13407380387257964
1295.7371394634247 0.1342503611457036
1297.7411394119263 0.12711864065449968
