0 1.0182008743286133 22.38114291407223 0.3
1 3.0221779346466064 0.1693087920298879 0.3
2 5.02592921257019 23.71646725575607 0.3
3 7.029547691345215 22.98945603960396 0.3
5 9.033334493637085 24.060408331242158 0.3
6 11.037286043167114 24.07993402370555 0.3
7 13.04078722000122 23.2268087 0.3
9 15.044812202453613 23.364942056074767 0.3
10 17.048300981521606 24.62240518703242 0.3
12 19.052361011505127 22.237142213883676 0.3
13 21.055773735046387 22.97778630407911 0.3
14 23.05959987640381 23.350909762796505 0.3
16 25.06307864189148 23.203507515605494 0.3
17 27.067418098449707 22.9246819378882 0.3
19 29.070403814315796 22.708232509363295 0.3
20 31.07404327392578 22.964693133208254 0.3
21 33.07785987854004 22.8386622 0.3
23 35.081549644470215 21.6979733 0.3
24 37.08595657348633 22.26086908411215 0.3
25 39.089046001434326 22.185491467832605 0.3
27 41.09256935119629 22.108488379052368 0.3
28 43.09598445892334 22.15441520950594 0.3
30 45.09940958023071 22.256183655645664 0.3
31 47.1036810874939 21.715861386633353 0.3
32 49.10708141326904 19.9725115 0.3
34 51.110530376434326 22.5227947804266 0.3
35 53.114548683166504 21.86586185463659 0.3
36 55.11810326576233 22.089377447335814 0.3
38 57.12157845497131 20.748155831265507 0.3
39 59.12577962875366 20.929837725587145 0.3
40 61.13062596321106 20.94648590204588 0.3
42 63.133220195770264 20.723399357231152 0.3
43 65.13684129714966 21.28830758535071 0.3
44 67.1407241821289 23.186703710181135 0.3
46 69.14654970169067 21.06168877805486 0.3
47 71.1479926109314 20.802822252644678 0.3
48 73.15200853347778 21.741295780274655 0.3
49 75.15563368797302 21.546680775484678 0.3
51 77.1596372127533 21.104197763975154 0.3
52 79.16309928894043 19.63150021236727 0.3
53 81.1671199798584 20.90278479750779 0.3
55 83.17137169837952 22.242938742999378 0.3
56 85.17504262924194 20.961862471910113 0.3
57 87.17890095710754 20.50862575342466 0.3
58 89.18159317970276 20.09286648310388 0.3
60 91.18588900566101 20.926685386533666 0.3
61 93.18911623954773 21.082615890410956 0.3
62 95.19284844398499 21.127729925558313 0.3
64 97.19802379608154 21.50784 0.3
65 99.20016026496887 22.19997998767714 0.3
66 101.20399165153503 22.259943783783783 0.3
68 103.20752120018005 21.15535772839506 0.3
69 105.21161007881165 22.190761173594133 0.3
71 107.21516513824463 22.49903409594096 0.3
72 109.21924567222595 22.134905278628292 0.3
73 111.22292852401733 22.70253613861386 0.3
75 113.22693014144897 22.63869763546798 0.3
76 115.23040723800659 22.384909582309582 0.3
77 117.23529577255249 22.683773062230436 0.3
79 119.23957395553589 22.662938531770514 0.3
80 121.24273133277893 22.316765200246458 0.3
82 123.24634003639221 21.30673171692308 0.3
83 125.25024390220642 21.53507498771499 0.3
84 127.25483393669128 21.971361563836286 0.3
86 129.25880694389343 21.656303298332304 0.3
87 131.26204133033752 22.740564781269253 0.3
88 133.26593399047852 21.34663176833025 0.3
90 135.27035570144653 18.57939748458693 0.3
91 137.2727267742157 20.300757905113986 0.3
92 139.2771701812744 21.77345243676743 0.3
94 141.28009462356567 22.8658161922366 0.3
95 143.28359627723694 21.622464830142064 0.3
96 145.28804278373718 21.75539963122311 0.3
98 147.29276657104492 21.20235601476015 0.3
99 149.2964231967926 22.12933638940234 0.3
100 151.30384016036987 21.674169521472393 0.3
102 153.30529141426086 21.15577529627367 0.3
103 155.31056261062622 21.60571084515731 0.3
104 157.31828904151917 20.93789719877676 0.3
106 159.31824326515198 21.585418838071693 0.3
107 161.31948018074036 21.344885399380807 0.3
108 163.32272481918335 21.487237415384616 0.3
110 165.32740426063538 21.23337114673243 0.3
111 167.33043336868286 21.488631620455944 0.3
112 169.33440017700195 18.858250534161492 0.3
113 171.33885312080383 18.835398587088918 0.3
115 173.3436677455902 18.42346836809816 0.3
116 175.34636521339417 17.713657764202807 0.3
117 177.3501272201538 19.215672 0.3
118 179.35630583763123 18.998392975609757 0.3
119 181.3661117553711 18.608908351920693 0.3
121 183.36785340309143 19.514332880937694 0.3
122 185.368390083313 18.130416127842654 0.3
123 187.37087106704712 18.541071377393454 0.3
124 189.3736093044281 18.221677114427862 0.3
125 191.3781430721283 17.87328912280702 0.3
126 193.38196420669556 18.70294 0.3
128 195.38462090492249 17.963748514357054 0.3
129 197.38930749893188 18.343221479179615 0.3
130 199.39368557929993 18.921077180286964 0.3
131 201.397034406662 19.20865207735496 0.3
132 203.3994846343994 18.358407576323987 0.3
133 205.40502285957336 16.879521500938086 0.3
134 207.40752339363098 18.065728841577958 0.3
135 209.4105257987976 18.30562086088584 0.3
137 211.42593502998352 17.15422474766355 0.3
138 213.41979479789734 19.3717198 0.3
139 215.4291377067566 18.19747399376947 0.3
140 217.42421007156372 17.841240324797003 0.3
141 219.4305775165558 17.895017590214067 0.3
142 221.4345281124115 18.887361591050343 0.3
144 223.4382665157318 17.803451640866875 0.3
145 225.44161891937256 18.16039724815725 0.3
146 227.44457340240479 18.29654401997503 0.3
147 229.45210647583008 16.935120298507464 0.3
148 231.45561981201172 17.745777490683228 0.3
149 233.45924067497253 17.56989718464351 0.3
150 235.46064019203186 18.27428348363187 0.3
152 237.4646806716919 18.86279821561338 0.3
153 239.4668881893158 18.05859893234016 0.3
154 241.47092533111572 17.63914251851852 0.3
155 243.47977542877197 17.158111941212493 0.3
156 245.4814591407776 18.095027638629283 0.3
157 247.48531818389893 19.013672154903187 0.3
159 249.4874300956726 19.233415194564547 0.3
160 251.49141931533813 16.63799875078076 0.3
161 253.49458169937134 18.611227348721147 0.3
162 255.49715065956116 16.482689177057356 0.3
163 257.50118350982666 17.954954700000002 0.3
164 259.50657534599304 17.872901179422833 0.3
165 261.50909900665283 17.588422857142856 0.3
166 263.51380586624146 16.321440296296295 0.3
167 265.5155625343323 16.40201700865266 0.3
169 267.5197112560272 17.777864279583078 0.3
170 269.5241196155548 18.135693671826626 0.3
171 271.53163957595825 21.59012014760148 0.3
173 273.53091979026794 21.590818642201835 0.3
174 275.53539657592773 21.823360885608857 0.3
175 277.539110660553 21.255688142244022 0.3
177 279.54609060287476 21.522349304029305 0.3
178 281.5452890396118 21.06559371007371 0.3
179 283.549444437027 21.9734628992629 0.3
181 285.555025100708 22.671062096177558 0.3
182 287.5594642162323 21.082359388379203 0.3
183 289.56658482551575 21.352453907692308 0.3
185 291.5668866634369 21.581107970660145 0.3
186 293.57219767570496 22.425038369363808 0.3
187 295.57380628585815 21.511176318042814 0.3
189 297.57912731170654 21.577884938271605 0.3
190 299.58184266090393 21.460680764959903 0.3
191 301.59083795547485 21.396368943488945 0.3
192 303.5891304016113 21.622899680196802 0.3
194 305.592821598053 21.629266206896553 0.3
195 307.59698128700256 21.32464746928747 0.3
196 309.60059237480164 21.333235184275186 0.3
198 311.6026849746704 21.199296587155963 0.3
199 313.6060194969177 22.938749858809086 0.3
201 315.60920786857605 21.824178840937115 0.3
202 317.6228063106537 17.702736561922368 0.3
203 319.61750507354736 15.690628557213932 0.3
204 321.622034072876 17.580169603960396 0.3
205 323.6267111301422 16.26609351552795 0.3
206 325.6304316520691 17.23363789212647 0.3
207 327.63626980781555 16.27171762944479 0.3
208 329.63739705085754 15.736340657976411 0.3
209 331.6395757198334 16.409631025481666 0.3
210 333.6434395313263 17.19547949874687 0.3
211 335.6458475589752 15.6993788 0.3
212 337.6496798992157 17.155041796631316 0.3
213 339.65346097946167 16.831530506566605 0.3
214 341.65748715400696 16.691684993757804 0.3
215 343.6630606651306 15.589230746081506 0.3
216 345.6671257019043 16.329945184259838 0.3
217 347.6664807796478 15.879997997496872 0.3
218 349.6711139678955 16.58257803237858 0.3
219 351.6738040447235 17.47558373902133 0.3
220 353.67799496650696 16.289215221459763 0.3
221 355.68055987358093 14.225082746566791 0.3
222 357.6927251815796 16.5045524 0.3
223 359.6901934146881 17.104016417910447 0.3
225 361.6928951740265 16.027011747025675 0.3
226 363.69864773750305 15.447770460772103 0.3
227 365.70371079444885 14.27645871970168 0.3
228 367.7051613330841 15.158008988764045 0.3
229 369.707590341568 16.292711989987485 0.3
230 371.71047806739807 16.394184837905236 0.3
231 373.71481013298035 15.836754599999999 0.3
232 375.72003507614136 16.047486416040098 0.3
233 377.7246379852295 15.705755989974937 0.3
234 379.7267656326294 15.891180763932372 0.3
235 381.72996973991394 16.349752904434727 0.3
236 383.73387336730957 14.69100984345648 0.3
237 385.7383801937103 15.217693225202744 0.3
238 387.7412233352661 16.445836404494383 0.3
239 389.744802236557 16.758486817042606 0.3
240 391.7503397464752 14.474972484394508 0.3
241 393.7580397129059 15.762704461152882 0.3
242 395.75566840171814 16.025263579474345 0.3
243 397.7620966434479 15.825943085571517 0.3
244 399.76234316825867 17.1136162507837 0.3
245 401.76630878448486 16.07725291692692 0.3
246 403.77208733558655 16.0967164 0.3
247 405.77311968803406 16.2522923518403 0.3
248 407.7757601737976 16.6601396 0.3
249 409.7791976928711 17.340645510455104 0.3
250 411.78305888175964 21.900574303329222 0.3
252 413.78747606277466 21.86921531076923 0.3
253 415.7942364215851 20.429050349478846 0.3
254 417.7947344779968 21.260084044389643 0.3
256 419.8008861541748 20.60745305315204 0.3
257 421.80773663520813 21.87272889987639 0.3
258 423.81279253959656 21.462433559531156 0.3
260 425.8106894493103 21.82280975851393 0.3
261 427.8176362514496 21.737758520345253 0.3
262 429.8337776660919 20.748493472649045 0.3
264 431.82585310935974 21.432019517027864 0.3
265 433.829647064209 21.199484760736194 0.3
266 435.8341679573059 21.767917819083024 0.3
268 437.8385977745056 23.226230623072176 0.3
269 439.8375096321106 21.309597444717447 0.3
270 441.84354281425476 20.593021153374234 0.3
272 443.84961581230164 21.546913386211106 0.3
273 445.853303194046 21.54667997541487 0.3
274 447.85424852371216 21.481466552357624 0.3
276 449.8622419834137 21.303565419987738 0.3
277 451.8688085079193 21.748824463625155 0.3
278 453.86737751960754 20.806030141364474 0.3
280 455.87090730667114 21.2436362477008 0.3
281 457.877596616745 21.498206859250153 0.3
282 459.8778238296509 21.910480392156863 0.3
284 461.88008189201355 21.64079076167076 0.3
285 463.88396430015564 21.99649327596804 0.3
286 465.88729667663574 21.318624872727273 0.3
288 467.89080572128296 22.008663181257706 0.3
289 469.8949646949768 21.28297172161172 0.3
290 471.89995431900024 21.88028703862661 0.3
292 473.9018738269806 22.26258382769231 0.3
293 475.9052665233612 22.028271990202082 0.3
294 477.91394424438477 21.654964287454323 0.3
296 479.9138853549957 20.420200875912407 0.3
297 481.92106771469116 21.59227085995086 0.3
298 483.92600536346436 22.877238789376158 0.3
300 485.92433166503906 14.403233083076922 0.3
300 487.9284098148346 0.14782991260923845 0.3
300 489.9317445755005 0.1427087 0.3
300 491.93554973602295 0.1454157 0.3
300 493.93918228149414 0.14907657285803627 0.3
300 495.9440243244171 0.1538906449592987 0.3
300 497.9479818344116 0.1633723 0.3
300 499.95140385627747 0.14508453350031308 0.3
300 501.9545407295227 0.1450371036204744 0.3
300 503.9581263065338 0.14507847404627894 0.3
300 505.9615261554718 0.14682383510306057 0.3
300 507.9657015800476 0.14314103685196752 0.3
300 509.97005701065063 0.17782738423028785 0.3
300 511.97391533851624 0.1574944 0.3
300 513.977616071701 0.16546951844903063 0.3
300 515.9813096523285 0.16116450000000002 0.3
300 517.9847178459167 0.15725063670411984 0.3
300 519.9884805679321 0.1518851717676452 0.3
300 521.9921793937683 0.14825545966228895 0.3
300 523.9955453872681 0.15410798251093066 0.3
300 525.9991505146027 0.1599617761100688 0.3
300 528.0026452541351 0.15590774233896185 0.3
300 530.0065026283264 0.1578114678326046 0.3
300 532.011152267456 0.16714066291432145 0.3
300 534.0154566764832 0.1543359800249688 0.3
300 536.018886089325 0.15224365228267667 0.3
300 538.0226879119873 0.15082112640801001 0.3
300 540.0262405872345 0.1686113 0.3
300 542.0298690795898 0.15732936170212766 0.3
300 544.0334877967834 0.1537884 0.3
300 546.037132024765 0.1580310694183865 0.3
300 548.040694475174 0.16637068167604752 0.3
300 550.0445122718811 0.1483933917396746 0.3
300 552.047963142395 0.1656489305816135 0.3
300 554.0512056350708 0.16168891113892367 0.3
300 556.055201292038 0.1511615 0.3
300 558.0587484836578 0.1526646153846154 0.3
300 560.0623242855072 0.1517376 0.3
300 562.0657320022583 0.1577580024968789 0.3
300 564.0691771507263 0.1538806508135169 0.3
300 566.0736429691315 0.1533439203484754 0.3
300 568.0774314403534 0.14971279999999998 0.3
300 570.0809533596039 0.15095095565271704 0.3
300 572.0847225189209 0.16831671232876713 0.3
300 574.0892941951752 0.17415765439800374 0.3
300 576.0932948589325 0.17071549718574108 0.3
