0 1.0184876918792725 21.955367003699138 0.3
1 3.0217623710632324 0.16864340212632897 0.3
2 5.025667667388916 24.59495111111111 0.3
3 7.028997182846069 24.651212445550716 0.3
4 9.032922983169556 23.621169713574098 0.3
6 11.036924123764038 24.867859366852887 0.3
7 13.040588617324829 23.937006339341206 0.3
9 15.044825553894043 19.41444216283406 0.4
9 17.04862332344055 5.941378653366583 0.4
10 19.052446603775024 23.018489615861213 0.4
12 21.056389808654785 24.318148233846156 0.4
13 23.060606479644775 23.2647281773399 0.4
14 25.064199924468994 23.17984945812808 0.4
16 27.067375421524048 22.914499395434916 0.4
17 29.070472240447998 24.18604702140673 0.4
19 31.075034618377686 23.54585981470043 0.4
20 33.07852292060852 23.782991398644484 0.4
21 35.08208894729614 22.87871366626066 0.4
23 37.08592772483826 23.614978080495355 0.4
24 39.089763879776 23.426402071516648 0.4
26 41.09468960762024 23.67268379778052 0.4
27 43.0992226600647 22.73386826993865 0.4
28 45.10242295265198 23.27817562538509 0.4
30 47.10635185241699 23.809401239157374 0.4
31 49.11235594749451 21.929858190709044 0.4
33 51.11537790298462 23.271187866831074 0.4
34 53.118781328201294 23.34423249540159 0.4
36 55.1244637966156 22.59070057917437 0.4
37 57.127159118652344 23.252400147874308 0.4
38 59.13313126564026 20.254295260257198 0.4
40 61.13658332824707 22.768253620159804 0.4
41 63.13851714134216 22.881490080098583 0.4
42 65.14278769493103 21.52626418604651 0.4
44 67.14630079269409 22.229277339901476 0.4
45 69.15069627761841 21.801793699814702 0.4
47 71.15426898002625 22.01972405940594 0.4
48 73.15828084945679 22.95736849600982 0.4
49 75.16125130653381 22.28701090018371 0.4
51 77.16590166091919 22.657204293645897 0.4
52 79.17109489440918 21.877146912216084 0.4
54 81.17371249198914 22.652561221747096 0.4
55 83.17721366882324 21.524113125382264 0.4
56 85.18218755722046 22.079654104615383 0.4
58 87.18669867515564 22.889432665036676 0.4
59 89.18934273719788 22.8800610980876 0.4
60 91.19303274154663 22.23185837181045 0.4
62 93.1968138217926 22.032959704797047 0.4
63 95.20141386985779 22.76538752 0.4
65 97.2046549320221 22.30292791181874 0.4
66 99.20829892158508 22.320472078239607 0.4
67 101.21163201332092 22.215758130381307 0.4
69 103.2152578830719 22.14745721016739 0.4
70 105.21802496910095 22.654528255528255 0.4
71 107.22203850746155 22.681345784313724 0.4
73 109.22565531730652 21.609089378461537 0.4
74 111.22941851615906 21.688442932840417 0.4
76 113.23259782791138 22.637298347718865 0.4
77 115.23708653450012 20.47014999383857 0.4
78 117.24204802513123 21.42961494396015 0.4
79 119.2453625202179 20.945948422360246 0.4
81 121.24961137771606 19.53628866082603 0.4
82 123.25325107574463 20.465449925558314 0.4
83 125.2581238746643 20.881035763239876 0.4
84 127.26062965393066 20.71658288557214 0.4
86 129.2648937702179 19.28129067985167 0.4
87 131.26891708374023 21.41334775308642 0.4
88 133.2733130455017 20.96932435052828 0.4
89 135.27581787109375 19.92439915053092 0.4
91 137.2799355983734 20.78401126335638 0.4
92 139.2835557460785 20.002158148843026 0.4
93 141.28673911094666 4.107665037406484 0.5
93 143.29049730300903 21.5572785 0.5
94 145.29488706588745 23.019650410958903 0.5
96 147.29830384254456 20.086599275452844 0.5
97 149.3020679950714 19.231604711779447 0.5
98 151.3056001663208 19.010258175046555 0.5
99 153.3100826740265 19.22840545119705 0.5
101 155.31453371047974 19.610627555555553 0.5
102 157.3190426826477 19.793711036623215 0.5
103 159.32253050804138 21.18088491620112 0.5
104 161.32529425621033 0.16758775765146783 0.6
104 163.32938027381897 22.035772657911195 0.6
106 165.3338942527771 22.86300570716511 0.6
107 167.33801126480103 21.064053033707868 0.6
108 169.3420000076294 20.66274400996264 0.6
109 171.34519577026367 19.461755085995087 0.6
110 173.35347151756287 20.078364257425743 0.6
112 175.35349798202515 19.140568954489545 0.6
113 177.35721945762634 19.779226285003112 0.6
114 179.3641607761383 20.693429478908186 0.6
115 181.36371326446533 20.6038092879257 0.6
116 183.36725330352783 18.743404919254658 0.6
118 185.37252759933472 18.368557946149032 0.6
119 187.37608075141907 18.16951785669782 0.6
120 189.37922024726868 19.199020050125313 0.6
121 191.38331651687622 19.36893888680425 0.6
122 193.38690447807312 17.863958857142855 0.6
123 195.38982105255127 20.172382578222777 0.6
125 197.39532113075256 18.5502446 0.6
126 199.39712071418762 19.04617976353454 0.6
127 201.4012017250061 20.24370106051154 0.6
128 203.40339016914368 18.97828301933874 0.6
129 205.40947675704956 18.954180337289195 0.6
130 207.41046166419983 19.68629403508772 0.6
132 209.4159095287323 20.12704931163955 0.6
133 211.41819834709167 18.58853077784692 0.6
134 213.42140364646912 18.895427568922305 0.6
135 215.4246048927307 19.83448385723231 0.6
136 217.427716255188 18.534927088290544 0.6
137 219.43141388893127 19.59671299123905 0.6
138 221.43543195724487 17.753390447761195 0.6
140 223.43945860862732 18.1803746 0.6
141 225.4426691532135 8.580303078848562 0.7
141 227.44655442237854 15.08689003726708 0.7
142 229.45246958732605 21.01206833022967 0.7
144 231.4548897743225 22.23391261239368 0.7
145 233.4608347415924 22.503422359481164 0.7
146 235.46300601959229 21.968681303011678 0.7
148 237.46602964401245 22.28985176327029 0.7
149 239.47098016738892 22.614543597298955 0.7
150 241.4765169620514 22.43074067360686 0.7
152 243.479731798172 22.449368034504005 0.7
153 245.48198866844177 21.73632700801974 0.7
155 247.48563480377197 21.370784731315627 0.7
156 249.49221444129944 22.159355854410858 0.7
157 251.4940047264099 22.509900272614622 0.7
159 253.50063109397888 21.471348599508598 0.7
160 255.5040373802185 20.87217848410758 0.7
161 257.50645565986633 22.738705668711656 0.7
163 259.51033782958984 22.347408167797656 0.7
164 261.51473450660706 21.968536755089453 0.7
165 263.5213186740875 21.836973382533824 0.7
167 265.5222964286804 22.294423543838136 0.7
168 267.5268363952637 21.720780468557336 0.7
169 269.53083086013794 21.634175409230767 0.7
171 271.5331320762634 22.59435233621755 0.7
172 273.5382173061371 21.922364137931037 0.7
174 275.5413239002228 20.08454289245983 0.7
175 277.54731369018555 21.794587501534686 0.7
176 279.5483167171478 22.579166822085888 0.7
178 281.55258989334106 21.78265568627451 0.7
179 283.5571894645691 19.39146159357628 0.7
180 285.5595290660858 21.79881235692308 0.7
182 287.56425285339355 21.364683698714025 0.7
183 289.57026076316833 22.678263831891226 0.7
184 291.571391582489 22.424360470006185 0.7
186 293.5749945640564 21.930661496932515 0.7
187 295.5786962509155 23.172792615384616 0.7
188 297.5832476615906 21.84389421731123 0.7
190 299.587317943573 21.107274548802945 0.7
191 301.59061431884766 22.944867156862745 0.7
193 303.5945689678192 22.742411498771496 0.7
194 305.5985345840454 21.501119901477832 0.7
195 307.6021409034729 21.75574728054021 0.7
197 309.60778880119324 22.333495236923078 0.7
198 311.6086325645447 22.475247087676273 0.7
199 313.6125454902649 22.062000246153847 0.7
201 315.6170451641083 19.25994818013572 0.7
202 317.62123942375183 19.252130308261407 0.7
204 319.6235861778259 21.674769624615383 0.7
205 321.6289999485016 21.858371211750306 0.7
206 323.6325614452362 22.04953851442603 0.7
208 325.63793659210205 22.094066845310596 0.7
209 327.6403777599335 21.860199065190653 0.7
210 329.64273047447205 23.075026847960444 0.7
212 331.64860010147095 21.549134563467494 0.7
213 333.6526436805725 21.96179313081215 0.7
214 335.6545362472534 22.13801334153846 0.7
216 337.65909457206726 21.912666044226047 0.7
217 339.662024974823 22.39587683313033 0.7
218 341.6655476093292 22.395889306322896 0.7
220 343.67013335227966 22.433568606356967 0.7
221 345.67235136032104 21.941106091245377 0.7
222 347.6783788204193 22.17471452991453 0.7
224 349.680123090744 22.167587170278637 0.7
225 351.68774247169495 22.933376434299817 0.7
226 353.688383102417 20.311460036923076 0.7
228 355.69258403778076 21.660422660098522 0.7
229 357.7005453109741 20.069233345610805 0.7
231 359.7020082473755 21.964386213712167 0.7
232 361.7071135044098 21.92895950799508 0.7
233 363.70848321914673 21.98848918753818 0.7
235 365.71344661712646 21.64275733990148 0.7
236 367.71620535850525 23.03312998763906 0.7
237 369.72478699684143 22.031770203327174 0.7
239 371.72617745399475 21.666614215686273 0.7
240 373.7280876636505 21.742927676272224 0.7
241 375.73561096191406 21.693678572307693 0.7
243 377.7348687648773 21.571578739184176 0.7
244 379.7384612560272 22.13222437577256 0.7
245 381.7427728176117 21.99633908529048 0.7
247 383.7466378211975 22.22502119091467 0.7
248 385.74957942962646 21.99064528117359 0.7
249 387.7587983608246 22.023517338262476 0.7
251 389.7617907524109 22.452959703153986 0.7
252 391.7663486003876 21.822402855384617 0.7
253 393.7660105228424 21.924776102003644 0.7
255 395.7739107608795 21.576066363076922 0.7
256 397.7752969264984 24.227679605668513 0.7
258 399.77864146232605 22.887919506172842 0.7
259 401.78295516967773 21.34882457002457 0.7
260 403.78598046302795 21.727392470876765 0.7
262 405.78946018218994 21.724171582822084 0.7
263 407.7934889793396 21.51846006184292 0.7
264 409.79775500297546 22.01738146101903 0.7
266 411.80167150497437 21.846481817065687 0.7
267 413.80477499961853 21.88879243243243 0.7
268 415.8103857040405 22.12368556521739 0.7
270 417.8134648799896 22.526396150524366 0.7
271 419.81753492355347 21.504927509202453 0.7
272 421.8201868534088 21.697508696711328 0.7
274 423.8253984451294 20.73056824034335 0.7
275 425.8287556171417 19.346417079754602 0.7
276 427.8338825702667 19.482397433682912 0.7
278 429.83832001686096 21.737864709480125 0.7
279 431.8395025730133 21.44315117139334 0.7
281 433.8440010547638 22.778106062461728 0.7
282 435.8471312522888 23.070181198270536 0.7
283 437.8500864505768 21.813971231527095 0.7
285 439.85407185554504 22.220889030674847 0.7
286 441.85833168029785 22.8846936621455 0.7
287 443.8610553741455 21.413911029859843 0.7
289 445.87181401252747 21.869228174554394 0.7
290 447.87173867225647 15.041819548505186 0.7
291 449.87495017051697 16.9900820626151 0.7
292 451.8767833709717 15.974647397428047 0.7
293 453.882759809494 15.069383657780532 0.7
294 455.88552045822144 14.52704653869969 0.7
295 457.8928909301758 15.276149636027144 0.7
296 459.8918628692627 16.327605946283573 0.8
296 461.89584374427795 8.317119700561447 0.8
297 463.9003231525421 24.55365250466128 0.8
298 465.90471363067627 16.38583141073658 0.8
299 467.91059947013855 16.596718798498124 0.8
300 469.9112169742584 0.17806308943089433 0.8
300 471.914767742157 0.14661503121098626 0.8
300 473.91789722442627 0.14441385866166354 0.8
300 475.92148518562317 0.1460989 0.8
300 477.92543601989746 0.15670693266832916 0.8
300 479.92950534820557 0.1616392528019925 0.8
300 481.9332592487335 0.14404361821584527 0.8
300 483.93733954429626 0.1461722 0.8
300 485.94103598594666 0.14371130218068534 0.8
300 487.94477128982544 0.1492556304619226 0.8
300 489.9487235546112 0.14920374298190892 0.8
300 491.9527962207794 0.148249088639201 0.8
300 493.9565782546997 0.1485545 0.8
300 495.9600045681 0.1448436182158453 0.8
300 497.96340775489807 0.15148855895196506 0.8
300 499.9672453403473 0.1453675 0.8
300 501.97035789489746 0.14563202001250783 0.8
300 503.97403931617737 0.15192214865708933 0.8
300 505.97727513313293 0.15022180000000002 0.8
300 507.9810428619385 0.14418038725796375 0.8
300 509.98440051078796 0.1420867957526546 0.8
300 511.9875156879425 0.1408403495630462 0.8
300 513.9913280010223 0.14091046192259676 0.8
300 515.9947662353516 0.14331642723297938 0.8
300 517.9980518817902 0.14443997498436523 0.8
300 520.0020589828491 0.14147201988812927 0.8
300 522.0058467388153 0.16893449564134494 0.8
300 524.0096898078918 0.1508900062539087 0.8
300 526.0133340358734 0.1697454 0.8
300 528.0185780525208 0.19254405996252344 0.8
300 530.0227029323578 0.16824094704049844 0.8
300 532.0260014533997 0.16903920199501246 0.8
300 534.0297305583954 0.17048370000000002 0.8
300 536.0328471660614 0.1713316354556804 0.8
300 538.0366911888123 0.171976414740787 0.8
300 540.0398993492126 0.16511679599499374 0.8
