0 1.8536670207977295 46.08016743955363
1 3.857351541519165 47.84270215613383
2 5.861193418502808 45.91030958667489
3 7.86493182182312 47.45242114713217
4 9.868542909622192 43.59644350184957
5 11.872484683990479 47.74087965152458
6 13.875883102416992 46.4947735669587
7 15.88021969795227 47.53911126550868
8 17.88380455970764 46.35913096094234
9 19.887616395950317 47.5172347654321
9 21.891514778137207 46.68865667493797
10 23.895325183868408 47.314546459240816
11 25.898877382278442 46.95275376237624
12 27.902599096298218 45.73704556521739
13 29.907212018966675 45.9211148578492
14 31.911519527435303 45.71789796884735
15 33.9153106212616 46.31320149253732
16 35.91898250579834 46.423992664188354
17 37.9229371547699 45.82383782178218
18 39.92687368392944 46.79771561097257
19 41.93100428581238 45.74843630922693
20 43.934733629226685 46.12069200745805
21 45.938631772994995 47.33815278158058
22 47.942787885665894 46.76200462399006
23 49.94690418243408 46.139599
24 51.9507794380188 45.803156907730674
24 53.954437255859375 45.821768938547486
25 55.958009004592896 46.21615910447761
26 57.961915254592896 46.07897486284289
27 59.96549391746521 46.41600099255584
28 61.9691162109375 46.44378553827006
29 63.974380016326904 46.59042540942928
30 65.9780786037445 46.567608279301744
31 67.9818959236145 45.69237187848729
32 69.98564004898071 46.65469044776119
33 71.98971152305603 45.88695054726368
34 73.9937310218811 46.181297512437816
35 75.99780416488647 46.434859551122194
36 78.00212049484253 46.22707997513984
37 80.00579071044922 45.990240896079655
38 82.01061916351318 46.150448169893814
38 84.01354146003723 45.90933323364486
39 86.01743149757385 46.592206567164176
40 88.02136206626892 46.27442396519577
41 90.02480864524841 46.729732160990714
42 92.0286476612091 46.19665802115744
43 94.03231453895569 46.82650511455108
44 96.03719234466553 47.22753898136646
45 98.04104232788086 45.65803607649599
46 100.04537725448608 45.90870338308458
47 102.04904556274414 47.845634791277256
48 104.05303192138672 47.607064233395405
49 106.05656266212463 46.37710031230481
50 108.0606677532196 46.05102485678705
51 110.06438875198364 46.12838265179678
51 112.06839632987976 45.97720119551681
52 114.07142543792725 45.73122393544382
53 116.07533836364746 45.81493971339564
54 118.07918524742126 46.8766695522388
55 120.08277344703674 46.38957792079208
56 122.08680891990662 46.1447761298377
57 124.09026169776917 46.24674884591391
58 126.09417796134949 46.81017154228856
59 128.09870958328247 47.036644779091475
60 130.10236716270447 45.863224432029796
61 132.1063678264618 46.539444601113175
62 134.11017060279846 46.21718318153462
63 136.11439180374146 45.90514623441396
64 138.11811208724976 46.77287960248447
65 140.1227321624756 45.24882393544382
66 142.12621092796326 45.74041349097698
66 144.1296510696411 46.49476582814446
67 146.13355469703674 47.01132062305296
68 148.1374969482422 45.56707719080174
69 150.14193654060364 46.57002270871985
70 152.1452353000641 46.38393703611457
71 154.14873957633972 46.734254117647055
72 156.1527876853943 46.32625722464219
73 158.15715837478638 45.87279416563659
74 160.16095161437988 45.46223000618429
75 162.16570925712585 45.73246433705081
76 164.16945576667786 46.650362189054725
77 166.1733386516571 46.1542540942928
78 168.17751955986023 46.03975785669782
79 170.18104457855225 46.435908785046735
80 172.18502283096313 46.21002895950156
80 174.18875098228455 46.223238252184764
81 176.19292855262756 46.175749751243785
82 178.19676995277405 45.94519000621504
83 180.20060348510742 46.310394007490636
84 182.2044951915741 45.96037489706799
85 184.20917057991028 45.646417755610976
86 186.21245288848877 45.75038115313082
87 188.2164921760559 45.63875679303916
88 190.2206666469574 47.5233234085213
89 192.22418451309204 49.15772042473454
90 194.2290370464325 45.19460509270704
91 196.23290395736694 47.134851805728516
92 198.2363739013672 47.55935230961298
93 200.24008226394653 47.05635952706908
94 202.2438566684723 46.36332919626168
95 204.2475666999817 46.36758042236025
95 206.25196957588196 45.94247975108899
96 208.25592517852783 46.399948126944615
97 210.25985169410706 45.34810027329193
98 212.26397705078125 46.239805785536156
99 214.26752185821533 46.48638702432938
100 216.27112197875977 46.001461029138255
101 218.27463006973267 46.53152558951965
102 220.27855706214905 45.63889757914339
103 222.28253841400146 46.39526370093458
104 224.28636980056763 45.82177268414482
105 226.2919557094574 45.821054053382994
106 228.29590702056885 46.26551985046729
107 230.30032920837402 46.21387529120199
108 232.30369997024536 46.41883546187229
109 234.3080005645752 46.42632210262828
109 236.31200766563416 46.58649358302122
110 238.31572651863098 46.69649754385965
111 240.31964635849 46.126992729544035
112 242.3240294456482 45.752687263681594
113 244.32794857025146 45.828445
114 246.33160519599915 47.04731518402994
115 248.33551239967346 45.9392855
116 250.33951997756958 45.94725087281796
117 252.3438262939453 45.77396467661691
118 254.34738492965698 45.46968069478908
119 256.351327419281 46.3697613
120 258.35487723350525 45.361889686323714
121 260.3603038787842 45.57777281191807
122 262.36399030685425 45.869198752339365
123 264.3678753376007 45.83160539325843
124 266.37145924568176 45.70307945068664
124 268.37540459632874 45.58144896637609
125 270.37946581840515 46.530318756991925
126 272.3830783367157 46.301043534536404
127 274.3869438171387 46.34925638854296
128 276.391268491745 46.81092754057428
129 278.3950238227844 46.460002292834886
130 280.3991005420685 45.89764667083073
131 282.40288257598877 45.93450944237919
132 284.4067425727844 46.222713516209474
133 286.4106161594391 46.41373970149253
134 288.41479539871216 46.27544514851485
135 290.4185137748718 46.798167372353674
136 292.423082113266 46.446467562189056
137 294.4270613193512 48.15572249376559
137 296.43064618110657 48.22117751243781
138 298.43442368507385 47.16264956793989
139 300.43833112716675 46.56734711276332
140 302.4422755241394 46.46458897404202
141 304.446745634079 46.202737160570365
142 306.45013999938965 46.620876807980046
143 308.4543571472168 45.83525959234095
144 310.45806312561035 46.36876084682441
145 312.4620943069458 46.98872832398754
146 314.4665768146515 45.684901863354035
147 316.4709346294403 45.8148751091703
148 318.4745593070984 46.5761308
149 320.4785706996918 45.74700372670807
150 322.4831278324127 46.475737819314645
151 324.4876046180725 45.45840628037383
151 326.49180030822754 46.64977810945274
152 328.4960021972656 46.0455927
153 330.49959111213684 46.29610189944134
154 332.50340723991394 46.1832391816491
155 334.5075943470001 45.86894687383468
156 336.5119791030884 46.35939719080174
157 338.51540517807007 45.93950874221669
158 340.5194489955902 46.363394014962594
159 342.5234625339508 47.40408752823087
160 344.52754068374634 46.898972330827064
161 346.531129360199 47.7482964
162 348.5351586341858 47.53180502186133
163 350.53946685791016 46.946443945068665
163 352.5431578159332 46.59817104309806
164 354.5473589897156 46.664810049751246
165 356.5511236190796 46.59923448621554
166 358.55490279197693 45.80472570713392
167 360.55861592292786 46.1956156813939
168 362.5624496936798 45.72945641791045
169 364.56635785102844 47.189637605985034
170 366.57081508636475 46.23438198874296
171 368.5742681026459 46.0553865
172 370.5781557559967 46.15130914498141
173 372.5834255218506 45.90305723536737
174 374.5858817100525 46.60351085714286
175 376.5899133682251 45.855956399751705
176 378.59332036972046 46.84101552647975
176 380.59782576560974 46.0927911662531
177 382.6017310619354 46.31709195773773
178 384.60557293891907 46.17578149253732
179 386.6097023487091 45.86396094645081
180 388.61399936676025 45.33218323856613
181 390.6175935268402 46.225879652173916
182 392.62151169776917 45.9550672467371
183 394.62531089782715 46.657702699999994
184 396.62908148765564 45.65605306832298
185 398.63319516181946 45.65839195031056
186 400.6375069618225 46.079342839429636
187 402.6409709453583 46.16057164086687
188 404.6448812484741 45.480769863692686
189 406.6484248638153 47.136425767790264
190 408.652578830719 46.31309451151213
190 410.6565053462982 46.61569064676617
191 412.66017055511475 46.18680278953923
192 414.66435718536377 46.68564465581977
193 416.66808104515076 46.491104040025014
194 418.6721224784851 46.189528044971894
195 420.67572259902954 45.69965913911416
196 422.6807322502136 45.46838979141104
197 424.68479800224304 45.990848894409936
198 426.68860387802124 46.144813739887994
199 428.6927738189697 45.414398011187075
200 430.6974642276764 45.74092069478908
201 432.70067715644836 45.3885682345602
202 434.70419359207153 45.8869676
203 436.70843839645386 45.686912278953926
204 438.7121329307556 47.05973174129353
204 440.716411113739 45.40912892746435
205 442.7211956977844 46.22949144630664
206 444.72463846206665 45.117037255146606
207 446.7281732559204 46.12333921299188
208 448.7319338321686 45.59913262111801
209 450.73621916770935 46.39161787181082
210 452.73972606658936 45.549546233604
211 454.7438774108887 46.17773695760599
212 456.7484037876129 46.0608689689441
213 458.75253677368164 45.33745480745341
214 460.7559103965759 46.40227419314642
215 462.7596683502197 46.7423275077688
216 464.7634952068329 46.363761347473485
217 466.767614364624 45.64641154947107
218 468.7712776660919 46.398831970167805
219 470.7758049964905 45.934343751552795
219 472.7796058654785 46.0837596
220 474.78407859802246 46.33046741016109
221 476.787615776062 46.192360799999996
222 478.79169726371765 45.90234441267868
223 480.79547452926636 45.95150805970149
224 482.7998673915863 46.87857613947696
225 484.8037965297699 46.40660794044665
226 486.8083162307739 45.98587208983157
227 488.8125603199005 45.832669818636646
228 490.81668043136597 46.43056248292986
229 492.82036113739014 46.52928367017979
230 494.8239493370056 46.25170525792417
231 496.8277533054352 46.547906285714284
231 498.83144903182983 45.00904692449355
232 500.83580350875854 45.75932222361024
233 502.83951592445374 45.66542297448662
234 504.84366941452026 46.32398506533914
235 506.84780740737915 45.50829110834371
236 508.8514025211334 45.634775652173914
237 510.854998588562 46.56403387882573
238 512.8589339256287 46.49947762648345
239 514.8627238273621 45.73623422885572
240 516.8670527935028 46.068032599999995
241 518.8706095218658 46.38927643122677
242 520.8742249011993 46.58862412975671
243 522.8780691623688 46.4751390665837
244 524.8819334506989 47.08614943960149
245 526.8859806060791 46.81905394769614
246 528.8900434970856 47.01838118824265
246 530.8936533927917 45.411147229813665
247 532.8974239826202 46.22912843149411
248 534.901435136795 46.19831751552795
249 536.9052414894104 46.33714386138614
250 538.9090330600739 46.1536090886392
251 540.9126448631287 45.85654900990099
252 542.9164834022522 45.128186335403726
253 544.920161485672 45.08875878336437
254 546.9241671562195 45.92128129192547
255 548.9279546737671 46.67191669586984
256 550.932126045227 46.69711353233831
257 552.935489654541 46.63250400996264
258 554.9406979084015 46.704736420525656
259 556.9439158439636 45.09995275434243
260 558.9478652477264 46.27221472636816
261 560.9516973495483 45.099347384230285
261 562.9559514522552 45.77800881144991
262 564.9595711231232 45.79571521197007
263 566.9632856845856 45.684171158156914
264 568.9670827388763 45.836243252032524
265 570.9706296920776 46.7309471224363
266 572.9747428894043 45.70204668329177
267 574.9784114360809 45.518344516129034
268 576.9823205471039 46.411987263681596
269 578.986043214798 45.81208317224287
270 580.9898207187653 46.104359207920794
271 582.9934232234955 46.24246869943995
272 584.9990832805634 47.27645451592755
273 587.0027182102203 45.519131698817674
274 589.0064356327057 45.8822802484472
275 591.0101659297943 45.65421171817058
275 593.0139694213867 46.115862
276 595.0177280902863 46.544932355500315
277 597.0218913555145 45.327287694204685
278 599.025484085083 45.90209136448598
279 601.0293934345245 45.42548049382716
280 603.0329673290253 45.99764039900249
281 605.036981344223 45.60786129353234
282 607.0412812232971 45.732354981366456
283 609.0448355674744 45.54310957816377
284 611.0489609241486 45.23357242065961
285 613.0522079467773 45.60087403726708
286 615.0559039115906 46.03846988847584
287 617.0604541301727 45.878060062305295
288 619.0639982223511 45.93239520599251
289 621.067969083786 47.040109975186105
289 623.0716600418091 46.382625964912286
290 625.0758106708527 46.68575641344957
291 627.0792424678802 46.67426996888612
292 629.0828330516815 45.24564129353234
293 631.08607006073 45.88860281619937
294 633.0899727344513 46.30809747815231
295 635.0936646461487 45.50081444582815
296 637.097715139389 46.02952243932794
297 639.1010973453522 46.9009429
298 641.1050601005554 46.21323557763975
299 643.1086132526398 46.53241267868241
300 645.1125276088715 21.7641269
300 647.1159338951111 0.1246445028142589
300 649.1201112270355 0.11821233458177277
300 651.1237490177155 0.1259131914893617
300 653.1271207332611 0.12172215269086357
300 655.1310966014862 0.12043930174563591
300 657.1344656944275 0.1227731
300 659.1382596492767 0.12370876404494383
300 661.1414141654968 0.12278002496878902
300 663.1452012062073 0.13309255146600124
300 665.1486332416534 0.12045045539613225
300 667.1521465778351 0.1220309
300 669.1553339958191 0.12102046221111806
300 671.159108877182 0.1454558
300 673.1626501083374 0.13917399750933998
300 675.1658420562744 0.124558202247191
300 677.1690137386322 0.12226922693266831
300 679.1720323562622 0.12207209505941212
300 681.1754562854767 0.12146570000000001
300 683.181542634964 0.1364645290081098
300 685.1847064495087 0.12072690863579474
300 687.188309431076 0.1240375
300 689.1917033195496 0.12143300437226733
300 691.1948893070221 0.12487735165521549
300 693.1981165409088 0.1252530831769856
300 695.2020688056946 0.09565267080745342
300 697.2054052352905 0.12714813241723924
300 699.2086446285248 0.12256988764044945
300 701.2120220661163 0.1260914
300 703.2154490947723 0.14174579999999998
300 705.2194314002991 0.1391657786116323
300 707.2224681377411 0.12377926203877423
300 709.2260954380035 0.13718183864915573
300 711.2294330596924 0.1267708
300 713.2328317165375 0.1221857983719474
300 715.2362329959869 0.1327448722741433
300 717.2410607337952 0.12726026233604
300 719.2443735599518 0.12148235294117647
300 721.2478489875793 0.1296622
300 723.251692533493 0.13441791119449656
300 725.2549338340759 0.12446829999999999
300 727.2589147090912 0.12222019999999999
300 729.2625377178192 0.14870132334581773
300 731.2662060260773 0.15190037359900374
300 733.2703206539154 0.1547505427323768
300 735.2742700576782 0.1444638
300 737.2784962654114 0.12712846587351284
300 739.2819938659668 0.12337157829070493
300 741.2855496406555 0.12267747342088804
300 743.2889955043793 0.13677083645443197
300 745.2925617694855 0.12470206121174265
300 747.2958498001099 0.1261164
300 749.3001391887665 0.12856225140712946
300 751.3034737110138 0.1252441327489042
300 753.3077576160431 0.12508744243932793
300 755.3112072944641 0.147208
300 757.3154349327087 0.1378365521549032
300 759.3190693855286 0.1495024
300 761.3232522010803 0.14686780762023735
300 763.3270738124847 0.1486479148403256
300 765.3312139511108 0.149314
300 767.3350625038147 0.14914870000000002
300 769.3387246131897 0.15053116395494368
300 771.3430614471436 0.1026425547902317
300 773.3471510410309 0.14895139999999998
300 775.3508012294769 0.1506685642946317
300 777.3541193008423 0.16101156777014367
300 779.3578090667725 0.09182600874453467
300 781.3615419864655 0.1663369
300 783.3661119937897 0.14708162601626015
300 785.3699104785919 0.14727935040599627
300 787.373673915863 0.1029376279650437
300 789.3777306079865 0.150701611492817
300 791.3818984031677 0.15082183635227983
300 793.386150598526 0.15335870000000001
300 795.3906881809235 0.14741452959501558
300 797.3942885398865 0.14830411985018727
300 799.398687839508 0.16038076202373516
300 801.4023241996765 0.15124152214597628
300 803.4067249298096 0.1500975670617592
300 805.410388469696 0.14764307692307693
300 807.414000749588 0.14672760475297061
300 809.41770362854 0.15190705808869456
300 811.4216954708099 0.1495285127566895
300 813.4254975318909 0.1469967
300 815.4290573596954 0.1489524047470331
300 817.4339146614075 0.15003397123202
300 819.4383516311646 0.1477964089775561
300 821.4423968791962 0.14771133917396745
300 823.4460055828094 0.14753570981863665
300 825.4500074386597 0.14827342910680824
300 827.4537959098816 0.147673
300 829.4577717781067 0.14845922596754058
300 831.461611032486 0.1469665
300 833.4659342765808 0.1260688487865588
300 835.469733953476 0.14301536159600997
300 837.4733781814575 0.1209798
300 839.4768750667572 0.12094192259675407
300 841.4808549880981 0.12372322701688557
300 843.4846782684326 0.14853396627108056
300 845.4885637760162 0.1511444
300 847.4923169612885 0.1495624
300 849.4959049224854 0.15045881026925487
300 851.5004086494446 0.14942930000000001
300 853.5040383338928 0.1512850531582239
300 855.508082151413 0.1647179
300 857.5117015838623 0.14770631775700935
300 859.5155444145203 0.14856279301745637
300 861.5195560455322 0.14815900124843945
300 863.5234966278076 0.14806346201743462
300 865.5273864269257 0.1464453716427233
300 867.5311505794525 0.12380519999999999
300 869.5345301628113 0.12009434103685196
300 871.5382063388824 0.12177230769230768
300 873.5420732498169 0.1507294881398252
300 875.5457789897919 0.15210375939849624
300 877.5499942302704 0.15230971927635684
