1 1.560124158859253 23.733196252342285
2 3.562819719314575 23.76481295143213
4 5.566683530807495 24.314967945034354
5 7.571911334991455 23.878387761755484
6 9.57582974433899 23.4308834
8 11.57967209815979 23.395901246882794
9 13.58307957649231 23.272855031210987
11 15.586890697479248 23.895391859737007
12 17.59078621864319 23.866554596622887
14 19.59499168395996 23.5975608
15 21.598862648010254 23.644632795497188
17 23.603111267089844 23.50158382022472
18 25.606489181518555 23.715521202254227
20 27.610206604003906 23.59169238451935
21 29.614342212677002 23.671894001252348
23 31.618274211883545 23.546832659176033
24 33.62221550941467 22.9097864
26 35.625967264175415 23.34685697196262
27 37.6302216053009 23.71376099626401
28 39.63489055633545 23.8530346
30 41.63868427276611 23.90318552713662
31 43.64200949668884 23.56221526908636
33 45.64639067649841 24.13934228893058
34 47.64958572387695 24.1457690169067
36 49.653472661972046 23.279705336658356
37 51.65764141082764 23.237976399999997
39 53.66260004043579 23.399263320848938
40 55.665905714035034 23.36965629444791
42 57.669761419296265 23.466014123518402
43 59.674351930618286 23.518859351620947
45 61.67853283882141 23.6830137
46 63.68229699134827 23.708101718555415
48 65.6859884262085 24.02964212102308
49 67.69016170501709 23.266226749688666
50 69.69393420219421 23.40771229906542
52 71.69807624816895 23.21719247352025
53 73.70356106758118 23.843806858573217
55 75.70758104324341 23.463866185438707
56 77.71181344985962 23.16973789670193
58 79.71570014953613 23.44002253101737
59 81.71947765350342 23.807125087281797
61 83.72317433357239 23.824100674157304
62 85.72698211669922 23.381171378881987
64 87.7309341430664 23.459387047855813
65 89.73519277572632 23.578826500311916
67 91.73889660835266 23.596832797507787
68 93.74322652816772 23.549863716594157
70 95.74729919433594 23.612179638629282
71 97.7510871887207 23.843471701863354
72 99.75527858734131 23.710632817955112
74 101.7592031955719 23.508865946617007
75 103.76330590248108 23.559616975731178
77 105.76736187934875 23.563158529595015
78 107.77227306365967 23.901882123672706
80 109.77649450302124 23.30103715178014
81 111.78022623062134 23.820990218886802
83 113.78450202941895 24.845706832917706
84 115.7879786491394 24.349597212196638
86 117.79173231124878 22.27195857410882
87 119.79538369178772 24.62398684931507
88 121.79948258399963 23.959504239401497
90 123.80331897735596 24.17825830845771
91 125.80726337432861 22.847130620347393
93 127.81110382080078 24.17319795892968
94 129.81496047973633 24.208302144638406
96 131.8187220096588 24.564666185438703
97 133.82231450080872 23.417175327102804
99 135.82607984542847 23.948877461107653
100 137.82976698875427 24.870796309226932
102 139.83390140533447 23.92083393034826
103 141.83765769004822 23.53111526479751
104 143.84147691726685 23.24070048658765
106 145.84528732299805 23.863658453865337
107 147.84930276870728 23.416991183063512
109 149.8534972667694 23.75584509681449
110 151.85716581344604 23.201597308411216
112 153.86136531829834 23.50344954403498
113 155.86613178253174 23.567267715355804
115 157.86945509910583 22.65330661682243
116 159.87321734428406 25.119194214463842
118 161.87716960906982 23.8436655361596
119 163.88050627708435 22.68104209215442
121 165.8844609260559 23.266967716241442
122 167.88876390457153 23.543740149625936
123 169.89306044578552 23.811111489361704
125 171.8966646194458 23.739557
126 173.90186595916748 23.253776149532708
128 175.90573024749756 23.40120940883634
129 177.90959978103638 23.911028392745465
131 179.91367435455322 23.184865829707892
132 181.91711115837097 23.7087802
134 183.92151927947998 23.607797034267914
135 185.9254093170166 23.656153
137 187.92944264411926 23.85830989421282
138 189.9332525730133 24.064625418227216
140 191.9370470046997 23.36455086712414
141 193.94082617759705 23.5651039
142 195.94436311721802 23.74767092834891
144 197.9481372833252 23.173415515302935
145 199.9519875049591 23.414440423148726
147 201.95571112632751 23.724150711610488
148 203.95930123329163 23.377163264797506
150 205.9640669822693 23.457716236760124
151 207.96865558624268 23.4018692
153 209.9721691608429 23.5818629
154 211.97609996795654 23.635056868371805
156 213.98039507865906 23.128606741573034
157 215.9845154285431 23.358538866043613
159 217.9885058403015 23.706623819661864
160 219.99240112304688 23.710423670411984
162 221.99653792381287 23.809703
163 224.00042343139648 22.90319850187266
164 226.0046637058258 23.44858593241552
166 228.00862860679626 23.529304423676013
167 230.01269149780273 23.5304687
169 232.0164303779602 22.75378940809969
170 234.0211718082428 23.224159100562147
172 236.02427768707275 23.306108710280373
173 238.028254032135 23.5813961
175 240.03292870521545 23.80455920099875
176 242.03676533699036 23.685578640049908
178 244.0409767627716 23.58827093066833
179 246.04496145248413 23.94428617886179
181 248.04881191253662 23.423517311761046
182 250.05267333984375 23.47837109034268
184 252.05721259117126 23.219015261845385
185 254.06139874458313 23.38326199004975
186 256.0651557445526 23.2823726171143
188 258.0693030357361 23.397561021806855
189 260.07293248176575 24.251093399503723
191 262.0772473812103 23.16512029795158
192 264.0808620452881 23.658572307692307
194 266.0846531391144 24.89697625935162
195 268.0883469581604 24.43219110280374
197 270.0920412540436 24.41819116104869
198 272.09663462638855 23.311707482823234
200 274.10042548179626 23.2245655
201 276.1048250198364 23.65225105691057
202 278.1086354255676 23.62508304619226
204 280.112850189209 23.19118881398252
205 282.1166467666626 23.1834589
207 284.1202161312103 23.557127581047382
208 286.12396001815796 23.347234890965733
210 288.12785267829895 23.39096713661884
211 290.1319179534912 23.739736417910446
213 292.1360671520233 23.3633634
214 294.14009380340576 23.162410081097942
216 296.14375162124634 23.7212142
217 298.14749121665955 22.122166306641837
219 300.1512176990509 23.873992435817158
220 302.15507459640503 23.379435100000002
222 304.1591725349426 23.567753045653532
223 306.1638298034668 23.545112204871955
224 308.16781997680664 23.777488169893815
226 310.17200684547424 23.498735451713397
227 312.1756625175476 23.651155411471322
229 314.17956161499023 23.489830056214867
230 316.1835141181946 23.553829456589632
232 318.18729424476624 23.466416957605986
233 320.1912040710449 23.267773408099686
235 322.1950032711029 23.691719075577762
236 324.1988379955292 23.466396316116988
238 326.2025761604309 23.839301972534333
239 328.20625138282776 23.21572784019975
241 330.21064352989197 23.519874235807862
242 332.2147274017334 22.58128549313358
243 334.21864795684814 22.923570668332292
245 336.2221999168396 23.35950144638404
246 338.22609543800354 23.41809216957606
248 340.23060727119446 22.99592
249 342.23449182510376 23.909244422236103
251 344.2377827167511 24.878209533291848
252 346.24181389808655 24.702092069825436
254 348.2449827194214 24.260524488778053
255 350.24930810928345 24.352586832917705
257 352.2529196739197 24.218959104477612
258 354.2567925453186 24.088856780609074
260 356.26060581207275 23.76553705407085
261 358.2642982006073 25.29022086412023
262 360.2680118083954 23.68383006828057
264 362.2712709903717 24.5463556
265 364.27557706832886 23.31225813200498
267 366.2792763710022 24.869890473815463
268 368.2832272052765 23.52522963704631
270 370.2871673107147 24.94985726078799
271 372.291481256485 24.3537169
273 374.29561853408813 23.452564242046165
274 376.2994704246521 24.620754086956524
275 378.30309891700745 23.70631376169682
277 380.30707597732544 24.588935062344138
278 382.3105044364929 23.93778412461059
280 384.314457654953 25.00901163545568
281 386.3187153339386 23.904562900000002
283 388.32168650627136 24.946605870646763
284 390.32524609565735 24.47481310903427
286 392.32902240753174 23.03416441413515
287 394.332626581192 24.385343940335613
288 396.33623480796814 24.497272866873065
290 398.34022879600525 25.685273008739074
291 400.3435456752777 25.238355721393035
293 402.34786462783813 23.60069243445693
294 404.3513357639313 24.800750461922597
296 406.3548951148987 24.567923634100808
297 408.35843229293823 24.388559900249376
299 410.3625211715698 24.58547425015557
300 412.3662040233612 5.32943470661673
300 414.370005607605 0.16686653366583543
300 416.3733582496643 0.1630010513141427
300 418.37678241729736 0.1604666250779788
300 420.38052582740784 0.16657638975640224
300 422.3839330673218 0.1616749468417761
300 424.3878333568573 0.1643888430268918
300 426.3914842605591 0.1618025
300 428.3953101634979 0.16834471544715449
300 430.39886808395386 0.1689110694183865
300 432.4025900363922 0.1639475
300 434.4061710834503 0.165055559724828
300 436.40991711616516 0.1637612507817386
300 438.4136152267456 0.1611021
300 440.4184832572937 0.16138816479400747
300 442.4226005077362 0.16100757026858212
300 444.42632961273193 0.16443240821406346
300 446.4304139614105 0.1671878924327705
300 448.4337708950043 0.1659823779724656
300 450.4375865459442 0.16185258426966292
300 452.4410939216614 0.16225350844277672
300 454.44456005096436 0.16200605378361477
300 456.44824409484863 0.1628204255319149
300 458.45169496536255 0.1623008760951189
300 460.45539712905884 0.16171217010631644
300 462.45888566970825 0.16412865876481597
300 464.4622392654419 0.16392514678326048
300 466.46560287475586 0.1622944
300 468.4692988395691 0.16179125860989355
300 470.47310972213745 0.16642983729662078
300 472.47672152519226 0.16446539999999998
300 474.4808039665222 0.164380024968789
300 476.48465156555176 0.16534624140087556
300 478.4885468482971 0.1644753058676654
300 480.4922766685486 0.16317888680425266
300 482.4961426258087 0.16246003752345214
300 484.4996681213379 0.1635518
300 486.5032961368561 0.1623174
300 488.5072705745697 0.1608229143214509
300 490.5108058452606 0.16392354335620712
300 492.51480317115784 0.16204703819661867
300 494.5183835029602 0.16087885358255452
300 496.52190685272217 0.1601154556803995
300 498.5251553058624 0.1654602367601246
300 500.5289475917816 0.1609407601246106
300 502.5323340892792 0.16447930218068535
300 504.5361330509186 0.15901100871731008
300 506.540682554245 0.16306640099626402
300 508.54428935050964 0.1653568519675203
300 510.5482461452484 0.16281686053783614
300 512.5521175861359 0.16712886674968866
300 514.5558233261108 0.16337884112149534
300 516.5594644546509 0.14261256714553405
300 518.5634820461273 0.14911850093691442
300 520.5673444271088 0.14103051186017476
300 522.5710179805756 0.1401028
300 524.574699640274 0.13600929419113056
300 526.5783803462982 0.14334940662086196
300 528.5822088718414 0.1391087281795511
300 530.5861191749573 0.15452342286071205
300 532.5898015499115 0.13802966292134833
300 534.5937554836273 0.14138905919003114
300 536.5974488258362 0.138411478477854
300 538.6028521060944 0.14489188514357054
300 540.6067433357239 0.13581279999999998
300 542.6105470657349 0.13473858838226108
300 544.6141157150269 0.14021543464665415
300 546.6179120540619 0.1499402
300 548.6219527721405 0.1545798
300 550.625693321228 0.15597149999999999
300 552.6295528411865 0.1466981
300 554.6332478523254 0.14489067000626174
300 556.6370358467102 0.1416030980637102
300 558.6410934925079 0.14647169999999998
300 560.6450698375702 0.14979347907557777
300 562.6487317085266 0.1443256
300 564.6524639129639 0.1451045290081098
300 566.6563096046448 0.14631789737171466
300 568.6600487232208 0.14651264080100124
300 570.6637880802155 0.15483872579637725
300 572.6686701774597 0.14672918851435707
300 574.6724123954773 0.1414828535669587
300 576.6760334968567 0.1466565396627108
300 578.6800768375397 0.14328583177570092
300 580.6839144229889 0.13884604244694132
300 582.6877329349518 0.16345535959974986
300 584.6912734508514 0.1626599
300 586.6947927474976 0.1621945431789737
300 588.6983823776245 0.1641899
300 590.7024466991425 0.1619718
300 592.7061893939972 0.1606795258889582
300 594.710054397583 0.1609077
300 596.7136266231537 0.16107352904434727
300 598.7177004814148 0.1599232958801498
300 600.7214980125427 0.1594521
300 602.7252156734467 0.16177731081926203
300 604.7296116352081 0.1608735
300 606.7337243556976 0.16312788029925188
300 608.7374448776245 0.162652
300 610.7411193847656 0.16803556668753913
300 612.7451686859131 0.16838276077451592
300 614.7487781047821 0.16659007518796992
300 616.7523531913757 0.16316455569461827
300 618.7560951709747 0.16260461634435433
300 620.7598447799683 0.1623095
300 622.7638983726501 0.16179532207629768
300 624.76757645607 0.16388384519350813
300 626.7710201740265 0.163378411507192
300 628.7751574516296 0.13452544319600498
300 630.7787208557129 0.15119189493433396
300 632.7823522090912 0.1386089
300 634.7864818572998 0.13682255770430443
300 636.7899463176727 0.14742844277673545
300 638.7951946258545 0.1558087390761548
300 640.7987360954285 0.14023098873591988
300 642.8025877475739 0.1387990024937656
300 644.8065032958984 0.14461001873828858
300 646.8102657794952 0.15064866749688668
300 648.8139204978943 0.1385428
300 650.8178842067719 0.15929616010006253
300 652.8217279911041 0.1360038023764853
300 654.8255455493927 0.1419553
300 656.8290152549744 0.1423717823639775
300 658.8325798511505 0.1386756722951845
300 660.8366849422455 0.15880663755458516
300 662.8406989574432 0.15439310430980638
300 664.8443088531494 0.14330287141073658
300 666.8481025695801 0.14625550969355847
300 668.8516042232513 0.14098424546023794
300 670.8562159538269 0.15069654398003743
300 672.8601486682892 0.1501856
300 674.8638586997986 0.1424937655860349
300 676.8673629760742 0.14704699562773266
300 678.8711986541748 0.1376239299123905
300 680.8747878074646 0.14531774718398
300 682.8787236213684 0.14353768894440974
300 684.8823075294495 0.1363459161976235
300 686.8863277435303 0.139992104934416
300 688.8901875019073 0.1358818
300 690.8939526081085 0.14042650031191517
300 692.8975632190704 0.14313314178638353
300 694.9012186527252 0.14850898188632106
300 696.9051430225372 0.14847770143660213
300 698.9087507724762 0.1431472329793879
300 700.9125828742981 0.14530088694565896
300 702.9159805774689 0.136111008140263
300 704.9209439754486 0.1444588132417239
300 706.9245076179504 0.1406379013116802
300 708.9284670352936 0.15634307116104867
300 710.9320871829987 0.1547066250779788
300 712.935919046402 0.15711979962429556
300 714.9391527175903 0.14400309806371017
300 716.9426636695862 0.14786476903870163
300 718.9467928409576 0.1523606745783885
300 720.9503405094147 0.14778876404494382
300 722.9546699523926 0.14810270742358078
300 724.9578242301941 0.14762386491557225
300 726.9618747234344 0.15154571607254533
300 728.9654788970947 0.14574661672908865
300 730.9689726829529 0.1431445
300 732.9730820655823 0.14369089319175515
300 734.9769701957703 0.1487678799249531
300 736.9813704490662 0.1471059
300 738.9852464199066 0.14093218261413384
300 740.9890065193176 0.1456992
300 742.9931788444519 0.14561747815230963
300 744.9968838691711 0.1538317859365277
300 747.0002548694611 0.1446430056355667
300 749.0042407512665 0.14663500624219725
300 751.0080575942993 0.1419485821361649
300 753.0122110843658 0.14822544090056286
300 755.0161011219025 0.18154308657465495
300 757.0206949710846 0.15129171339563863
300 759.0244884490967 0.1651637546933667
300 761.0284547805786 0.16118428035043805
300 763.0320377349854 0.16234603254067584
300 765.0358386039734 0.16227552220137587
300 767.0391221046448 0.1615736494073612
300 769.043586730957 0.16618380536494073
300 771.0474441051483 0.162798202247191
300 773.0509214401245 0.16435972482801753
300 775.0550124645233 0.16273705735660848
300 777.058632850647 0.16277790857858485
300 779.0626556873322 0.16305360850531583
300 781.066291809082 0.1637494868585732
300 783.0702679157257 0.1636079
300 785.0740187168121 0.16184164896939413
300 787.0782120227814 0.16172022485946283
300 789.0814619064331 0.16588067542213883
300 791.0860648155212 0.16067840399002492
300 793.089596748352 0.1668809
300 795.0932025909424 0.16001580988117572
300 797.0968525409698 0.16046961946350594
300 799.1001875400543 0.16220502186133667
300 801.1037621498108 0.16424190476190476
300 803.1084082126617 0.16102277847309135
300 805.1121985912323 0.1616417521902378
300 807.1155428886414 0.16198277847309137
300 809.1193809509277 0.18598366021236726
300 811.1230781078339 0.16101643527204504
300 813.1269676685333 0.1603526
300 815.1310696601868 0.16226051282051282
300 817.1347053050995 0.1662398
300 819.1387360095978 0.1629351344590369
300 821.1421983242035 0.1599289
300 823.1456377506256 0.1636108
300 825.1491923332214 0.16177058676654182
300 827.1528475284576 0.177221356565028
300 829.1568205356598 0.16160490306441527
300 831.160637140274 0.16460202373516553
300 833.1642656326294 0.1639415
300 835.1689870357513 0.1616311
300 837.172847032547 0.1645577972465582
300 839.1761746406555 0.16442953692115145
300 841.1796367168427 0.16257680000000002
300 843.1833550930023 0.16162591900311526
300 845.1870377063751 0.1626990784557908
300 847.1910169124603 0.1620325187032419
300 849.195113658905 0.16075431421446384
300 851.1989200115204 0.16275910224438903
300 853.2026402950287 0.15924827930174562
300 855.2062842845917 0.16076556456643792
300 857.209691286087 0.16653366583541146
300 859.2135207653046 0.16057961322520276
300 861.2173953056335 0.16366291068082447
300 863.2212989330292 0.1629937
300 865.2248866558075 0.1647223970037453
300 867.229163646698 0.16405792759051185
300 869.2331564426422 0.16189668542839272
300 871.2368633747101 0.16280074953154278
300 873.2408626079559 0.16267003754693365
300 875.2445225715637 0.16327865252651277
300 877.2488844394684 0.15999220487195503
300 879.2525026798248 0.1607064
300 881.2563066482544 0.1622780713838447
300 883.260169506073 0.16175141073657928
300 885.2639672756195 0.16123859649122807
300 887.2673254013062 0.1610028535669587
300 889.2711629867554 0.16819432145090682
300 891.2750878334045 0.1629533458411507
300 893.2790024280548 0.16136025015634772
300 895.2829549312592 0.16451294117647058
300 897.2867255210876 0.16051852776044914
300 899.2905988693237 0.16101143214509067
300 901.2951362133026 0.18894525529265255
300 903.299310207367 0.16497040650406505
300 905.303174495697 0.16210321450906817
300 907.3070921897888 0.16429654398003743
300 909.3106772899628 0.16351670000000001
300 911.3145852088928 0.16260347282948157
300 913.3176825046539 0.16598076202373516
300 915.3214604854584 0.163152
300 917.3249278068542 0.16319251403618215
300 919.3288712501526 0.1847331417863835
300 921.332676410675 0.1618834456928839
300 923.3361377716064 0.16339845193508115
300 925.3397960662842 0.16308552845528457
300 927.3434321880341 0.16297215759849906
300 929.347412109375 0.1623284
300 931.3508348464966 0.1601564
300 933.3550682067871 0.16309953721075673
300 935.3591313362122 0.1605582554517134
300 937.3628237247467 0.16680974391005624
300 939.3670966625214 0.1628972784019975
300 941.3706414699554 0.16365298311444654
300 943.3741948604584 0.1650454
300 945.3778786659241 0.16468707058088694
300 947.3814458847046 0.1627121
300 949.3852186203003 0.16206453865336656
300 951.3888323307037 0.1635518
300 953.3924942016602 0.16321329169269205
300 955.3957757949829 0.1607924
300 957.3994419574738 0.1591204
300 959.4032571315765 0.1369908
300 961.407163143158 0.13168659176029962
300 963.4111080169678 0.13934961946350594
300 965.4150755405426 0.15048149812734082
300 967.4187777042389 0.1523285946283573
300 969.4231684207916 0.13537174859987555
300 971.4272117614746 0.14383100562148657
300 973.4308590888977 0.14084627108057463
300 975.4344613552094 0.14081437305053024
300 977.438324213028 0.1622445028142589
300 979.4420051574707 0.1600005988771054
300 981.4454498291016 0.16448519350811486
300 983.4489645957947 0.16102901373283396
300 985.4525842666626 0.16030758448060076
300 987.4562194347382 0.14180939261114592
300 989.4600322246552 0.14454963055729492
300 991.4636254310608 0.13825615960099752
300 993.4676859378815 0.15230852152214597
300 995.4714562892914 0.15949313358302122
300 997.4753737449646 0.1651246970643348
300 999.4793567657471 0.16279038798498124
300 1001.4832785129547 0.1598358
300 1003.4883241653442 0.16230253908692932
300 1005.4921472072601 0.16262387984981225
300 1007.4958145618439 0.16269
300 1009.5000157356262 0.16705350844277675
300 1011.5034656524658 0.16515154086088585
300 1013.5073511600494 0.1628488194878201
300 1015.5114784240723 0.16224850531582238
