0 1.4771537780761719 32.222939325842695
2 3.4799368381500244 33.50119790262172
3 5.483789682388306 33.87519090568395
4 7.487863302230835 32.687860495049506
5 9.491672039031982 33.59090445414847
7 11.496960163116455 32.4348612468828
8 13.500356435775757 32.263739329192546
9 15.504384517669678 32.70825717852684
10 17.508124113082886 33.0596672
12 19.512115716934204 33.031398751560545
13 21.516186237335205 32.791744379288836
14 23.519750833511353 32.6823868411215
15 25.52370023727417 32.50099804755945
17 27.52752161026001 32.927425689440994
18 29.531764268875122 33.131148696194636
19 31.535300493240356 33.58053081417029
20 33.5393750667572 33.20011073110285
22 35.543092489242554 33.423023078848566
23 37.546432971954346 33.119143
24 39.550201416015625 32.18035425717853
25 41.55367922782898 33.18998062421972
27 43.558876514434814 33.16397857321652
28 45.56275200843811 32.586281713221595
29 47.566717863082886 33.28688488169365
30 49.57038068771362 32.195338753117205
32 51.57450890541077 33.14166274314215
33 53.57809019088745 32.69520617683686
34 55.58228373527527 32.82348194756554
35 57.585678577423096 33.3439908
36 59.589709997177124 33.57590166874221
38 61.593517541885376 33.64851056179775
39 63.59750247001648 33.9002151
40 65.60112309455872 33.62443917448405
41 67.60453057289124 33.06544546583851
43 69.60830497741699 33.396596907730675
44 71.61217403411865 34.26052139650873
45 73.6155138015747 33.33281897627965
46 75.61902523040771 33.151230704049844
48 77.62284922599792 34.25811514392991
49 79.62642455101013 33.41551352024922
50 81.63025879859924 33.04042557620818
51 83.63410544395447 32.91797330006238
53 85.6374900341034 32.6059246086412
54 87.64136123657227 32.63612277673546
55 89.64522743225098 32.6704766
56 91.64852714538574 33.895409130706696
58 93.65229654312134 32.69866640099626
59 95.65625381469727 33.17010831769856
60 97.65984678268433 33.480956211838006
61 99.6634407043457 33.59838495297806
63 101.66706466674805 32.87884627892433
64 103.67096757888794 33.264793611977545
65 105.6744315624237 33.33752335209506
66 107.67857718467712 32.694339047619046
67 109.68341708183289 32.497462786069654
69 111.68684387207031 33.46325716427233
70 113.6910457611084 32.62422563591023
71 115.6952075958252 32.6130936329588
73 117.69880938529968 32.93600708229427
74 119.7033281326294 32.63032538653366
75 121.7067813873291 32.467568279301744
76 123.71047616004944 33.03718394014963
78 125.71431517601013 32.852088722741435
79 127.71817111968994 32.77764544319601
80 129.72203946113586 32.76377669781931
81 131.72640013694763 33.46802437810945
83 133.72982716560364 32.289272004996874
84 135.73356008529663 33.2920023043206
85 137.73766255378723 32.98816349127182
86 139.74152660369873 32.37046639252337
88 141.74584817886353 33.102790268247034
89 143.7495138645172 33.325552559300874
90 145.75358295440674 33.00832839475328
91 147.75821089744568 32.60190242197253
92 149.76099920272827 33.933865600000004
94 151.7645742893219 33.15100974581525
95 153.76843976974487 33.2668892
96 155.77263832092285 34.0212495049505
97 157.7763261795044 32.94806868585732
99 159.7799515724182 33.696114528419734
100 161.78373456001282 33.42923357409713
101 163.78726744651794 32.743715688473515
102 165.7908375263214 33.18608379762648
104 167.7943263053894 32.777905155666254
105 169.7978241443634 33.25434689869484
106 171.80142974853516 33.95037198248906
107 173.80498671531677 33.473005443196
109 175.80980253219604 33.4983206463642
110 177.81358981132507 33.73582048780488
111 179.81768417358398 32.615848672897194
112 181.82112216949463 35.041162633540374
113 183.82477951049805 33.50073349097698
115 185.82817912101746 34.113296658354116
116 187.8319606781006 34.21964104347826
117 189.83629250526428 33.60199830845771
118 191.83915066719055 33.44809787181083
120 193.8429663181305 32.71050567534077
121 195.8466808795929 33.75975686372122
122 197.85022401809692 33.45122074441687
123 199.85439658164978 33.969622503097895
125 201.85785698890686 33.606421678060904
126 203.8613691329956 34.003073851897945
127 205.8649709224701 33.03865023602485
128 207.86872959136963 33.13933176470588
130 209.87346959114075 33.745082923173015
131 211.8770592212677 33.53636077451593
132 213.88095998764038 32.55984039925141
133 215.88480234146118 32.48176179327522
135 217.88897132873535 33.28265771144279
136 219.89280676841736 33.0111505
137 221.89663124084473 32.9136040948814
138 223.89992427825928 32.538529177057356
140 225.90496706962585 33.35493972534332
141 227.90842843055725 32.230920249066
142 229.91272926330566 32.29441063354037
143 231.9165334701538 32.98373870646766
145 233.92119812965393 32.277763198001246
146 235.92477083206177 33.04399704615385
147 237.92904138565063 34.29982488502175
148 239.93283224105835 32.75412863523573
149 241.93647933006287 32.97605260137242
151 243.9416172504425 33.741284764267995
152 245.94534754753113 33.468280771624144
153 247.94890522956848 32.22348426699938
154 249.9531066417694 32.37030222775358
156 251.95680689811707 32.35560099750624
157 253.9610137939453 33.307003377110696
158 255.9648470878601 32.91831251870324
159 257.9693672657013 32.68431400749064
161 259.9730632305145 32.4551003
162 261.9765133857727 33.316600771624145
163 263.9803454875946 32.758142183406115
164 265.98413705825806 33.12124266999376
166 267.98783564567566 32.77123945068664
167 269.992036819458 32.73332186915888
168 271.99577164649963 33.33311003115264
169 273.99959897994995 32.43582187734668
171 276.0042016506195 32.87107464841319
172 278.00848507881165 33.08110755444928
173 280.01201820373535 33.659774888337466
174 282.01577162742615 33.078399004975125
176 284.019291639328 33.28177832290363
177 286.0238528251648 32.77514776529338
178 288.02724838256836 32.67506450809465
179 290.031231880188 32.16639522090852
181 292.0348205566406 32.791228945726765
182 294.03859210014343 32.61773886604362
183 296.04263257980347 33.50948885572139
184 298.0459921360016 33.104163306199126
186 300.050217628479 33.06664454715803
187 302.05417227745056 33.13750891385768
188 304.0583186149597 32.251966741573035
189 306.0624017715454 32.895851892567144
191 308.0672917366028 32.83288980709396
192 310.0714044570923 31.93582060907396
193 312.0755286216736 33.357908485607005
194 314.0794174671173 32.25801951582868
196 316.0833077430725 33.10817516209476
197 318.08744764328003 32.177927490636705
198 320.0913083553314 33.20241081215127
199 322.095223903656 32.73208558603491
201 324.09988737106323 33.203166321049345
202 326.1029751300812 32.73157206745784
203 328.10713934898376 33.13304
204 330.11058616638184 32.34736449438203
206 332.1144869327545 32.53136546244569
207 334.11874175071716 33.02460995024876
208 336.12260246276855 32.6082372551466
209 338.12696528434753 33.18202919053549
211 340.1317174434662 32.84310236612703
212 342.1355128288269 33.084163597751406
213 344.139564037323 32.23721043044292
214 346.14348006248474 33.46665482587065
216 348.1474726200104 33.542629043151976
217 350.15127635002136 32.62918234413965
218 352.1550340652466 32.581163771712156
219 354.15895414352417 32.798773997509336
221 356.162784576416 32.76119319677219
222 358.1670594215393 33.268377611940295
223 360.1712908744812 32.469154363749226
224 362.17481112480164 32.380203690773065
226 364.1788418292999 33.2741007
227 366.18326449394226 32.70203119151591
228 368.1874053478241 33.04123833436917
229 370.19096422195435 32.98366850718301
231 372.1950771808624 32.58485711442786
232 374.1996097564697 32.947849494066205
233 376.2036306858063 32.753733997509336
234 378.20803356170654 32.21659122194514
236 380.21196699142456 33.026113337492205
237 382.2160279750824 32.83511417548227
238 384.2205755710602 33.138437412935325
239 386.224068403244 32.60914958151155
241 388.2282829284668 33.39960404747033
242 390.23197865486145 33.24243912663755
243 392.2357397079468 32.86288947630923
244 394.2395703792572 33.076183880597014
246 396.24304485321045 32.16207263223398
247 398.2473702430725 33.11305721393035
248 400.2510392665863 32.95615461682243
249 402.25489568710327 32.66788184308842
251 404.25884652137756 32.63982991890206
252 406.26266050338745 32.6481462
253 408.2666747570038 33.18832789013732
254 410.2707185745239 32.40592439450687
256 412.27446699142456 32.24342288209607
257 414.27833437919617 32.99725688667497
258 416.28195691108704 33.10518298190892
259 418.2858850955963 32.318881197007485
261 420.28952264785767 32.66398972568579
262 422.29330468177795 32.55529731343284
263 424.2972149848938 32.507943283582094
264 426.30087900161743 32.89448837905237
266 428.30489897727966 32.37844019950125
267 430.30847001075745 33.430702721598
268 432.31232357025146 32.37260927284027
269 434.31634402275085 32.83784439450687
271 436.32123136520386 33.53915645443196
272 438.3250970840454 32.580233723536736
273 440.3291964530945 32.820687610729884
274 442.33264422416687 32.770073316708235
276 444.33680987358093 32.78164656716418
277 446.3403618335724 32.62923063829788
278 448.3437337875366 33.37098613466335
279 450.34783005714417 32.78777456359102
281 452.3514094352722 32.71201833125778
282 454.3556110858917 33.19460256697819
283 456.359251499176 31.82148723430702
285 458.3634088039398 32.24002601869159
286 460.3668301105499 33.676704519350814
287 462.3709545135498 33.13940986883198
288 464.3750112056732 32.63089308364545
290 466.37913489341736 32.381548126944615
291 468.3827495574951 32.56122996254682
292 470.3881723880768 32.342602713130056
293 472.39183831214905 32.71429559153176
295 474.39558696746826 32.551183420724094
296 476.39969778060913 32.62550689096573
297 478.40361070632935 32.648044378109454
298 480.40733218193054 32.84351629768605
300 482.41092801094055 30.50143004355943
300 484.4152479171753 0.14382301061836353
300 486.4186406135559 0.1442545
300 488.42282724380493 0.1506715
300 490.42612981796265 0.1345413
300 492.4296975135803 0.13677260000000002
300 494.4331638813019 0.13265731081926205
300 496.43688583374023 0.1307904
300 498.440322637558 0.13386559799624295
300 500.44360399246216 0.13559400749063671
300 502.44736886024475 0.1555797373358349
300 504.4521915912628 0.1462543
300 506.45570254325867 0.15390569999999998
300 508.4590036869049 0.1359781
300 510.4626064300537 0.1374940662086196
300 512.4661211967468 0.14438971285892632
300 514.4701375961304 0.1563988492808005
300 516.4737920761108 0.1359821
300 518.4776272773743 0.15899937460913072
300 520.4808177947998 0.13279182554517133
300 522.484516620636 0.14496
300 524.4877808094025 0.13558665833853842
300 526.4916677474976 0.1507957
300 528.4951529502869 0.1420048530331457
300 530.4985747337341 0.1411648560700876
300 532.50177526474 0.1391771
300 534.5054214000702 0.13785852315394242
300 536.5100038051605 0.1523907116104869
300 538.5138981342316 0.15362228607120548
300 540.5176410675049 0.1539085928705441
300 542.5212218761444 0.15475686912961803
300 544.5253238677979 0.15318173858661663
300 546.5288798809052 0.15395553337492202
300 548.5325570106506 0.15467847404627894
300 550.5362071990967 0.1538696314803248
300 552.5405769348145 0.15235171982489057
300 554.5443074703217 0.14833259212991878
300 556.5478367805481 0.147522598376015
300 558.5512573719025 0.1472934831460674
300 560.5549426078796 0.1600585268414482
300 562.5585887432098 0.16158989368355223
300 564.5621531009674 0.15234773466833543
300 566.5656387805939 0.15157173233270796
300 568.570693731308 0.14860919626168223
300 570.5741758346558 0.1498940675844806
300 572.5777695178986 0.14462282147315855
300 574.5821268558502 0.16184249687890137
300 576.5857894420624 0.16210322903629537
300 578.5901544094086 0.1612708057464085
300 580.5939738750458 0.1567996007485964
300 582.5983028411865 0.1462907365792759
300 584.6017818450928 0.1363567229518449
300 586.6052341461182 0.13915013116802
300 588.6092519760132 0.1383296560350219
300 590.6125128269196 0.13861146783260464
300 592.6165454387665 0.16264144909431605
300 594.6204929351807 0.15883073079325422
300 596.6238188743591 0.15949812734082397
300 598.6277585029602 0.15948417910447762
300 600.6317236423492 0.16010357053682897
300 602.6363377571106 0.15839990024937656
300 604.6397244930267 0.15949757009345794
300 606.6436281204224 0.13564179551122196
300 608.6475269794464 0.16066767890479153
300 610.6511468887329 0.16513965087281796
300 612.6546742916107 0.1316257339163023
300 614.658020734787 0.1611773717146433
300 616.6619100570679 0.15920851596743893
300 618.6654703617096 0.16062357947434291
300 620.6691162586212 0.1597636
300 622.6727640628815 0.11008780976220274
300 624.6766211986542 0.1620871044402752
300 626.6805508136749 0.1631507692307692
300 628.6841292381287 0.1620759
300 630.6877722740173 0.1639556722951845
300 632.6926233768463 0.16037047915370253
300 634.696286201477 0.1631369
300 636.7000644207001 0.1610850436953808
300 638.7039921283722 0.16261229805886035
300 640.7078194618225 0.1342458
300 642.7116031646729 0.13320174890693318
300 644.7155046463013 0.14226733416770962
300 646.7199578285217 0.14307774718397998
300 648.7234027385712 0.40606017521902377
300 650.7267439365387 0.160194521575985
300 652.7305099964142 0.18253997496871088
300 654.7344446182251 0.15958173858661662
300 656.7380042076111 0.16012315394242801
300 658.7411637306213 0.1608711444652908
300 660.7456848621368 0.1612659912445278
300 662.7491474151611 0.15972712945590994
300 664.7531471252441 0.1613124
300 666.7578458786011 0.15888679151061172
300 668.7619366645813 0.16261386733416772
300 670.7657516002655 0.15945172932330828
300 672.770022392273 0.13304935584740463
300 674.7736284732819 0.13506204132748906
300 676.7776682376862 0.15063839799749687
300 678.7815525531769 0.13903069999999998
300 680.7855632305145 0.17956672920575362
300 682.7895593643188 0.13853541536539662
300 684.7932391166687 0.15564182386008746
300 686.7974326610565 0.15842191369606004
300 688.8012375831604 0.13399830000000001
300 690.8052096366882 0.14427464330413015
300 692.8089747428894 0.1425430576441103
300 694.8130593299866 0.16170343535290443
300 696.816504240036 0.15927565814098565
300 698.8208558559418 0.18167531172069826
300 700.8243916034698 0.16284070175438597
300 702.8281922340393 0.16145980000000001
300 704.831789970398 0.16003138038725798
300 706.8352115154266 0.16632663755458515
300 708.8389751911163 0.16225409119300435
300 710.8425612449646 0.16499332082551596
300 712.8461899757385 0.16341746408494692
300 714.8495192527771 0.1653443804755945
300 716.8532161712646 0.1766305236907731
300 718.8566558361053 0.16096630393996247
300 720.860289812088 0.16025155722326456
300 722.8638741970062 0.16176149906308557
300 724.8677644729614 0.15945054341036852
300 726.8715212345123 0.12369569019362897
300 728.8756432533264 0.1811147967479675
300 730.8794274330139 0.15408489693941285
300 732.8840281963348 0.1659922036002483
300 734.8877236843109 0.1350384
300 736.8916034698486 0.16179453524641296
300 738.895557641983 0.16198563591022444
300 740.8991630077362 0.163971118051218
300 742.9026670455933 0.13408140000000002
300 744.9061498641968 0.161552
300 746.9093062877655 0.1625809
300 748.913094997406 0.158385
300 750.9164726734161 0.1593320349563046
300 752.9200358390808 0.16089752190237797
300 754.9239122867584 0.1616608760951189
300 756.9273436069489 0.16058726704190118
300 758.9312481880188 0.16752669581511556
300 760.9350640773773 0.16147136079900126
300 762.9389445781708 0.17948662086196127
300 764.9427542686462 0.18083374217772216
300 766.947630405426 0.18110771535580525
300 768.9511971473694 0.16287960074859636
300 770.9552173614502 0.16278302122347066
300 772.9587457180023 0.16249224234853216
300 774.9624598026276 0.1631309
300 776.966376543045 0.1333211
300 778.9701416492462 0.1661679098873592
300 780.9733984470367 0.162693
300 782.9769909381866 0.16353358302122348
300 784.9803881645203 0.16282342928660826
300 786.9843013286591 0.1551158
300 788.9883770942688 0.13706803504380474
300 790.9922254085541 0.14239630461922598
300 792.9961130619049 0.1399731664580726
300 794.9996418952942 0.1362404
300 797.0035624504089 0.1332218
300 799.007173538208 0.1337405364940736
300 801.011786699295 0.15583068836045058
300 803.0153465270996 0.14550464040025016
300 805.0193083286285 0.13864045028142588
300 807.0232970714569 0.1527036805988771
300 809.0266923904419 0.13911356207111666
300 811.0308568477631 0.13846657517155334
300 813.0346493721008 0.15053041848844473
300 815.038824558258 0.1577717146433041
300 817.0427634716034 0.15777239225484074
300 819.0469286441803 0.15541759201497193
300 821.0507736206055 0.15438465753424657
300 823.0544111728668 0.1437736
300 825.0581977367401 0.14192530663329161
300 827.0620789527893 0.14654919324577861
300 829.0660610198975 0.15818136335209507
300 831.0699329376221 0.16827571072319203
300 833.0747761726379 0.14015950093574547
300 835.0787923336029 0.15188451653150342
300 837.0826234817505 0.1384186
300 839.0868549346924 0.1606344139650873
300 841.0904448032379 0.14565703564727955
300 843.0943386554718 0.15084495619524405
300 845.0980143547058 0.13926929999999998
300 847.1023454666138 0.15223155527795126
300 849.1058757305145 0.1428624329382408
300 851.1091091632843 0.14461738586616635
300 853.1127989292145 0.1425712140175219
300 855.1159977912903 0.13773041848844472
300 857.1201295852661 0.1439562273579013
300 859.123776435852 0.1627782728410513
300 861.1276726722717 0.1678087
300 863.1312494277954 0.13622457891453527
300 865.1354637145996 0.16171033104309807
300 867.1393058300018 0.1606973566084788
300 869.1434488296509 0.17029950248756218
300 871.1469945907593 0.16247321695760597
300 873.1507587432861 0.16481003726708074
300 875.1548366546631 0.1607392039800995
300 877.1589550971985 0.11381246882793017
300 879.1631479263306 0.14774924327704816
