1 1.8086767196655273 9.651298423028786
3 3.8123419284820557 9.9879431
5 5.815890550613403 9.420494346201744
6 7.819945812225342 7.94859166042447
8 9.823816537857056 11.373312079453756
10 11.82827639579773 9.769871113876789
12 13.832636594772339 10.091979390168015
13 15.836416482925415 9.792011350342253
15 17.840663194656372 9.687441793275218
17 19.844590663909912 9.36190723987539
19 21.848518133163452 9.6655978
21 23.852572917938232 8.620105866166353
22 25.85657525062561 10.080673710379118
24 27.86035919189453 9.616192459425719
26 29.864187240600586 9.253175028037383
28 31.868167638778687 9.77075970074813
29 33.87211203575134 9.823975530586766
31 35.8761990070343 9.470638953271028
33 37.87975239753723 9.519420895522387
35 39.88336944580078 9.569076815920399
37 41.887171268463135 8.482829253731342
38 43.89181900024414 9.585523335407592
40 45.89600944519043 9.39385205753596
42 47.89997911453247 9.67779634100809
44 49.90402960777283 9.763752219451371
46 51.9078209400177 9.57931023110556
47 53.91219735145569 9.187431910112359
49 55.9158775806427 9.823249631019387
51 57.92001438140869 9.595819725343322
53 59.923659801483154 9.997837409713574
54 61.9281280040741 9.851588214731585
56 63.932047843933105 9.384763922548407
58 65.93588948249817 8.852000598877105
60 67.93964457511902 9.34903290886392
62 69.94370675086975 9.643373657320872
63 71.94736623764038 9.547424219725343
65 73.95131492614746 9.81248439176544
67 75.95530652999878 9.423348044831881
69 77.9604549407959 9.293333532710282
70 79.9642379283905 9.857458442367601
72 81.96797800064087 9.01015375390381
74 83.97168207168579 10.249279999999999
76 85.97617745399475 9.94816904909882
78 87.97997617721558 9.346551332503113
79 89.98381090164185 9.479517695679398
81 91.98761415481567 9.3685690886392
83 93.99175643920898 9.801984040025015
85 95.9961302280426 9.203933923892702
86 97.99906134605408 9.900677429819089
88 100.0031464099884 9.3986322
90 102.00716161727905 9.402511260923845
92 104.01112699508667 9.394895580524345
94 106.01527285575867 9.985177006887914
95 108.01911973953247 9.734693516552156
97 110.02384972572327 8.829942144638405
99 112.02803945541382 9.520772182614134
101 114.03194785118103 9.553014831460674
103 116.03615880012512 9.382169975062345
104 118.04003715515137 9.59870463840399
106 120.04366159439087 9.80032
108 122.04771757125854 9.631141220423412
110 124.05138421058655 9.712927481296758
111 126.05524826049805 9.788622255451713
113 128.05892872810364 9.449434806491885
115 130.06288957595825 9.320518875702685
117 132.0665762424469 9.699999800124921
119 134.07057547569275 9.69238435977514
120 136.07444405555725 9.450553117206981
122 138.07831144332886 9.31929998753894
124 140.08197402954102 9.666344968789014
126 142.08667373657227 9.446791055590257
128 144.09119129180908 9.408855031210987
129 146.0948359966278 9.75142702299565
131 148.0990207195282 9.579313320918684
133 150.10237431526184 9.403609376558604
135 152.10705590248108 8.823422921348314
136 154.11025500297546 9.604027930174563
138 156.1140375137329 9.864756861768369
140 158.11774849891663 9.405526837180286
142 160.12152075767517 9.8063696
144 162.12545943260193 10.034402400000001
145 164.12902927398682 9.5579414
147 166.1338722705841 9.306770037453184
149 168.1371557712555 9.35114709918902
151 170.14103984832764 9.355788457711443
153 172.1449089050293 9.527691925465838
154 174.14912724494934 9.571143020509632
156 176.15410661697388 9.457745146417446
158 178.1577501296997 9.499842887367766
160 180.16158819198608 9.7610214
162 182.16605281829834 9.300866558401
163 184.16967391967773 9.862374431960049
165 186.1735336780548 9.421216199376946
167 188.1775381565094 9.417892950717405
169 190.18152618408203 9.679453524641298
170 192.1851143836975 9.93219982532751
172 194.18893837928772 9.408887735495945
174 196.19242525100708 8.7724268
176 198.19628500938416 9.7062267
178 200.1999499797821 9.385352174454828
179 202.2041118144989 9.407209681846536
181 204.20771861076355 9.463827546699875
183 206.2116367816925 9.769834580484774
185 208.2165400981903 9.3768452022402
187 210.22058773040771 9.468797805486284
188 212.22466230392456 9.312955613707166
190 214.228280544281 9.566029086389062
192 216.2321903705597 9.624928518057285
194 218.235915184021 9.406156504369537
195 220.24009323120117 9.56919166562695
197 222.2438621520996 9.82059632729544
199 224.24784302711487 9.394811870324189
201 226.25167751312256 8.430576616915422
203 228.25567436218262 9.473824915992534
204 230.2595636844635 10.2614231
206 232.2634060382843 9.93467753271028
208 234.26737570762634 7.467817999999999
210 236.27097296714783 10.29283820448878
211 238.27480840682983 9.746930006238303
213 240.2783100605011 9.289700212102309
215 242.28225708007812 12.168498066126014
217 244.28601956367493 9.969394057428214
218 246.28985023498535 9.637011303805366
220 248.29352498054504 10.331591122194514
222 250.297425031662 9.8863778
224 252.3011827468872 9.520787707682699
226 254.30496740341187 10.503039900124843
227 256.30868649482727 9.0430112
229 258.3129389286041 9.718912858926341
231 260.3164942264557 9.552144119850187
233 262.320139169693 9.397218876404494
235 264.32376623153687 8.82962077403246
236 266.3276526927948 9.422150555902562
238 268.3313763141632 10.549108756218907
240 270.33536744117737 9.814235103060586
242 272.3397397994995 9.64852267332917
243 274.3436703681946 9.657102510930669
245 276.3475487232208 9.42728353894081
247 278.3512976169586 9.534539515226848
249 280.3556139469147 9.741137199999999
250 282.35913348197937 9.201829656464708
252 284.3630745410919 10.093026034912718
254 286.36720037460327 9.805174629283488
256 288.3710994720459 10.001484760124612
258 290.37536883354187 10.225481847690387
259 292.3790588378906 9.877134962593516
261 294.3824784755707 10.0257608
263 296.38671040534973 9.328825584009994
265 298.39068603515625 10.2801923
266 300.3947260379791 10.100901790857858
268 302.3986072540283 9.436061761399126
270 304.40330028533936 9.968467630922694
272 306.40746808052063 10.411477126795752
274 308.4109683036804 10.033797153558051
275 310.41480350494385 12.972936658354115
277 312.41845059394836 10.256289595015575
279 314.4221079349518 10.077305967540575
281 316.4260697364807 9.98035481296758
282 318.42955899238586 10.03077323364486
284 320.4336597919464 9.992418676654182
286 322.43727564811707 10.289589480275517
288 324.4413638114929 10.521130287141075
289 326.4451313018799 8.679552740926159
291 328.4486746788025 10.21221343320849
293 330.45240354537964 9.163536831559172
295 332.45630264282227 9.237102144638405
296 334.46001076698303 10.169427515605493
298 336.46401166915894 9.545276099999999
300 338.46892285346985 3.4880139173967457
300 340.47301054000854 0.16181433395872422
300 342.47711539268494 0.1580711111111111
300 344.4811224937439 0.15048653774173426
300 346.48506355285645 0.147071239048811
300 348.48903226852417 0.14730260761072989
300 350.4929196834564 0.1651716354556804
300 352.49757981300354 0.16617525953721077
300 354.50142908096313 0.16334563591022444
300 356.50503730773926 0.1604496379525593
300 358.5084376335144 0.15967242367601248
300 360.5116641521454 0.16213263420724094
300 362.5156133174896 0.16247325421611494
300 364.519419670105 0.1627306066291432
300 366.52294301986694 0.16008690863579475
300 368.5268681049347 0.16363397123202
300 370.5300786495209 0.1638063789868668
300 372.5350682735443 0.1639093
300 374.53884983062744 0.16143649781113198
300 376.5431728363037 0.16042876404494383
300 378.5472273826599 0.1647226516572858
300 380.5508291721344 0.16232214865708933
300 382.554811000824 0.162926286787727
300 384.5583713054657 0.16031161572052402
300 386.5623369216919 0.1610971571072319
300 388.56573128700256 0.16079171553337493
300 390.5693929195404 0.16573079999999998
300 392.5732238292694 0.1641408
300 394.5769109725952 0.1615027392120075
300 396.5809361934662 0.16111559724828017
300 398.584575176239 0.16194364089775562
300 400.5884156227112 0.16646861423220974
300 402.59228134155273 0.1627674593241552
300 404.59612941741943 0.16341492537313435
300 406.6008961200714 7.400605152457997
300 408.60468912124634 0.161033454091193
300 410.6086995601654 0.14984145090681675
300 412.6121244430542 0.1579381
300 414.6159453392029 0.14824034978138662
300 416.61977100372314 0.1435251
300 418.62370347976685 0.13673835411471322
300 420.62755703926086 0.157705601996257
300 422.6314697265625 0.16239041796631315
