0 1.3712022304534912 32.29090465377417 0.4
1 3.3748557567596436 0.14194758276077452 0.4
2 5.378648996353149 33.2049256 0.4
3 7.38382625579834 32.10811711645102 0.4
4 9.386460065841675 31.630386849315066 0.4
5 11.390745878219604 32.22471799388379 0.4
6 13.394091844558716 30.895164300807952 0.4
8 15.398318529129028 28.086196554307115 0.5
8 17.402143955230713 5.9404514178638355 0.5
9 19.40623188018799 33.65033376558603 0.5
10 21.410752058029175 30.02347850764526 0.5
11 23.41417932510376 31.65349742839732 0.5
12 25.417816877365112 32.914273345521025 0.5
14 27.422122478485107 31.766332300242127 0.5
15 29.425870180130005 31.76172635193133 0.5
16 31.43081831932068 32.37342473846154 0.5
17 33.43342876434326 31.99835987707437 0.5
18 35.43758535385132 32.003762555282556 0.5
20 37.441612243652344 31.59287030599755 0.5
21 39.444780111312866 31.851850562347188 0.5
22 41.4496009349823 31.211573658536583 0.5
23 43.45336651802063 31.947391411042947 0.5
24 45.45719265937805 28.80800870948012 0.5
25 47.461206912994385 29.72817982651797 0.5
26 49.464617013931274 27.58607621655258 0.5
27 51.4676992893219 28.63103870887647 0.5
28 53.47084903717041 29.22635331670823 0.5
29 55.47599458694458 27.226010230817216 0.5
31 57.479249238967896 27.626034299937775 0.5
32 59.482749938964844 27.207011588785047 0.5
33 61.48782134056091 27.881996072094466 0.5
34 63.491979360580444 30.805165812807882 0.5
35 65.4942729473114 31.489652577065353 0.5
36 67.49806332588196 31.46880834355828 0.5
37 69.50185132026672 27.174175403726707 0.5
38 71.50735402107239 27.32299628307692 0.5
39 73.5099720954895 27.867149646182494 0.5
40 75.51440572738647 24.270950012360938 0.5
41 77.51634550094604 25.800931787916152 0.5
42 79.52230668067932 27.37404609073959 0.5
43 81.52416229248047 27.17409802252816 0.5
44 83.52761650085449 25.84537015634772 0.5
45 85.53066086769104 25.2608866 0.5
46 87.53488826751709 25.679696541353387 0.5
47 89.5390112400055 26.452632319201996 0.5
48 91.54343032836914 25.19400567164179 0.5
49 93.54635214805603 26.52137649844237 0.5
50 95.5494339466095 24.5748816 0.5
51 97.55368137359619 26.99798326046221 0.5
52 99.55615258216858 25.474948129675813 0.5
53 101.55954718589783 25.80921031775701 0.5
54 103.56506681442261 25.920340538509706 0.5
55 105.56634187698364 25.548240647168637 0.5
56 107.57022261619568 24.714278384089496 0.5
57 109.57337880134583 30.330300049140046 0.5
58 111.57900047302246 29.739282731707316 0.5
59 113.58218765258789 31.110835484268968 0.5
60 115.58685398101807 29.395703960880194 0.5
61 117.59076261520386 29.079127245841036 0.5
63 119.59270191192627 29.581408831168833 0.5
64 121.59583330154419 29.811841180086045 0.5
65 123.60082721710205 29.45613369193154 0.5
66 125.6034369468689 31.322740197044336 0.5
67 127.60815691947937 31.141480346964062 0.5
68 129.61323595046997 30.288104763076923 0.5
69 131.61788630485535 29.70606785801714 0.5
70 133.61861729621887 29.560782581039756 0.5
71 135.62455201148987 29.92762003710575 0.5
73 137.6260049343109 28.838359926695173 0.5
74 139.6299192905426 30.350557821782175 0.5
75 141.6345398426056 29.918216580565804 0.5
76 143.64243984222412 30.85875810926949 0.5
77 145.64427161216736 30.21852107579462 0.5
78 147.64943265914917 29.315310859232174 0.5
79 149.65177249908447 31.093416508328193 0.5
81 151.65729594230652 29.304316564417178 0.5
82 153.65826654434204 29.9277981253804 0.5
83 155.66308546066284 29.742269242053787 0.5
84 157.66721177101135 29.252683424408016 0.5
85 159.669331073761 30.10539928527418 0.5
86 161.67395114898682 31.071624258694325 0.5
87 163.67826294898987 30.167255863746963 0.5
88 165.6816782951355 29.01663106748466 0.5
89 167.68475794792175 29.606252383292382 0.5
91 169.6895580291748 30.115972309567336 0.5
92 171.69482254981995 22.561384288332313 0.5
93 173.6961965560913 19.88186144638404 0.6
93 175.6999671459198 14.0197026 0.6
94 177.7072024345398 27.085916107298814 0.6
95 179.70898962020874 31.91622546353523 0.6
96 181.7115354537964 30.55085057810578 0.6
97 183.71563053131104 30.627192713846153 0.6
98 185.71858167648315 29.75274866995074 0.6
100 187.72361135482788 30.84758081757169 0.6
101 189.7309033870697 28.41162801479655 0.6
102 191.7308313846588 27.569159256505575 0.6
103 193.73471570014954 29.592302860620816 0.6
104 195.74313497543335 30.125966121696372 0.6
105 197.7448365688324 28.853170313846157 0.6
106 199.74629712104797 30.82274247689464 0.6
107 201.74897003173828 28.614876644046884 0.6
109 203.75325918197632 29.25026469931804 0.6
110 205.7573003768921 30.912477635467976 0.6
111 207.75990104675293 29.714576302623552 0.6
112 209.7657949924469 29.673689466584918 0.6
113 211.76750206947327 29.78962475840979 0.6
114 213.76965188980103 30.598933629081948 0.6
115 215.77436637878418 30.390121159777916 0.6
116 217.7777853012085 30.664102843137254 0.6
118 219.78360891342163 30.77213180529883 0.6
119 221.78428053855896 28.513950036809817 0.6
120 223.7883689403534 28.295080490196078 0.6
121 225.7923994064331 27.936129411764703 0.6
122 227.79637503623962 30.096484907975462 0.6
123 229.80407428741455 30.016312567237165 0.6
124 231.80382466316223 29.733432302070646 0.6
125 233.8067228794098 30.59229431372549 0.6
126 235.81114268302917 30.444074633846153 0.6
127 237.81354093551636 30.45500628992629 0.6
129 239.8189172744751 28.53977816849817 0.6
130 241.82261490821838 29.21316397546012 0.6
131 243.82591199874878 29.428329365853656 0.6
132 245.8304579257965 29.301416834355827 0.6
133 247.83364486694336 26.815821425061426 0.6
134 249.83997440338135 21.75160164691204 0.6
135 251.84072756767273 22.201303185509058 0.6
136 253.84290075302124 27.487579024390246 0.6
137 255.84844207763672 28.617690350665054 0.6
138 257.85441040992737 29.934703604938274 0.6
139 259.85658264160156 29.132290428396573 0.6
140 261.85794043540955 31.512612546125464 0.6
141 263.8663806915283 29.142039585112872 0.6
142 265.8684763908386 28.574377086174827 0.6
144 267.8701865673065 30.739663183773818 0.6
145 269.873428106308 29.60115071688943 0.6
146 271.87671852111816 31.134582450980393 0.6
147 273.88028049468994 28.918871470588236 0.6
148 275.88417172431946 30.03614698470948 0.6
149 277.88783955574036 28.605457418960246 0.6
150 279.8915128707886 28.98446276323798 0.6
151 281.89464807510376 28.97473635250918 0.6
152 283.89961314201355 27.614186699446837 0.6
153 285.90314769744873 30.722171977818853 0.6
155 287.90920186042786 29.70880195599022 0.6
156 289.9093098640442 29.234546027060272 0.6
157 291.91455912590027 28.39304414887126 0.6
158 293.91970658302307 30.311278089406002 0.6
159 295.921756029129 29.60359164324985 0.6
160 297.9247508049011 30.77104949235474 0.6
161 299.93012380599976 30.940994146341467 0.6
162 301.9332423210144 29.476627737584305 0.6
163 303.93640542030334 29.128652353304506 0.6
165 305.9470543861389 30.27696518337408 0.6
166 307.94409012794495 29.136077084620137 0.6
167 309.94653820991516 29.61300375152253 0.6
168 311.95026659965515 28.338193712538228 0.6
169 313.9562222957611 28.8964758974359 0.6
170 315.9629855155945 26.26475547309833 0.6
171 317.9642391204834 19.593239014778323 0.6
172 319.97148394584656 19.844511489883505 0.6
172 321.97802090644836 19.453219901477834 0.6
173 323.9741761684418 20.19750574938575 0.6
174 325.9885468482971 18.436572662576687 0.6
175 327.9876048564911 19.03539812345679 0.6
175 329.9918215274811 19.8762481773399 0.6
176 331.98970246315 18.13833135771854 0.6
177 333.9938862323761 19.76988332919255 0.6
177 335.9977819919586 16.655677918215613 0.6
178 338.00429463386536 20.46954899563319 0.6
179 340.00319814682007 18.472877278911565 0.6
179 342.00624084472656 19.30218706616729 0.6
180 344.0110340118408 18.771749086357946 0.6
181 346.01446628570557 19.66321529044347 0.6
182 348.01811957359314 16.808440399002496 0.6
182 350.0212116241455 17.467248060075093 0.6
183 352.02612709999084 18.50904293714997 0.6
184 354.02970361709595 19.19184089719626 0.6
184 356.03312969207764 18.741497636022515 0.6
185 358.0347728729248 17.93155538847118 0.6
186 360.0438001155853 18.712823640897756 0.6
186 362.04347133636475 17.04013578486554 0.6
187 364.0452780723572 16.90641614953271 0.6
188 366.0517213344574 18.507238348736905 0.6
188 368.0591812133789 17.524531562115623 0.6
189 370.0584936141968 28.006747787391838 0.6
191 372.0619239807129 30.784375403573627 0.6
192 374.0718848705292 28.729979999999998 0.6
193 376.07403898239136 29.266476171779143 0.6
194 378.07416915893555 30.74104181039755 0.6
195 380.0821180343628 29.868431725826195 0.6
196 382.08538818359375 29.181180477064224 0.6
197 384.0835723876953 30.349370357583233 0.6
198 386.08966064453125 29.4116978986403 0.6
199 388.0926625728607 29.45269652811736 0.6
200 390.09829568862915 29.826252375690608 0.6
202 392.0980086326599 29.392343219512195 0.6
203 394.10352659225464 29.847435259259257 0.6
204 396.10660791397095 31.06119346838551 0.6
205 398.113862991333 27.712705370030584 0.6
206 400.11626958847046 28.90485653398653 0.6
207 402.1184184551239 30.09648746928747 0.6
208 404.1209454536438 29.221860827250605 0.6
209 406.13253355026245 28.632479999999997 0.6
210 408.1302297115326 30.34678134153846 0.6
211 410.1328315734863 29.706258973105133 0.6
213 412.135968208313 31.43324300123001 0.6
214 414.14608001708984 29.475100407156074 0.6
215 416.14440393447876 30.056394653465347 0.6
216 418.1470067501068 31.875432049079755 0.6
217 420.15017461776733 21.92993476309227 0.6
218 422.1538579463959 17.86322947890819 0.6
218 424.16499495506287 18.15569548705302 0.6
219 426.16335558891296 17.401211442663378 0.6
220 428.1663246154785 17.429409242144178 0.6
220 430.17859745025635 18.734961823783117 0.6
221 432.1811292171478 19.570927862407864 0.6
222 434.1778028011322 29.91851818404908 0.6
223 436.18187260627747 29.256979621720564 0.6
224 438.18523240089417 29.229748782287825 0.6
226 440.19527864456177 29.239368410636985 0.6
227 442.191837310791 28.911267388922703 0.6
228 444.1976237297058 29.43295273173726 0.6
229 446.19957852363586 30.807152749691742 0.6
230 448.2026197910309 31.37779696857671 0.6
231 450.21101570129395 27.723281634674922 0.6
232 452.2146213054657 30.028319314565483 0.6
233 454.2211661338806 32.62705755734656 0.6
234 456.2224090099335 16.979812282676672 0.6
235 458.224853515625 29.505562795299937 0.6
236 460.2262177467346 29.865262673267328 0.6
237 462.2302360534668 29.310441820418205 0.6
238 464.2368984222412 29.95095415592388 0.6
240 466.23838925361633 29.7867404776485 0.6
241 468.24149894714355 29.638208548683405 0.6
242 470.2444894313812 27.75094074074074 0.6
243 472.24787855148315 30.36434642201835 0.6
244 474.26534128189087 20.010494683855125 0.6
244 476.25890016555786 17.250340535279808 0.6
245 478.2594749927521 17.139983607361962 0.6
246 480.26338934898376 29.257494311926607 0.6
247 482.26582741737366 30.649346267562617 0.6
248 484.2747094631195 29.015839110562077 0.6
249 486.2748465538025 31.513277241379313 0.6
250 488.27811670303345 29.257616490797545 0.6
252 490.2824447154999 29.69129330049261 0.6
253 492.2853672504425 30.75389440395306 0.6
253 494.30175709724426 17.648809558182947 0.6
254 496.29281091690063 28.011810425138634 0.6
255 498.29717659950256 29.222511321450522 0.6
256 500.3014576435089 29.227125450121655 0.6
257 502.3075351715088 29.847722529158993 0.6
259 504.30870032310486 29.31173644171779 0.6
260 506.3134722709656 29.3845881372549 0.6
261 508.3163640499115 31.967874523227387 0.6
262 510.319584608078 28.85199673671199 0.6
263 512.3270909786224 30.464444531537048 0.6
264 514.3277440071106 30.253975622317597 0.6
265 516.3330078125 29.01289694002448 0.6
266 518.3358941078186 29.850241775585694 0.6
267 520.3384795188904 29.21690591133005 0.6
269 522.3460125923157 27.88110677359655 0.6
270 524.3462820053101 29.051496230816454 0.6
271 526.3530223369598 29.44917881773399 0.6
272 528.3537890911102 29.534655608562694 0.6
273 530.3579213619232 30.47013094038107 0.6
274 532.3721013069153 30.99963762962963 0.6
275 534.3663763999939 28.051925875153 0.6
276 536.3701858520508 24.47810980392157 0.6
277 538.3754897117615 16.188751308703818 0.6
277 540.3776135444641 17.403049021065677 0.6
278 542.3846116065979 16.281413382443215 0.6
278 544.3875772953033 15.615826358099877 0.6
279 546.4003276824951 14.280107545787546 0.6
280 548.3952107429504 16.333448606356967 0.6
280 550.3971614837646 13.340756919285274 0.6
281 552.4141616821289 13.344566563849474 0.6
281 554.4149153232574 15.041041288723667 0.6
282 556.4159488677979 13.77978907758094 0.6
282 558.4145917892456 16.767539168218498 0.6
283 560.4275670051575 16.154256009882644 0.6
283 562.4491846561432 13.456502518518517 0.6
284 564.4249582290649 16.617360695652174 0.6
285 566.4318416118622 16.553348285356694 0.6
285 568.4358549118042 16.155096777429467 0.6
286 570.4485132694244 16.54681964131107 0.6
286 572.4426398277283 15.575619864448553 0.6
287 574.4455900192261 15.423698719211822 0.6
288 576.4479875564575 11.705352004965858 0.7
288 578.4519839286804 20.809039350405996 0.7
289 580.4556341171265 34.631891339563865 0.7
290 582.4617712497711 12.873845189718484 0.7
290 584.4632074832916 13.910365381277124 0.7
291 586.4685101509094 16.574519157372986 0.7
291 588.4708113670349 15.334886150030998 0.7
292 590.4751331806183 14.553685856079404 0.7
292 592.4790482521057 14.055928811449906 0.7
293 594.4830906391144 15.40138358265242 0.7
294 596.5036323070526 18.86548424691358 0.7
294 598.4911203384399 16.215403110838945 0.7
295 600.4941911697388 15.001081881490533 0.7
295 602.4978268146515 15.061676701538463 0.7
296 604.5014364719391 16.502599355638168 0.7
297 606.5073266029358 15.444099427148196 0.7
297 608.5100538730621 14.250779726708075 0.7
298 610.5139267444611 14.33787161169882 0.7
298 612.5173242092133 15.520253665835412 0.7
299 614.520604133606 15.548002587064676 0.7
299 616.5333323478699 16.11596338899196 0.7
300 618.5274314880371 0.16564204744069913 0.7
300 620.530508518219 0.16386693366708385 0.7
300 622.5344927310944 0.1645172534332085 0.7
300 624.5378379821777 0.16421143214509068 0.7
300 626.541421175003 0.169522 0.7
300 628.5455193519592 0.13842811757348342 0.7
300 630.5495283603668 0.1342779 0.7
300 632.5543100833893 0.138066 0.7
300 634.5584449768066 0.14146486891385768 0.7
300 636.5620582103729 0.1356392509363296 0.7
300 638.5658724308014 0.13345260787992497 0.7
300 640.5698800086975 0.1370672 0.7
300 642.5735137462616 0.1375034793491865 0.7
300 644.5774314403534 0.1521615970056145 0.7
300 646.5810225009918 0.14638082397003746 0.7
300 648.5847804546356 0.13612257018091078 0.7
300 650.5885803699493 0.1375671 0.7
300 652.5921173095703 0.14281562071116655 0.7
300 654.5957601070404 0.13927335415365397 0.7
300 656.5994279384613 0.1435659287054409 0.7
300 658.6032936573029 0.1132385 0.7
300 660.6070747375488 0.16366135338345864 0.7
300 662.6109440326691 0.10602766169154228 0.7
