1 1.6518473625183105 26.985654655920644 0.3
2 3.6565678119659424 26.35417070943862 0.3
3 5.660679817199707 26.426738461538463 0.3
5 7.664964914321899 27.511776198757765 0.3
6 9.669147253036499 29.04653998755445 0.4
7 11.672731637954712 6.109845099999999 0.4
7 13.676480293273926 29.71966537257358 0.4
8 15.680733919143677 34.396709659863944 0.4
9 17.683857440948486 33.64658344139651 0.4
10 19.687819719314575 32.40212456575682 0.4
12 21.691263675689697 33.49877130759651 0.4
13 23.69447422027588 32.24499815691158 0.4
14 25.69899082183838 30.809339950372213 0.4
15 27.702444791793823 30.527902945929146 0.4
16 29.705516576766968 30.93772890808143 0.4
17 31.709306001663208 30.875441977750306 0.4
18 33.71247673034668 28.11718158415842 0.4
19 35.71914792060852 27.8387642 0.4
20 37.72155284881592 26.86624179775281 0.4
22 39.72489833831787 26.652666400996267 0.4
23 41.72946858406067 27.610645333333334 0.4
24 43.733468770980835 25.02679338271605 0.4
25 45.737419843673706 23.963257698461536 0.4
27 47.74280858039856 24.027588403669725 0.4
28 49.745100021362305 24.476485707257073 0.4
30 51.74921774864197 23.956939520000002 0.4
31 53.75389838218689 17.118723355953115 0.4
33 55.75748944282532 15.504623421213978 0.4
34 57.76080536842346 16.664719364691507 0.4
36 59.76532793045044 14.311264217016028 0.4
37 61.769747495651245 12.525413546404426 0.4
39 63.77215552330017 12.253607439553626 0.4
41 65.77697443962097 13.213854199134198 0.4
42 67.78123044967651 10.54527321867322 0.4
44 69.78647470474243 10.101461195317315 0.4
46 71.7892279624939 9.978172130141191 0.4
48 73.7928819656372 10.061225643564356 0.4
49 75.79681181907654 8.536580582765033 0.4
51 77.80130052566528 10.580400739371534 0.4
53 79.80575394630432 10.105042731222843 0.4
54 81.80860114097595 10.98313949413942 0.4
56 83.81265187263489 11.293736333126166 0.4
58 85.81596493721008 11.180937549019609 0.4
60 87.82047724723816 11.153340248138958 0.4
61 89.82565712928772 14.646842940086474 0.4
63 91.82944202423096 14.276988153655514 0.4
64 93.83353090286255 14.045165249537892 0.4
66 95.83698725700378 16.92963005579665 0.4
67 97.84174156188965 18.309814742014744 0.4
69 99.84384107589722 18.69206280465401 0.4
70 101.84733319282532 18.790814818461538 0.4
72 103.85259795188904 19.672047733168625 0.4
73 105.85638165473938 20.2348166 0.4
74 107.86122250556946 20.088915065096096 0.4
76 109.86467337608337 20.90340987012987 0.4
77 111.86717176437378 19.375238235294116 0.4
78 113.87110424041748 21.66310202247191 0.4
79 115.87447500228882 20.669653764779092 0.4
81 117.87846183776855 21.147984 0.4
82 119.88207793235779 20.748277638284648 0.4
83 121.88620018959045 21.253031796146672 0.4
84 123.88902282714844 20.888510922693268 0.4
86 125.89266300201416 21.011346799007445 0.4
87 127.89648699760437 22.132206483790522 0.4
88 129.90122437477112 21.464615354037267 0.4
89 131.90409684181213 21.758319200998752 0.4
90 133.9064302444458 21.19965343320849 0.4
92 135.91096806526184 20.955336687422164 0.4
93 137.91478776931763 20.6949318 0.4
94 139.91911673545837 20.05346298563398 0.4
95 141.9235987663269 19.411532700000002 0.4
96 143.93175196647644 19.186147957526543 0.4
97 145.93076157569885 19.831510206121177 0.4
99 147.93468976020813 20.655106234413964 0.4
100 149.93830394744873 19.94461186483104 0.4
101 151.9441454410553 20.33569912390488 0.4
102 153.94727325439453 19.45123547826087 0.4
104 155.94923281669617 20.41088506203474 0.4
105 157.95310020446777 19.02190903426791 0.4
106 159.95792984962463 20.503257946484133 0.4
107 161.96519446372986 19.268034860335195 0.4
108 163.96523118019104 20.171277907845578 0.4
110 165.96870064735413 21.763528379052367 0.4
111 167.97114276885986 21.504011914893617 0.4
112 169.97671937942505 19.92073773891318 0.4
113 171.9788761138916 21.889063950310558 0.4
114 173.98243308067322 20.6236276 0.4
115 175.98682498931885 20.628658777022853 0.4
116 177.9896194934845 22.722759130974552 0.4
118 179.99535751342773 22.922904206642066 0.4
119 182.0004439353943 23.260563090128755 0.4
120 184.0001986026764 20.152342660098522 0.4
122 186.00550985336304 20.209899580764485 0.4
123 188.00761318206787 20.331249795412276 0.4
125 190.0135440826416 20.239565911330047 0.4
126 192.01698207855225 19.78285336621455 0.4
127 194.0223741531372 19.81683143032535 0.4
129 196.02476596832275 20.11296954489545 0.4
130 198.02994561195374 19.743636229205176 0.4
132 200.0320703983307 19.086983389199254 0.4
133 202.03932976722717 15.296738102913826 0.4
135 204.04209733009338 15.100009196538938 0.4
136 206.04244875907898 15.879817580246913 0.4
138 208.04712915420532 11.513540751694393 0.4
140 210.05185103416443 10.234305036674817 0.4
141 212.05914545059204 9.653682571255306 0.4
143 214.05956625938416 10.408719413919414 0.4
144 216.06243252754211 7.430224916820702 0.4
146 218.065856218338 7.111928073394496 0.4
148 220.07242155075073 7.245752043662826 0.4
149 222.07431745529175 6.741415850931677 0.4
151 224.07778549194336 3.4716007448789576 0.4
153 226.08197450637817 4.551294250614251 0.4
155 228.0873785018921 5.417319755799756 0.4
157 230.09143447875977 3.2185160707748626 0.4
158 232.09532499313354 2.261925 0.4
160 234.0981879234314 3.5122071999999998 0.4
162 236.1011724472046 4.1983724859813085 0.4
164 238.10591387748718 6.11893493133583 0.4
166 240.1100447177887 5.512905202744854 0.4
167 242.1144518852234 6.255986359676416 0.4
169 244.1173074245453 13.20647171729696 0.4
170 246.12090682983398 12.257637559153176 0.4
172 248.1254894733429 12.6685076481597 0.4
173 250.1307189464569 13.2502821 0.4
174 252.13234996795654 16.75308493425172 0.4
176 254.1372435092926 17.66188 0.4
177 256.14177536964417 16.77953647940075 0.4
178 258.143177986145 16.639669206745783 0.4
179 260.1468789577484 17.425867667292056 0.4
180 262.150349855423 19.77307405940594 0.4
181 264.1549141407013 19.859581530864197 0.4
182 266.1593761444092 19.851097891453527 0.4
184 268.1627662181854 25.06675895652174 0.4
185 270.1683735847473 25.16154600863664 0.4
186 272.1718780994415 26.086420295566505 0.4
187 274.1732165813446 26.420005629629628 0.4
189 276.1789391040802 25.83460262737876 0.4
190 278.1799647808075 25.883711921664627 0.4
191 280.1836359500885 26.02378023270055 0.4
192 282.1885235309601 23.686521820418204 0.4
194 284.1974766254425 23.363555751995086 0.4
195 286.2006049156189 23.161996120319213 0.4
196 288.20268750190735 22.812102821934687 0.4
198 290.2049996852875 22.27091775723968 0.4
199 292.20910263061523 22.243132315270937 0.4
200 294.21242237091064 22.76900273904997 0.4
201 296.2158212661743 22.78874604537094 0.4
203 298.21854400634766 22.248650171149144 0.4
204 300.2239158153534 22.258492228360957 0.4
205 302.2298150062561 24.632075825659914 0.4
207 304.229873418808 22.846291987692307 0.4
208 306.2344377040863 24.237359066912216 0.4
209 308.2388262748718 22.920250627306274 0.4
211 310.24239206314087 24.004446967113278 0.4
212 312.24704670906067 23.816488212739642 0.4
213 314.25306463241577 19.399314004914007 0.4
214 316.2567915916443 18.470047304347826 0.4
215 318.2617106437683 18.919547223587223 0.4
216 320.26214027404785 16.81294283973187 0.4
217 322.2685160636902 17.06315716923077 0.4
218 324.26967334747314 16.996425250154417 0.4
219 326.27593421936035 17.01143401360544 0.4
220 328.27862429618835 16.14765206662554 0.4
221 330.2813718318939 18.01295783117683 0.4
222 332.28426599502563 17.876407112201104 0.4
223 334.2884678840637 19.560295930949444 0.4
224 336.2931125164032 17.790463351749537 0.4
226 338.3016641139984 16.891657269372693 0.4
227 340.30475997924805 18.512304286596663 0.4
228 342.30455899238586 18.383432879066913 0.4
229 344.31510066986084 20.39272517560074 0.4
229 346.3134500980377 20.354009877750613 0.4
230 348.3323884010315 19.398425465761875 0.4
231 350.3222680091858 18.814605896805897 0.4
232 352.3272171020508 20.81195834260977 0.4
233 354.3298308849335 21.339333035935564 0.4
234 356.3353419303894 21.67673265255293 0.4
235 358.3347969055176 21.0722434307023 0.4
236 360.3390460014343 19.905167663782446 0.4
237 362.3448302745819 21.45092548628429 0.4
237 364.346488237381 20.305978932038833 0.4
238 366.3535008430481 20.117418895705523 0.4
239 368.35605001449585 19.898371782363977 0.4
240 370.3607883453369 18.8352156803995 0.4
241 372.3704311847687 18.895918501510575 0.4
242 374.3671979904175 17.204312469437653 0.4
243 376.37846875190735 18.63747235955056 0.4
244 378.3737528324127 19.4291448310388 0.4
245 380.3774755001068 19.87672813474735 0.4
246 382.3813681602478 18.18815331670823 0.4
247 384.3856956958771 18.087888630393998 0.4
248 386.3908603191376 16.919313212273014 0.4
249 388.39621019363403 18.0308709 0.4
250 390.39518189430237 17.09942458072591 0.4
251 392.3986451625824 17.618340388227928 0.4
252 394.40192437171936 17.055498507462687 0.4
253 396.40559363365173 16.324332599999998 0.4
254 398.4089300632477 17.1922846882793 0.4
255 400.4136230945587 17.041300225281603 0.4
256 402.41685223579407 14.996268367729831 0.4
257 404.41825699806213 16.795967158948685 0.4
258 406.42307209968567 15.428830757670633 0.4
259 408.4263184070587 15.1684227 0.4
260 410.4293670654297 14.603300462789242 0.4
261 412.43129301071167 14.285730599999999 0.4
262 414.4357464313507 14.694111739674593 0.4
263 416.4405369758606 14.095884037617553 0.4
265 418.4430949687958 11.7754418 0.4
266 420.4456777572632 12.2039272 0.4
267 422.44941568374634 10.5131461 0.4
269 424.45264983177185 10.939070461922597 0.4
270 426.45752024650574 9.50942018761726 0.4
272 428.4588932991028 7.986788428927681 0.4
273 430.4623203277588 8.927311960049938 0.4
274 432.46528244018555 8.757114912718205 0.4
276 434.4710910320282 9.301376079900125 0.4
278 436.4721357822418 6.673326958698373 0.4
279 438.48105812072754 5.310896029869322 0.4
281 440.4821364879608 5.458041919003116 0.4
283 442.4837050437927 3.2956264672897193 0.4
284 444.4860186576843 4.554081699999999 0.4
286 446.48810625076294 4.3369296 0.4
288 448.49430680274963 4.538151389236546 0.4
290 450.49523282051086 5.4019273 0.4
291 452.5001595020294 7.373380283775448 0.4
293 454.5041859149933 5.7418807823960885 0.4
295 456.5092816352844 11.542329900990099 0.4
297 458.52078008651733 12.58437257142857 0.4
298 460.5180757045746 13.506519801488833 0.4
300 462.5171797275543 9.80638306930693 0.4
300 464.5213634967804 0.13475136278780336 0.4
300 466.52485728263855 0.132764 0.4
300 468.52867889404297 0.14164469999999998 0.4
300 470.53280568122864 0.1351197498436523 0.4
300 472.5361919403076 0.1422608 0.4
300 474.54048252105713 0.13910541822721598 0.4
300 476.54422545433044 0.15450506866416977 0.4
300 478.54778933525085 0.14767770287141074 0.4
300 480.551305770874 0.13947648159700562 0.4
300 482.5550980567932 0.1408484 0.4
300 484.55969285964966 0.13822533665835413 0.4
300 486.5636441707611 0.1349894946974423 0.4
300 488.56734919548035 0.13628664169787766 0.4
300 490.5712842941284 0.156445921299188 0.4
300 492.5749912261963 0.15757188242651657 0.4
300 494.57928133010864 0.15869463171036205 0.4
300 496.5831754207611 0.1592536 0.4
300 498.58704662323 0.15900930000000002 0.4
300 500.59062027931213 0.15848854465958775 0.4
300 502.5943012237549 0.15659900249376557 0.4
300 504.59757709503174 0.15731872738615096 0.4
300 506.6049962043762 0.15788114570361145 0.4
300 508.6086585521698 0.15823141073657926 0.4
300 510.6123294830322 0.1586617185554172 0.4
300 512.6162145137787 0.1571834620174346 0.4
300 514.6200070381165 0.16486898623279098 0.4
300 516.6237602233887 0.15938248594628357 0.4
300 518.6281263828278 0.15618980685358255 0.4
300 520.6316840648651 0.1559014463840399 0.4
300 522.6353521347046 0.15743759849906191 0.4
300 524.6385526657104 0.16162765184721353 0.4
300 526.6424670219421 0.15865766103814882 0.4
300 528.6455583572388 0.15577061326658323 0.4
300 530.6493372917175 0.15843355805243445 0.4
300 532.6528820991516 0.15950127659574467 0.4
300 534.6567025184631 0.1585430845771144 0.4
300 536.660314321518 0.15703854909318324 0.4
300 538.6633777618408 0.15567128911138922 0.4
300 540.6667230129242 0.15614419011882427 0.4
300 542.6705448627472 0.1576647 0.4
300 544.6741652488708 0.15971735330836456 0.4
300 546.6775844097137 0.1581603502188868 0.4
300 548.6808071136475 0.15725275109170306 0.4
300 550.6843898296356 0.16329063006862132 0.4
300 552.6878750324249 0.17550317897371714 0.4
300 554.692569732666 0.15699434292866082 0.4
300 556.6965365409851 0.15715777638975642 0.4
300 558.6997849941254 0.15811463505926387 0.4
300 560.7039532661438 0.16207880074953154 0.4
300 562.7074785232544 0.15476577139287945 0.4
300 564.7108602523804 0.15928815509693559 0.4
300 566.7143993377686 0.1595027108057464 0.4
300 568.7178552150726 0.15913524047470332 0.4
300 570.7210578918457 0.15837621486570894 0.4
300 572.7247459888458 0.15686598247809763 0.4
300 574.7280976772308 0.15618996254681647 0.4
300 576.7322561740875 0.14437442990654206 0.4
300 578.7358820438385 0.13191755458515284 0.4
300 580.7396793365479 0.10712239700374532 0.4
300 582.7435777187347 0.13971862757330006 0.4
300 584.7473809719086 0.13055639774859287 0.4
300 586.7512624263763 0.13846489719626168 0.4
300 588.7553625106812 0.13900089775561097 0.4
300 590.7590980529785 0.13290271481942714 0.4
300 592.7632093429565 0.15401005628517822 0.4
300 594.7667293548584 0.1584547684605757 0.4
300 596.7702782154083 0.15930207240948813 0.4
300 598.7735033035278 0.15601887640449438 0.4
300 600.7770912647247 0.15645030000000001 0.4
300 602.780743598938 0.15620157401623985 0.4
300 604.7842705249786 0.15661927409261578 0.4
300 606.7879309654236 0.15618500000000002 0.4
300 608.7911956310272 0.1558596631316282 0.4
300 610.7946631908417 0.1552325593008739 0.4
300 612.7980570793152 0.16364991880074953 0.4
300 614.8019077777863 0.15557393370856787 0.4
300 616.8058061599731 0.1598751780137414 0.4
300 618.8106889724731 0.16158989368355223 0.4
300 620.814493894577 0.15738852867830422 0.4
300 622.8184895515442 0.16510968065122103 0.4
300 624.8226146697998 0.15652959298685035 0.4
300 626.8264412879944 0.15538776529338327 0.4
300 628.8298153877258 0.1582206363069245 0.4
300 630.8335115909576 0.15629310000000002 0.4
300 632.8373146057129 0.14035525593008738 0.4
300 634.8409445285797 0.13292444444444443 0.4
300 636.8453240394592 0.15124737039350405 0.4
300 638.84880900383 0.1343623470661673 0.4
300 640.8525049686432 0.13643241895261846 0.4
300 642.856368303299 0.1394936329588015 0.4
300 644.8602900505066 0.14052860885839052 0.4
300 646.8636524677277 0.13794365564566438 0.4
300 648.8675136566162 0.14036072364316904 0.4
300 650.8713381290436 0.14083670822942643 0.4
300 652.8749372959137 0.14144470588235294 0.4
300 654.8795611858368 0.1614856144728634 0.4
300 656.8832359313965 0.15811342088805502 0.4
300 658.8871910572052 0.15661707133917396 0.4
300 660.8905651569366 0.1603318221665623 0.4
300 662.8945467472076 0.15598772301933875 0.4
300 664.8979904651642 0.15643625468164793 0.4
300 666.9017872810364 0.1564139412866958 0.4
300 668.9053556919098 0.1587287 0.4
300 670.9089891910553 0.16524376793512163 0.4
300 672.9129462242126 0.16250378109452734 0.4
300 674.9163482189178 0.17465280996884736 0.4
300 676.920068025589 0.15923241895261844 0.4
300 678.9233226776123 0.159438 0.4
300 680.9267399311066 0.15733992509363295 0.4
300 682.9299304485321 0.15761315887850466 0.4
300 684.9334845542908 0.1603558 0.4
300 686.9369533061981 0.16233098626716605 0.4
300 688.9414784908295 0.1572673395638629 0.4
300 690.9453856945038 0.15602864628820962 0.4
300 692.9491903781891 0.1579490909090909 0.4
300 694.9527449607849 0.15852084682440845 0.4
300 696.9563095569611 0.15888079900124844 0.4
300 698.9602618217468 0.15774175700934578 0.4
300 700.963773727417 0.1592888 0.4
300 702.967392206192 0.15769081619937694 0.4
300 704.9707098007202 0.1589742 0.4
300 706.9742746353149 0.1582781047381546 0.4
300 708.9773876667023 0.1595962047440699 0.4
300 710.9808664321899 0.15871261384903307 0.4
300 712.9844305515289 0.15774750780762026 0.4
300 714.9878187179565 0.1566686462882096 0.4
300 716.9913856983185 0.15750857142857144 0.4
300 718.9951667785645 0.14187156973108192 0.4
300 720.998770236969 0.13284668329177057 0.4
300 723.0026879310608 0.13274349405134628 0.4
300 725.0070612430573 0.14273668956901936 0.4
300 727.0114345550537 0.14086625858838225 0.4
300 729.0149443149567 0.1427639 0.4
300 731.0188403129578 0.14093551530293566 0.4
300 733.0225574970245 0.13936149906308556 0.4
300 735.026159286499 0.13448215134459035 0.4
300 737.030056476593 0.1381721 0.4
300 739.0337767601013 0.1385280399500624 0.4
300 741.0374743938446 0.13859994993742178 0.4
300 743.0413184165955 0.1388779013116802 0.4
300 745.0451476573944 0.15784155096935584 0.4
300 747.0489203929901 0.15588607120549655 0.4
300 749.0525195598602 0.15648180225281602 0.4
300 751.056303024292 0.1577739825218477 0.4
300 753.060346364975 0.156724 0.4
300 755.0637621879578 0.1668205486284289 0.4
300 757.0676341056824 0.15805408380237648 0.4
300 759.0718314647675 0.15491297938788257 0.4
300 761.0756342411041 0.1557538767890479 0.4
300 763.0793027877808 0.19802942643391522 0.4
300 765.083489894867 0.1568545976294448 0.4
300 767.0867445468903 0.17881497808390734 0.4
300 769.0903496742249 0.1537875171982489 0.4
300 771.0935699939728 0.15571297938788256 0.4
300 773.0967140197754 0.1586756445556946 0.4
300 775.1003274917603 0.15880584634603373 0.4
300 777.1037962436676 0.1788594 0.4
300 779.1076264381409 0.13593338327091137 0.4
300 781.111302614212 0.1361141713570982 0.4
300 783.1149523258209 0.13294351030605872 0.4
300 785.1186800003052 0.1361735915053092 0.4
300 787.1226167678833 0.13377539038101185 0.4
300 789.1267423629761 0.1331478 0.4
300 791.1303722858429 0.13386556597873672 0.4
300 793.135370016098 0.1341306 0.4
300 795.1391124725342 0.1336486 0.4
300 797.1433131694794 0.13462455965021863 0.4
300 799.1470873355865 0.1382601873828857 0.4
300 801.1510264873505 0.13769562071116656 0.4
300 803.1544625759125 0.13756776044915783 0.4
300 805.1584317684174 0.14237356695869838 0.4
300 807.1619029045105 0.14140447779862414 0.4
300 809.1656053066254 0.15922401500938085 0.4
300 811.1691601276398 0.1805974531835206 0.4
300 813.1731498241425 0.1573158775765147 0.4
300 815.1765294075012 0.10965079999999999 0.4
300 817.1804370880127 0.15607935040599627 0.4
300 819.1837944984436 0.15670415990006245 0.4
300 821.1872644424438 0.1554716395494368 0.4
300 823.1911056041718 0.15961474078700813 0.4
300 825.1944713592529 0.17901526908635793 0.4
300 827.1998469829559 0.15836865876481596 0.4
300 829.2032568454742 0.158963643169058 0.4
300 831.2069637775421 0.16087148936170215 0.4
300 833.210419178009 0.1789896943231441 0.4
300 835.2138991355896 0.15758650000000002 0.4
300 837.2177078723907 0.15960150187734667 0.4
300 839.2210323810577 0.159918 0.4
300 841.2248096466064 0.15786766729205753 0.4
300 843.2287874221802 0.1092047470331043 0.4
300 845.2323911190033 0.15757003745318351 0.4
300 847.2360737323761 0.15874280000000002 0.4
300 849.2395625114441 0.1563023 0.4
300 851.2430577278137 0.15702661672908863 0.4
300 853.246563911438 0.09756100000000001 0.4
300 855.2506623268127 0.15432873362445415 0.4
300 857.2546474933624 0.17870879299562226 0.4
300 859.2578399181366 0.1559305 0.4
300 861.2624299526215 0.12966107634543178 0.4
300 863.2658498287201 0.1586175 0.4
300 865.2697148323059 0.15692340000000002 0.4
300 867.273558139801 0.10913347473487212 0.4
300 869.2771835327148 0.15749873671044404 0.4
300 871.281106710434 0.12908730000000002 0.4
300 873.2852427959442 0.1368358551810237 0.4
300 875.2889637947083 0.1356409756097561 0.4
300 877.2930409908295 0.1382223 0.4
300 879.2965898513794 0.140094440974391 0.4
300 881.3005666732788 0.13784953212726136 0.4
300 883.3041877746582 0.13755589999999998 0.4
300 885.3080430030823 0.1411196007485964 0.4
300 887.3117244243622 0.13546916354556804 0.4
300 889.3155281543732 0.15956082345601996 0.4
300 891.3194835186005 0.1579082147315855 0.4
300 893.3231689929962 0.15907142144638403 0.4
300 895.3278369903564 0.15782854283927455 0.4
300 897.3314788341522 0.1559366188396756 0.4
300 899.3353011608124 0.1582460961898813 0.4
300 901.338987827301 0.1587056 0.4
300 903.3424627780914 0.15899657285803628 0.4
300 905.3461816310883 0.1588018 0.4
300 907.3500957489014 0.1574252 0.4
300 909.3536124229431 0.15838131168019987 0.4
300 911.3576943874359 0.15892610000000001 0.4
300 913.3614008426666 0.1633502939337086 0.4
300 915.3658103942871 0.1542503 0.4
300 917.3696186542511 0.15580976220275344 0.4
300 919.3733577728271 0.16029476846057572 0.4
300 921.3768839836121 0.1567683198001249 0.4
300 923.3805985450745 0.1556089444097439 0.4
300 925.3844096660614 0.1574243 0.4
300 927.3879759311676 0.1587257 0.4
300 929.3916945457458 0.15855139462163853 0.4
300 931.396342754364 0.1767951061173533 0.4
300 933.4006912708282 0.15808899437851343 0.4
300 935.4044189453125 0.1682215 0.4
300 937.4082369804382 0.1571597 0.4
300 939.4113388061523 0.15605603502188867 0.4
300 941.4156997203827 0.15540468827930173 0.4
300 943.4190962314606 0.1560655770430443 0.4
300 945.4234790802002 0.1471146600124766 0.4
300 947.427134513855 0.15766832917705736 0.4
300 949.4313824176788 0.13088020012507817 0.4
300 951.4342615604401 0.13032514678326046 0.4
300 953.4376788139343 0.13154658338538414 0.4
300 955.4414460659027 0.13000616155291173 0.4
300 957.4447333812714 0.1374954307116105 0.4
300 959.4481785297394 0.13281846537741734 0.4
300 961.4518189430237 0.13201738913179265 0.4
300 963.4551739692688 0.13208315196998124 0.4
300 965.459114074707 0.1351686 0.4
300 967.4632654190063 0.1362725296689569 0.4
300 969.4672944545746 0.13266608369768895 0.4
300 971.47150349617 0.1596975 0.4
300 973.4754457473755 0.1330014740787008 0.4
300 975.4789509773254 0.1328385518102372 0.4
300 977.4829585552216 0.13242493765586036 0.4
300 979.4866344928741 0.1375541 0.4
300 981.4897124767303 0.13141456359102244 0.4
300 983.4932858943939 0.1358069206745784 0.4
300 985.4966883659363 0.14283653582554517 0.4
300 987.5001564025879 0.15097772215269087 0.4
300 989.5036234855652 0.13160159800249688 0.4
300 991.507670879364 0.1311188492808005 0.4
300 993.5110039710999 0.14078420986883197 0.4
300 995.515166759491 0.13207404627892433 0.4
300 997.5185384750366 0.14138277153558054 0.4
300 999.5232095718384 0.1668927680798005 0.4
300 1001.5271501541138 0.15812748904195367 0.4
300 1003.5308666229248 0.15624719101123596 0.4
300 1005.534562587738 0.1386194113963682 0.4
