1 1.7582108974456787 25.996071012345677 0.3
2 3.762576103210449 26.089187661691543 0.3
3 5.766967058181763 26.81731990049751 0.3
5 7.7706568241119385 26.911730285714285 0.3
6 9.774799108505249 30.495920643166357 0.4
7 11.778838872909546 0.14768420262664164 0.4
7 13.782899856567383 33.569505684210526 0.4
8 15.787627458572388 32.92442312655087 0.4
10 17.79068160057068 34.33847570105003 0.4
11 19.795527935028076 33.74560108041744 0.4
12 21.79862928390503 33.058110667483156 0.4
13 23.802769422531128 32.19412215686275 0.4
14 25.80668330192566 31.76322360172096 0.4
15 27.811071157455444 32.76202155747836 0.4
17 29.81473469734192 32.68381879754601 0.4
18 31.819183349609375 30.070160393120393 0.4
19 33.82624673843384 29.329880592592595 0.4
20 35.826425313949585 29.6924691223733 0.4
22 37.83169460296631 29.890977464440322 0.4
23 39.83612298965454 28.752505361077112 0.4
24 41.839133501052856 24.651915912408757 0.4
25 43.844244718551636 23.73998708256881 0.4
27 45.84829568862915 23.743331661594645 0.4
28 47.852011919021606 24.448603564356436 0.4
29 49.856730937957764 23.720228779599275 0.4
31 51.85956025123596 16.520432819247375 0.4
33 53.86374807357788 16.151473948339483 0.4
34 55.86737275123596 16.330166896551724 0.4
36 57.87194323539734 15.802428459657703 0.4
37 59.87559127807617 13.184880098522168 0.4
39 61.879074573516846 13.470247214329834 0.4
41 63.88257360458374 13.088743047501541 0.4
42 65.88716244697571 11.037154575851392 0.4
44 67.89126753807068 9.641922571075403 0.4
46 69.89565706253052 10.089086180469716 0.4
47 71.89803695678711 9.92965306930693 0.4
49 73.90218234062195 9.054344516129033 0.4
51 75.90620279312134 9.900601734820322 0.4
53 77.90972948074341 10.048082679900745 0.4
54 79.91498804092407 11.024170179122915 0.4
56 81.92082977294922 10.948626856084003 0.4
58 83.92283916473389 11.660771787916154 0.4
59 85.92674398422241 11.121217005545287 0.4
61 87.92961859703064 14.568085167701863 0.4
63 89.93308758735657 14.493612017380508 0.4
64 91.93696761131287 14.345880869025452 0.4
66 93.9417495727539 16.171754356435645 0.4
67 95.94782757759094 18.979869262244264 0.4
69 97.94907402992249 18.72984644130301 0.4
70 99.95170998573303 17.843110771128934 0.4
72 101.9565761089325 19.804053431916206 0.4
73 103.96062922477722 22.50557641590214 0.4
74 105.96546697616577 22.405657843137256 0.4
76 107.96855735778809 21.286808965517242 0.4
77 109.97632813453674 21.524832529087572 0.4
79 111.97825384140015 24.15986472103004 0.4
80 113.97996139526367 22.921682748466257 0.4
81 115.98392629623413 24.088977777777778 0.4
83 117.9880268573761 23.811637346317713 0.4
84 119.99487900733948 24.04894857142857 0.4
85 121.9976453781128 22.915800243605357 0.4
87 124.00413775444031 24.12109893447642 0.4
88 126.00496768951416 23.716819755501223 0.4
89 128.00816202163696 24.042952727272727 0.4
91 130.01325464248657 23.09354519877676 0.4
92 132.01669263839722 22.789812524271845 0.4
93 134.0226752758026 23.492758398028343 0.4
94 136.02427506446838 22.77225582524272 0.4
96 138.03032732009888 22.602534467036353 0.4
97 140.03571152687073 20.900650875688918 0.4
99 142.04157209396362 21.893779286592867 0.4
100 144.04201292991638 21.860539555555555 0.4
101 146.04973220825195 21.89298364963504 0.4
103 148.04853653907776 22.121856687116566 0.4
104 150.05282735824585 22.410122588522587 0.4
105 152.05912852287292 21.734414097350584 0.4
107 154.0643346309662 22.589196336633663 0.4
108 156.0658097267151 22.961240395061726 0.4
109 158.0711748600006 24.405250246305418 0.4
111 160.07845854759216 24.591178843788438 0.4
112 162.07731676101685 23.75020166666667 0.4
113 164.08360028266907 23.806467141104296 0.4
114 166.08344531059265 23.991138968058966 0.4
116 168.08776903152466 22.547201376767056 0.4
117 170.0922815799713 22.86655673872761 0.4
118 172.09642815589905 22.599478544108575 0.4
120 174.1008322238922 21.24593075879087 0.4
121 176.1035554409027 18.452079607361963 0.4
122 178.1071436405182 19.931447965791083 0.4
124 180.11373329162598 20.03862070991432 0.4
125 182.11563324928284 20.76651936196319 0.4
127 184.12046885490417 20.44434620689655 0.4
128 186.12326860427856 19.66527175460123 0.4
129 188.12744975090027 19.756106699386503 0.4
131 190.13025736808777 20.470981365853657 0.4
132 192.13376760482788 15.67276839628483 0.4
134 194.13980150222778 15.771898289962824 0.4
135 196.14356637001038 15.426068712871288 0.4
137 198.14484357833862 15.20456575682382 0.4
139 200.15311741828918 11.163589194547708 0.4
140 202.15667152404785 12.051668108108109 0.4
142 204.1603765487671 12.106184524103831 0.4
144 206.16623044013977 11.62939532595326 0.4
145 208.16937851905823 7.818294423791822 0.4
147 210.1732838153839 7.650819738968304 0.4
149 212.18284797668457 7.840973998767714 0.4
151 214.18139243125916 4.52474570719603 0.4
153 216.18939232826233 4.980171357409714 0.4
154 218.19362092018127 5.5775096470588235 0.4
156 220.19330501556396 4.490445586592179 0.4
158 222.1972939968109 2.3584683437110834 0.4
160 224.20373368263245 3.4348678228321896 0.4
162 226.2049961090088 4.662866857498444 0.4
164 228.21133613586426 5.368398070500928 0.4
166 230.21425914764404 6.671727691350342 0.4
167 232.21670126914978 6.48623790914748 0.4
169 234.2205891609192 13.635824088397792 0.4
171 236.2300729751587 12.867502145499381 0.4
172 238.2283456325531 12.946187716923077 0.4
174 240.23754572868347 15.386094993834773 0.4
175 242.23717880249023 19.71122160295931 0.4
177 244.24176049232483 17.572195928439236 0.4
178 246.24563217163086 19.548314669956817 0.4
179 248.2488076686859 19.505958254456054 0.4
181 250.25270342826843 24.66867073891626 0.4
182 252.2556450366974 23.476593361910595 0.4
183 254.2586793899536 24.634577658536585 0.4
184 256.2637541294098 23.831069655172413 0.4
186 258.2674536705017 25.074795722188075 0.4
187 260.2700276374817 26.000931284572832 0.4
188 262.2742917537689 26.178675495384617 0.4
189 264.27873945236206 25.911551430325353 0.4
191 266.2815411090851 24.63683035495716 0.4
192 268.2856822013855 24.43978365644172 0.4
193 270.28924655914307 23.842218574938574 0.4
195 272.2947015762329 23.001895490196077 0.4
196 274.30123138427734 22.66109552825553 0.4
197 276.30531787872314 23.707011456790124 0.4
198 278.313285112381 21.92457909866017 0.4
200 280.3130509853363 23.290698810545678 0.4
201 282.31699204444885 23.808523689676235 0.4
202 284.3199825286865 23.127472108174555 0.4
204 286.3221206665039 24.02600794117647 0.4
205 288.32519006729126 23.025051695331694 0.4
206 290.33052587509155 22.66416058859595 0.4
208 292.3355631828308 23.929004383900928 0.4
209 294.3381989002228 23.24009093596059 0.4
210 296.34076833724976 24.520020764099453 0.4
211 298.3459484577179 24.887611244582043 0.4
213 300.3492612838745 24.995321474201475 0.4
214 302.3525040149689 24.705562872928176 0.4
215 304.35606026649475 24.419959196591602 0.4
217 306.36038970947266 22.609062067278288 0.4
218 308.36487436294556 22.387736234718826 0.4
219 310.36968064308167 22.19528167076167 0.4
221 312.37194538116455 23.0003765398773 0.4
222 314.3783779144287 22.987075404255318 0.4
223 316.3821864128113 23.11767339901478 0.4
224 318.38416862487793 23.42130083992696 0.4
226 320.3873453140259 23.09993152667075 0.4
227 322.39390683174133 23.216063548189073 0.4
228 324.39589071273804 24.775992176039118 0.4
229 326.40983533859253 20.137973564786112 0.4
230 328.4057230949402 20.510013577533577 0.4
231 330.41088581085205 21.305986953846155 0.4
232 332.4135251045227 20.29502356231003 0.4
233 334.4151484966278 21.285939399877527 0.4
234 336.4243891239166 20.763703222632227 0.4
234 338.4242057800293 21.278269950248756 0.4
235 340.43141508102417 20.814275610663362 0.4
236 342.43715167045593 20.594603726708076 0.4
237 344.4380884170532 20.4345279210364 0.4
238 346.44102478027344 20.68133976729945 0.4
239 348.4466278553009 20.150480787207872 0.4
240 350.44871973991394 20.04582841651263 0.4
241 352.4512462615967 19.27624280961183 0.4
242 354.46265602111816 18.555196078431372 0.4
243 356.4611611366272 18.745465615763546 0.4
244 358.46677589416504 18.472250233702336 0.4
245 360.4709315299988 19.678086810610733 0.4
246 362.4732415676117 18.816885174129354 0.4
247 364.47759985923767 16.710997226733294 0.4
247 366.4835183620453 18.045315855181023 0.4
248 368.4836280345917 18.75966958046337 0.4
249 370.4874851703644 17.432842819713038 0.4
250 372.4934968948364 16.123673204247346 0.4
251 374.50319027900696 16.89688109725686 0.4
252 376.4961361885071 17.031789 0.4
253 378.50048899650574 16.609800995024877 0.4
254 380.5110912322998 17.100593287585777 0.4
255 382.50816893577576 17.483532015018774 0.4
256 384.5112566947937 16.793610986267165 0.4
257 386.51439094543457 20.584294615865083 0.5
258 388.5179829597473 0.1621198750780762 0.5
259 390.5212595462799 20.818012215269086 0.5
260 392.5252368450165 14.264387357901311 0.5
261 394.5313560962677 14.017053658536586 0.5
262 396.53487062454224 13.746668868042528 0.5
263 398.5365605354309 14.60039285446596 0.5
265 400.5487394332886 11.7752108 0.5
266 402.5442569255829 11.680285 0.5
267 404.54794239997864 11.942344665415886 0.5
268 406.55055570602417 12.060758326046221 0.5
270 408.55591559410095 12.237698576779026 0.5
271 410.5573627948761 8.272307600000001 0.5
273 412.56157994270325 8.8021383 0.5
274 414.5654926300049 8.671153971232021 0.5
275 416.5693242549896 8.821370100000001 0.5
277 418.5791871547699 5.492531199999999 0.5
279 420.5771894454956 6.277541409856519 0.5
280 422.5839378833771 6.625831799999999 0.5
282 424.5847053527832 4.3461127 0.5
284 426.5871660709381 3.4029067498440426 0.5
285 428.5908896923065 3.4032851 0.5
287 430.5946795940399 3.4051154971857414 0.5
289 432.5974266529083 4.623567640449438 0.5
291 434.6013193130493 4.558504665415885 0.5
292 436.60410618782043 5.331451043098063 0.5
294 438.60895800590515 8.408389156777014 0.5
295 440.61487650871277 10.643785565978735 0.5
297 442.6163980960846 10.968930809464508 0.5
298 444.6197371482849 10.633749360100376 0.5
299 446.6253397464752 10.596590168855535 0.5
300 448.6256124973297 0.18035749373433585 0.5
300 450.62871265411377 0.1616581363352095 0.5
300 452.6328434944153 0.1605994746716698 0.5
300 454.6365919113159 0.16277747183979976 0.5
300 456.64007353782654 0.16152324797001874 0.5
300 458.6436264514923 0.16070030000000002 0.5
300 460.6469032764435 0.10373871008140262 0.5
300 462.6508059501648 0.15822749218261412 0.5
300 464.6546244621277 0.15946856785490932 0.5
300 466.65810680389404 0.1596565 0.5
300 468.66159439086914 0.1552122923173017 0.5
300 470.6647095680237 0.15809717852684146 0.5
300 472.66806626319885 0.16099453524641297 0.5
300 474.6710298061371 0.1605542464040025 0.5
300 476.6741552352905 0.10487248120300752 0.5
300 478.67730236053467 0.15772441102756893 0.5
300 480.68154549598694 0.15713984962406014 0.5
300 482.68481183052063 0.15975153412648718 0.5
300 484.6879372596741 0.1594992 0.5
300 486.6910710334778 0.16048189999999998 0.5
300 488.6943600177765 0.16182861423220973 0.5
300 490.69740748405457 0.16055834896810509 0.5
300 492.70040106773376 0.1642259824780976 0.5
300 494.7034068107605 0.16215234521575983 0.5
300 496.7063772678375 0.1676430231105559 0.5
300 498.70957803726196 0.1655039799749687 0.5
300 500.7128872871399 0.16150887218045112 0.5
300 502.71572375297546 0.15845803627267044 0.5
300 504.71897864341736 0.15838068792995624 0.5
300 506.72220182418823 0.15642896810506565 0.5
300 508.7255423069 0.15969542892924235 0.5
300 510.7284002304077 0.15920769999999998 0.5
300 512.7315769195557 0.163180350877193 0.5
300 514.7345933914185 0.156164 0.5
300 516.7392373085022 0.1561180212899186 0.5
300 518.7422032356262 0.15727590256089943 0.5
300 520.7454349994659 0.1596967209011264 0.5
300 522.7485287189484 0.16024450563204004 0.5
300 524.751837015152 0.15911864915572232 0.5
300 526.7548582553864 0.15956445556946183 0.5
300 528.7583012580872 0.16087549436795995 0.5
300 530.7612462043762 0.16180929242329367 0.5
300 532.7640516757965 0.15875584480600752 0.5
300 534.767263174057 0.157278 0.5
300 536.7700290679932 0.16068262664165103 0.5
300 538.7729680538177 0.1571405742821473 0.5
300 540.7771832942963 0.13223699624530663 0.5
300 542.7813470363617 0.13715577763897563 0.5
300 544.7852704524994 0.12760164691203993 0.5
300 546.7890152931213 0.12814040000000002 0.5
300 548.7929334640503 0.14163837601499063 0.5
300 550.798023223877 0.13186851782363976 0.5
300 552.8017146587372 0.13256029962546817 0.5
300 554.8058354854584 0.13767146600124766 0.5
300 556.8098726272583 0.13131156054931337 0.5
300 558.8140037059784 0.13269516552154903 0.5
300 560.8179605007172 0.14913168539325844 0.5
300 562.8214521408081 0.1284934747348721 0.5
300 564.8249044418335 0.1372470794246404 0.5
300 566.8284645080566 0.13705763897564022 0.5
300 568.832955121994 0.15224964397251717 0.5
300 570.8367002010345 0.13144354335620712 0.5
300 572.8406758308411 0.1325115 0.5
300 574.8444728851318 0.12990054862842892 0.5
300 576.8481431007385 0.12936304049844236 0.5
300 578.8520512580872 0.1309156 0.5
300 580.8561284542084 0.13186234413965087 0.5
300 582.8602228164673 0.12887321695760598 0.5
300 584.8649744987488 0.18901303426791277 0.5
300 586.8687078952789 0.13191097819314643 0.5
300 588.8725235462189 0.14525123595505618 0.5
300 590.876186132431 0.1386746283572767 0.5
300 592.8798186779022 0.15621656464709557 0.5
300 594.8839023113251 0.14178565190268247 0.5
300 596.8878393173218 0.1323409476309227 0.5
300 598.8916616439819 0.1326197506234414 0.5
300 600.8951647281647 0.13829436408977555 0.5
300 602.8990225791931 0.1348336868371803 0.5
300 604.9029834270477 0.14457887640449438 0.5
300 606.9066915512085 0.13431240948813983 0.5
300 608.9101765155792 0.1396845885286783 0.5
300 610.9138929843903 0.13610966292134832 0.5
300 612.9175062179565 0.13749073170731707 0.5
300 614.9213857650757 0.1368617 0.5
300 616.924976348877 0.13708813982521847 0.5
300 618.9297089576721 0.1390861711430356 0.5
300 620.9333944320679 0.141749506558401 0.5
300 622.9370007514954 0.1460738077403246 0.5
300 624.9408612251282 0.14115872738615096 0.5
300 626.9443693161011 0.13978836772983114 0.5
300 628.9481749534607 0.14721200750469043 0.5
300 630.9514751434326 0.1361371714643304 0.5
300 632.9554574489594 0.13674139999999999 0.5
300 634.9591763019562 0.13549351655215489 0.5
300 636.96257853508 0.1376912 0.5
300 638.9666430950165 0.14109170000000001 0.5
300 640.9702587127686 0.15880179775280898 0.5
300 642.9740500450134 0.1590821736414741 0.5
300 644.9775848388672 0.16329843847595255 0.5
300 646.9808223247528 0.17736353894080997 0.5
300 648.9851958751678 0.1585494 0.5
300 650.9889125823975 0.1580414 0.5
300 652.992050409317 0.15704645403377113 0.5
300 654.9963028430939 0.16066335839599 0.5
300 656.9996237754822 0.15857741088180113 0.5
300 659.0037026405334 0.15725707133917396 0.5
300 661.0071272850037 0.16121095684803002 0.5
300 663.0109887123108 0.1578436522826767 0.5
300 665.0143177509308 0.1590132 0.5
300 667.0178127288818 0.15924104868913858 0.5
300 669.0211682319641 0.15866246404002501 0.5
300 671.0239753723145 0.15855529411764707 0.5
300 673.027624130249 0.1803373 0.5
300 675.0310955047607 0.1796149593495935 0.5
300 677.0348789691925 0.16048189881324174 0.5
300 679.0380251407623 0.15764445556946183 0.5
300 681.0423703193665 0.1598284144818976 0.5
300 683.0454025268555 0.16260575719649561 0.5
300 685.0491561889648 0.1602475093867334 0.5
300 687.0537974834442 0.1566559 0.5
300 689.0579891204834 0.1560353778888195 0.5
300 691.0619647502899 0.1373507 0.5
300 693.0660216808319 0.13691315855181024 0.5
300 695.0695340633392 0.1392631 0.5
300 697.073216676712 0.12984660826032543 0.5
300 699.0774414539337 0.13405898686679174 0.5
300 701.0815379619598 0.1302944 0.5
300 703.0853400230408 0.1347369105691057 0.5
300 705.0889332294464 0.1369681897627965 0.5
300 707.0926747322083 0.13367624765478425 0.5
300 709.0964045524597 0.15389978736710444 0.5
300 711.0998816490173 0.1333646057571965 0.5
300 713.1032168865204 0.13384109725685786 0.5
300 715.1070034503937 0.13588591478696743 0.5
300 717.1104655265808 0.13417138576779028 0.5
300 719.1147458553314 0.13075805243445693 0.5
300 721.1189353466034 0.13660628428927682 0.5
300 723.1232056617737 0.13555577763897564 0.5
300 725.1270916461945 0.1420315907673113 0.5
300 727.1308724880219 0.162554 0.5
300 729.1348989009857 0.15823171553337492 0.5
300 731.1388857364655 0.1580064 0.5
300 733.1429693698883 0.1564778041172801 0.5
300 735.1465427875519 0.1594001498127341 0.5
300 737.1506621837616 0.155236631316282 0.5
300 739.1537864208221 0.1585143 0.5
300 741.1573119163513 0.16181953721075673 0.5
300 743.1604082584381 0.15823249530956848 0.5
300 745.1643071174622 0.15837143570536827 0.5
300 747.1681115627289 0.1607290112640801 0.5
300 749.1720070838928 0.15748601242236024 0.5
