0 1.3680613040924072 27.218836915422884 0.3
2 3.3718552589416504 27.356889675810475 0.3
3 5.375681161880493 25.801490841121495 0.4
4 7.3790812492370605 0.16750421972534332 0.4
4 9.382811307907104 26.937121894080995 0.4
6 11.386584520339966 30.079449055659786 0.4
7 13.390357971191406 34.83705820895523 0.4
8 15.394816160202026 35.01427356293049 0.4
9 17.398624897003174 34.1042868621335 0.4
10 19.40230941772461 33.46328159402241 0.4
11 21.405733346939087 33.72712488778055 0.4
13 23.408881187438965 31.909810709838105 0.4
14 25.412306547164917 32.06811129132876 0.4
15 27.416208744049072 30.68659493449782 0.4
16 29.419702291488647 32.2844991163659 0.4
17 31.42322087287903 32.980612303860525 0.4
18 33.42634963989258 28.627199101123598 0.4
19 35.430346727371216 27.1947134082397 0.4
20 37.434138774871826 26.514352459425716 0.4
22 39.43936634063721 26.43347217988757 0.4
23 41.44249653816223 26.939743880224583 0.4
24 43.44458723068237 26.201193145716072 0.4
25 45.447651386260986 23.445793495327102 0.4
26 47.45181655883789 23.74931168119552 0.4
28 49.456490993499756 24.80298381070984 0.4
29 51.46003556251526 23.663202354383813 0.4
30 53.4640634059906 16.831593937153418 0.4
32 55.467135190963745 15.6801042111725 0.4
33 57.47242331504822 16.689490967344426 0.4
35 59.474607706069946 15.84703519018405 0.4
37 61.47885704040527 13.115920692212606 0.4
38 63.48357582092285 13.342234066749073 0.4
40 65.48527216911316 13.208429176470588 0.4
42 67.49046874046326 12.869588989460631 0.4
43 69.49393510818481 9.894400395061728 0.4
45 71.49685049057007 9.909312098765433 0.4
47 73.50205945968628 11.00640393603936 0.4
48 75.50712752342224 10.043598860681115 0.4
50 77.51071310043335 9.984540396039604 0.4
52 79.51436877250671 8.968108748451053 0.4
54 81.51817774772644 7.910269486703772 0.4
55 83.52282810211182 10.362801128142245 0.4
57 85.52642059326172 10.312677670141019 0.4
59 87.53039622306824 9.074396855036856 0.4
60 89.53475069999695 12.320584428223844 0.4
62 91.53727746009827 11.686548096714198 0.4
63 93.54202342033386 12.736957718536887 0.4
65 95.54612302780151 12.771321871921181 0.4
66 97.54873704910278 16.63593344 0.4
68 99.5523087978363 16.374244218271 0.4
69 101.55626034736633 16.43949252923077 0.4
70 103.5612063407898 17.041529516728623 0.4
72 105.5636658668518 17.494857568238213 0.4
73 107.56729173660278 22.412010746268656 0.4
74 109.57161664962769 20.356949757613425 0.4
75 111.57766532897949 20.65089976294448 0.4
77 113.57981562614441 20.187603547782636 0.4
78 115.58603096008301 20.70127271820449 0.4
79 117.58686923980713 20.44598056214866 0.4
80 119.59044528007507 20.97574694183865 0.4
82 121.59396982192993 20.13400014916097 0.4
83 123.59779739379883 19.816214697442298 0.4
84 125.60411429405212 20.238477953836558 0.4
85 127.60576844215393 22.049954856429462 0.4
86 129.60932445526123 24.819998618988905 0.4
88 131.6145167350769 23.775291839009288 0.4
89 133.61735558509827 23.82408185819071 0.4
90 135.6214075088501 22.583274528650644 0.4
92 137.6261112689972 23.105636399506782 0.4
93 139.62875604629517 22.832259963392314 0.4
94 141.63699293136597 22.445010994441013 0.4
96 143.6368064880371 23.21570548585486 0.4
97 145.6433081626892 21.52629881188119 0.4
98 147.64451622962952 22.077192584407612 0.4
100 149.65093326568604 22.307661450712956 0.4
101 151.65430235862732 21.669394722564736 0.4
102 153.6572344303131 22.935279951308583 0.4
104 155.66256165504456 21.727420269938648 0.4
105 157.6639060974121 22.176248998156115 0.4
107 159.66969680786133 22.36041621424224 0.4
108 161.67471027374268 22.838869046454768 0.4
109 163.676251411438 23.924747483159827 0.4
110 165.6793932914734 25.453615980271273 0.4
112 167.6847710609436 25.44962011090573 0.4
113 169.6865508556366 23.9828375308642 0.4
114 171.6902277469635 22.837054868982328 0.4
116 173.69371151924133 23.608441440993786 0.4
117 175.69833707809448 23.154458745387455 0.4
118 177.70151019096375 22.80847588487446 0.4
120 179.70781254768372 22.034966868437305 0.4
121 181.70989775657654 19.964868093480934 0.4
123 183.71357655525208 20.617249223181258 0.4
124 185.71849513053894 20.346020959409593 0.4
125 187.72063875198364 21.36581638376384 0.4
127 189.72837042808533 20.073354686346864 0.4
128 191.72943878173828 20.081265562422747 0.4
130 193.73275661468506 19.332817734231476 0.4
131 195.73661375045776 20.155148649318463 0.4
132 197.74181747436523 13.262622189421894 0.4
134 199.74828505516052 15.383911604938271 0.4
136 201.74896955490112 15.637226996904024 0.4
137 203.75214982032776 13.729957333333335 0.4
139 205.7563991546631 9.730907078443483 0.4
141 207.76107573509216 9.631406108374383 0.4
142 209.7695116996765 10.641322653562653 0.4
144 211.76787948608398 9.696548795107034 0.4
145 213.77108240127563 7.70304039653036 0.4
147 215.77476119995117 7.694416428126945 0.4
148 217.77845931053162 6.399213515527951 0.4
150 219.78273510932922 5.271343220973783 0.4
152 221.7865834236145 5.754961249219238 0.4
154 223.79055547714233 5.5290498753117205 0.4
155 225.794842004776 4.299725513784461 0.4
157 227.79857301712036 3.320197876327295 0.4
159 229.80892419815063 2.2716683073079325 0.4
161 231.80735540390015 3.4869056839475325 0.4
163 233.81031823158264 5.439171072319202 0.4
165 235.81209683418274 6.668880997506234 0.4
166 237.81645798683167 5.348273246105919 0.4
168 239.82124161720276 9.8616249 0.4
169 241.82555031776428 12.081116803995007 0.4
171 243.8280017375946 12.114292903225806 0.4
172 245.83178043365479 12.211378350898947 0.4
174 247.8374798297882 12.353140629241208 0.4
175 249.8387155532837 20.126957840490796 0.4
176 251.84277486801147 20.256612339645695 0.4
178 253.84631609916687 20.822427372307693 0.4
179 255.85001063346863 20.186796292682928 0.4
181 257.8562066555023 24.94073376927822 0.4
182 259.8613712787628 25.271853473684207 0.4
183 261.86239099502563 25.46121432098765 0.4
184 263.8681974411011 25.903569987699875 0.4
186 265.87264490127563 25.310787549019608 0.4
187 267.8731517791748 27.16670622710623 0.4
188 269.87672567367554 24.884773251982917 0.4
189 271.88370966911316 20.62146484592145 0.4
190 273.8861491680145 18.627573755325624 0.4
191 275.890775680542 19.028547784730915 0.4
192 277.8921649456024 18.48939116104869 0.4
193 279.9069950580597 17.5108882 0.4
194 281.90125489234924 19.11439679799875 0.4
195 283.90413212776184 17.7610886 0.4
196 285.90874695777893 19.160951979949875 0.4
197 287.91310000419617 17.73192614615865 0.4
198 289.9160523414612 17.5795971 0.4
199 291.91954278945923 18.832494017521903 0.4
200 293.92437505722046 18.339310669168228 0.4
201 295.92955899238586 18.609827684605758 0.4
202 297.9299952983856 18.46642411507192 0.4
204 299.93322920799255 17.015087418546365 0.4
205 301.93836283683777 18.6066175 0.4
206 303.93987345695496 19.034712004996877 0.4
207 305.94687056541443 18.891501680149346 0.4
208 307.9488956928253 18.74464878901373 0.4
209 309.952605009079 17.57595708047411 0.4
210 311.9585347175598 18.348261010605114 0.4
211 313.95850110054016 19.117448189762793 0.4
212 315.96378779411316 18.238226308557152 0.4
213 317.9660873413086 19.545817464084948 0.4
214 319.9691061973572 21.38779326732673 0.4
215 321.97462129592896 26.122188827930177 0.4
216 323.9784162044525 22.911209981470044 0.4
218 325.9835810661316 23.013148391866913 0.4
219 327.9861328601837 22.954684938271605 0.4
220 329.98911929130554 23.411650479704797 0.4
222 331.99547958374023 22.859268977342314 0.4
223 333.9950940608978 25.176757102167187 0.4
224 335.99967336654663 24.717884595744678 0.4
226 338.00789999961853 24.503694954184486 0.4
227 340.01095819473267 24.49234324954016 0.4
228 342.0154595375061 26.763401028151772 0.4
229 344.0182704925537 27.20587137160121 0.4
230 346.020117521286 27.746343349753694 0.4
231 348.02382349967957 27.228965933250926 0.4
233 350.0297520160675 24.572851365313653 0.4
234 352.03152894973755 29.92513601965602 0.4
235 354.0406332015991 31.9558848 0.4
236 356.04167008399963 28.495124215686275 0.4
238 358.04519963264465 29.59551783650891 0.4
239 360.04776072502136 28.507211484662577 0.4
240 362.05638551712036 25.546504878048783 0.4
241 364.0592985153198 26.0112783931832 0.4
242 366.06123900413513 25.39194847129909 0.4
244 368.06382608413696 25.893147609756095 0.4
245 370.0677933692932 25.240594061349693 0.4
246 372.07136511802673 24.646597005477787 0.4
247 374.0747148990631 24.388521210623843 0.4
249 376.07902121543884 23.966549137614678 0.4
250 378.08491587638855 23.08734439506173 0.4
251 380.0873854160309 23.439022483180427 0.4
253 382.0912592411041 22.734304512946977 0.4
254 384.0959894657135 22.630303155310006 0.4
255 386.1053066253662 22.47572414814815 0.4
256 388.1043767929077 22.129864626773596 0.4
258 390.1089849472046 20.362165045927743 0.4
259 392.1128239631653 18.5654458235657 0.4
261 394.11627864837646 18.206623960760272 0.4
262 396.1195571422577 18.523358923547402 0.4
264 398.12316274642944 18.47729207361963 0.4
265 400.1303298473358 14.11026586057989 0.4
267 402.13488960266113 14.23973111662531 0.4
268 404.1395833492279 14.424799311193112 0.4
270 406.14451599121094 13.043346806153847 0.4
272 408.14636516571045 9.659229636923076 0.4
273 410.1472399234772 10.84270880495356 0.4
275 412.1517367362976 9.880610683229813 0.4
277 414.1607735157013 6.382134489164086 0.4
278 416.1583876609802 8.081074881987577 0.4
280 418.1630747318268 6.665075367372355 0.4
282 420.16589522361755 5.5999166728739915 0.4
284 422.1703431606293 4.302519602977668 0.4
286 424.17696380615234 4.608812962275819 0.4
288 426.1803345680237 4.7207333250774 0.4
289 428.18489813804626 4.964253101736973 0.4
291 430.18771743774414 4.013447609756097 0.4
293 432.19234561920166 4.0689320416922135 0.4
295 434.19628286361694 9.894445950212507 0.4
296 436.1985077857971 10.986668121512709 0.4
297 438.2028024196625 10.80457653966271 0.4
299 440.20944142341614 10.856979076154806 0.4
300 442.20844197273254 4.27064730913642 0.4
300 444.21215867996216 0.15718279999999998 0.4
300 446.21559619903564 0.15768619225967542 0.4
300 448.21951603889465 0.1553606982543641 0.4
300 450.22310614585876 0.15784863381160325 0.4
300 452.22695994377136 0.1555628 0.4
300 454.23076343536377 0.1579808619612742 0.4
300 456.23502230644226 0.15680977556109726 0.4
300 458.2388405799866 0.166176379525593 0.4
300 460.2428801059723 0.17813792759051186 0.4
300 462.2467272281647 0.17939555555555556 0.4
300 464.2502529621124 0.17501185277604492 0.4
300 466.2541980743408 0.1610641697877653 0.4
300 468.25824546813965 0.18119885071830108 0.4
300 470.2622857093811 0.7058741000000001 0.4
300 472.2661843299866 0.15681828856964397 0.4
300 474.2700743675232 0.16111319999999998 0.4
300 476.2737121582031 0.15678693266832916 0.4
300 478.27785420417786 0.1579834793491865 0.4
300 480.2813911437988 0.1542407004377736 0.4
300 482.28552865982056 0.1768547 0.4
300 484.28909635543823 0.1580352559300874 0.4
300 486.29293394088745 0.1655555 0.4
300 488.29649114608765 0.1587729993738259 0.4
300 490.3014452457428 0.10646092384519351 0.4
300 492.30558228492737 0.1646466874610106 0.4
300 494.3091022968292 0.16203299999999998 0.4
300 496.31281781196594 0.15989873671044402 0.4
300 498.31628584861755 0.15943965021861337 0.4
300 500.3202369213104 0.15718397997496872 0.4
300 502.3238387107849 0.15694706766917293 0.4
300 504.3277943134308 0.15587105823418912 0.4
300 506.3315451145172 0.1612274 0.4
300 508.3356387615204 0.1547804755944931 0.4
300 510.3388214111328 0.17921239225484073 0.4
300 512.3425858020782 0.15737862327909888 0.4
300 514.3459618091583 0.15594786516853934 0.4
300 516.3493340015411 0.10875522798251093 0.4
300 518.3527710437775 0.16048110068792995 0.4
300 520.35693359375 0.15580557848655407 0.4
300 522.3607726097107 0.12975371962616825 0.4
300 524.3653428554535 0.17814278228321898 0.4
300 526.3690338134766 0.1562990523690773 0.4
300 528.3726642131805 0.15847884783969943 0.4
300 530.376412153244 0.15539942464040024 0.4
300 532.3800413608551 0.16212047589229805 0.4
300 534.3834974765778 0.16065872340425533 0.4
300 536.3872969150543 0.15958485946283574 0.4
300 538.3915135860443 0.1577445096814491 0.4
300 540.3949871063232 0.16125291692692068 0.4
300 542.3992009162903 0.1585476154806492 0.4
300 544.4027304649353 0.1590764 0.4
300 546.4064269065857 0.15957769182782283 0.4
300 548.4097385406494 0.1573075516593613 0.4
300 550.4135546684265 0.15516122423485323 0.4
300 552.416809797287 0.15598989368355223 0.4
300 554.4201726913452 0.16153976235146966 0.4
300 556.4239280223846 0.15977070000000002 0.4
300 558.427095413208 0.15959385384134916 0.4
300 560.4318461418152 0.15861993777224642 0.4
300 562.4360489845276 0.1317591 0.4
300 564.4397022724152 0.10821446595877576 0.4
300 566.4433097839355 0.15613261711430354 0.4
300 568.447033405304 0.15974660000000002 0.4
300 570.4505798816681 0.16806262172284644 0.4
300 572.4545867443085 0.15791071740486587 0.4
300 574.458279132843 0.1587478 0.4
300 576.462194442749 0.15886291068082448 0.4
300 578.46559715271 0.15884682073703935 0.4
300 580.4691431522369 0.15835587242026267 0.4
300 582.4730017185211 0.11011116104868914 0.4
300 584.4764642715454 0.1603747 0.4
300 586.4801263809204 0.15772517823639776 0.4
300 588.4833192825317 0.15741958724202626 0.4
300 590.4867744445801 0.162100986883198 0.4
300 592.4906003475189 0.16205774173424828 0.4
