1 1.6893906593322754 12.416813167082294
3 3.693291187286377 10.357033308364544
4 5.697059392929077 10.485502061211744
6 7.70051908493042 9.905079475982532
8 9.704486846923828 8.973129582033687
10 11.708495855331421 9.816577971375233
12 13.7124764919281 9.586062963885428
13 15.716448068618774 9.617676556456644
15 17.72035527229309 9.59251574468085
17 19.72447443008423 9.68097101376721
19 21.728511333465576 9.8730276
20 23.732285261154175 9.587163115264797
22 25.736416578292847 9.70941509339975
24 27.740222930908203 9.600509581511556
26 29.744147539138794 9.602066043613707
28 31.748335123062134 9.7726351
29 33.75274705886841 9.368775507156192
31 35.75722289085388 8.943414631710363
33 37.76108360290527 9.716860435594276
35 39.76496243476868 9.845428890266584
37 41.76818585395813 9.741805300000001
38 43.771690368652344 9.319793175591531
40 45.77593755722046 9.614461393034826
42 47.77955627441406 9.38074370555209
44 49.78371977806091 9.6575724
45 51.78770160675049 9.758802191780822
47 53.79149556159973 10.333369875311721
49 55.79537034034729 11.020964791016844
51 57.799678325653076 10.146805885286783
52 59.803433895111084 9.152977324206596
54 61.80690097808838 10.304184438902743
56 63.810823917388916 9.641622031152648
58 65.81447577476501 10.398118380062305
60 67.8190290927887 9.8652031
61 69.82274913787842 9.507580662086196
63 71.82639789581299 9.414218640049906
65 73.83014273643494 9.3962007
67 75.83405780792236 9.57381926296065
69 77.83801865577698 9.605850343535291
70 79.8419897556305 9.336683472829481
72 81.84601640701294 9.376557162414437
74 83.84998178482056 10.20366715256331
76 85.85328984260559 10.176068057464086
77 87.85665512084961 9.415770499999999
79 89.86109209060669 9.29112288916563
81 91.86481833457947 9.85450706616729
83 93.86878776550293 9.499826716604245
85 95.87261080741882 9.390325685785536
86 97.87657713890076 10.034111501557632
88 99.88197040557861 9.647667723019339
90 101.88634157180786 8.961279105590062
92 103.89063549041748 9.343886608695652
93 105.89442753791809 9.3805400747198
95 107.89817070960999 9.431083173016864
97 109.90227365493774 10.324746002490661
99 111.9061393737793 9.36133163545568
101 113.91013073921204 8.667819576587796
102 115.913813829422 9.578424784509682
104 117.91771721839905 9.7462900124533
106 119.92167210578918 9.74320320200125
108 121.92566180229187 9.519418816199376
110 123.92939591407776 9.682130841121497
111 125.93305087089539 9.629425409119301
113 127.93681597709656 8.391490093457945
115 129.94056510925293 9.640470711610487
117 131.94425201416016 9.516805290081098
118 133.94819498062134 9.477689286157666
120 135.9519762992859 9.631488658764816
122 137.95572209358215 9.828249265255293
124 139.9597728252411 9.43078519626168
126 141.96318912506104 9.437928883343732
127 143.96763682365417 8.706374962593516
129 145.97130393981934 9.536117206982544
131 147.97535967826843 9.78648709113608
133 149.97894954681396 9.722431601246107
135 151.9829864501953 10.246380811992504
136 153.98657417297363 9.88683104477612
138 155.99059891700745 9.8525453
140 157.99370908737183 8.450942244389028
142 159.99818515777588 9.657643890274315
143 162.00182509422302 8.699019390168015
145 164.00578808784485 10.2404825
147 166.00961589813232 9.629021238273921
149 168.01452946662903 10.302421759201497
150 170.0180733203888 9.976835300000001
152 172.02205872535706 9.497769005628518
154 174.0256748199463 9.242685586034913
156 176.02931427955627 9.409596697936209
158 178.033353805542 9.323281541330019
159 180.03690671920776 9.326771076540137
161 182.04095578193665 9.30758761548065
163 184.04460763931274 9.573217278401998
165 186.04845333099365 9.711836395494368
166 188.0523362159729 9.83851495630462
168 190.05649542808533 10.360183300000001
170 192.06019830703735 9.912554859638178
172 194.06419277191162 9.463817242669993
173 196.0681276321411 9.460763277048155
175 198.07211017608643 9.767707431421446
177 200.076171875 9.509171835205994
179 202.08079409599304 9.508372369077307
181 204.08461141586304 9.493311980012493
182 206.0886709690094 9.477888019987509
184 208.09292340278625 9.308883625077593
186 210.09674739837646 9.381124275947794
188 212.10130310058594 9.427201293532338
190 214.10505557060242 9.343539188007496
191 216.10881853103638 9.563751410736579
193 218.1124291419983 9.696737434620175
195 220.11627388000488 10.176905601996257
197 222.1203269958496 10.387139875776398
198 224.12412667274475 10.38412254681648
200 226.12784576416016 9.393259178082191
202 228.13173246383667 12.66438753117207
204 230.13542771339417 10.187358101186758
205 232.14051508903503 10.013367690387016
207 234.14405274391174 10.451226816760476
209 236.14773893356323 10.642095171553336
211 238.15158104896545 10.047022510930669
213 240.1554160118103 11.174726184538654
214 242.15951418876648 10.174284959501557
216 244.16324520111084 10.296957208722741
218 246.16688656806946 9.461608971962617
220 248.1707193851471 9.023880324391765
221 250.17477345466614 9.789404677923702
223 252.178706407547 9.488594385527136
225 254.18240666389465 9.433034014962594
227 256.18634366989136 9.469235944931164
229 258.19006299972534 9.6545626
230 260.19365906715393 9.402280000000001
232 262.19767928123474 9.894001841941506
234 264.20156478881836 10.301972567145533
236 266.2058222293854 9.609401592039802
237 268.20991587638855 9.5197741
239 270.2136654853821 9.49650315658141
241 272.2177174091339 9.621503202492212
243 274.22128462791443 9.434137085927771
245 276.2251708507538 9.288494799999999
246 278.2291007041931 9.277480224578914
248 280.2331087589264 9.45934757763975
250 282.23683166503906 9.901816664584635
252 284.2409701347351 9.596753775573466
254 286.2446115016937 9.372333640323584
255 288.2483823299408 9.412468721147848
257 290.2521560192108 9.440089656035022
259 292.256165266037 8.909877126795752
261 294.26025891304016 9.363993026151931
262 296.26366543769836 9.516581310043668
264 298.26776814460754 9.554128500000001
266 300.27261781692505 9.442647526479751
268 302.27650713920593 9.469191676012462
270 304.28038477897644 9.43981593008739
271 306.2842056751251 9.650002693266833
273 308.2878038883209 9.339812850904554
275 310.29181480407715 9.508484788029925
277 312.29556155204773 9.628857021806853
279 314.2998261451721 10.562122168224299
280 316.3030529022217 9.851211822166563
282 318.30721735954285 11.426181073657927
284 320.31109499931335 9.644092794026134
286 322.31502747535706 9.399399073262368
287 324.3186266422272 9.5376742
289 326.3225145339966 9.930903214509069
291 328.3261363506317 10.222463318722605
293 330.3302364349365 9.137370960942343
294 332.3348412513733 9.846072627646327
296 334.33858346939087 9.608762276422764
298 336.34221363067627 10.053255915053091
300 338.3459315299988 6.370264115071921
300 340.3501274585724 0.16174606098319852
300 342.353955745697 0.16045772784019974
300 344.35813641548157 0.1570825468164794
300 346.3617355823517 0.1307760299625468
300 348.36530566215515 0.13245202240199128
300 350.36902022361755 0.13500284644194757
300 352.37215065956116 0.13134242197253432
300 354.37582993507385 0.1319698377028714
300 356.3789484500885 0.13287930087390762
300 358.3823597431183 0.13093223470661675
300 360.3860054016113 0.39060977556109727
300 362.3895719051361 0.18152414740787007
300 364.394248008728 0.16340551466001246
300 366.3980813026428 0.157350855715178
300 368.4014799594879 0.1622505065666041
300 370.40544176101685 0.15971950000000001
300 372.4091536998749 0.17533027431421447
300 374.4128506183624 0.16067430000000002
300 376.416588306427 0.17902600874453467
300 378.4202334880829 0.16069821806853582
300 380.4243633747101 0.15664620775969965
300 382.42820477485657 0.1626841
300 384.43200421333313 0.16429254852849093
300 386.43578910827637 0.1616462
300 388.4393241405487 0.17049441802252815
300 390.4430570602417 0.1590284
300 392.44670605659485 0.1799179974968711
300 394.45216155052185 0.1614126
300 396.45602655410767 0.18139103060587133
300 398.4596679210663 0.16427814768460575
300 400.46372652053833 0.11121410881801126
300 402.4674265384674 0.15941877346683356
300 404.47124004364014 0.1625193254216115
300 406.4750130176544 0.1634365
300 408.47887325286865 0.13649643080776455
300 410.4829421043396 0.1630970218068536
300 412.48679208755493 0.185147265917603
300 414.49067282676697 0.14763865168539325
300 416.4943914413452 0.13674192740926158
300 418.4984140396118 0.14110752339363694
300 420.5017921924591 0.1650106051154086
300 422.50566959381104 0.1842128009981285
300 424.5099186897278 7.440093607476636
300 426.51481914520264 0.16236132748904195
