1 1.9164397716522217 32.59531839009288
2 3.9218063354492188 32.30819868241144
3 5.925736665725708 33.025263710181136
4 7.930351495742798 32.427130274314216
6 9.934292316436768 32.96028131758856
7 11.938335418701172 33.30133552238806
8 13.942043542861938 33.01186716604245
9 15.945903062820435 32.64820542839274
11 17.950077533721924 31.762771741293534
12 19.953980684280396 33.57345676855895
13 21.957813501358032 32.499894993773346
14 23.961913585662842 32.103066236024844
16 25.964930295944214 32.52765738480697
17 27.96897578239441 33.236948492808004
18 29.973182678222656 32.37342881398252
19 31.9774649143219 32.07588372670808
21 33.980669260025024 33.05525260273973
22 35.98479986190796 32.674759650436954
23 37.98854207992554 32.25411762944479
24 39.991918087005615 33.48915021329987
26 41.99557304382324 32.2674876012461
27 43.99912714958191 33.10601962640099
28 46.002784729003906 32.95257214241099
29 48.007014751434326 32.48482008744535
31 50.01058316230774 33.59365134328358
32 52.014527559280396 32.39571992514036
33 54.017794370651245 32.541850630068616
35 56.021507263183594 32.27594302050964
36 58.02572178840637 32.72685306733167
37 60.02915549278259 32.111774323144104
38 62.03251314163208 33.32073175734834
40 64.03646445274353 32.61684379052369
41 66.04027891159058 32.373364137071654
42 68.04343318939209 33.347039300437224
43 70.04757642745972 32.56135970112079
45 72.05230498313904 32.655518300000004
46 74.05605602264404 33.4149964
47 76.06033682823181 32.757164100000004
48 78.06400656700134 32.76463288666249
50 80.0680582523346 32.97996089775561
51 82.0713722705841 33.353504972101675
52 84.07520318031311 32.793817412935326
53 86.07894992828369 32.05650143302181
55 88.08262968063354 33.12120446650124
56 90.086580991745 33.109573583489684
57 92.09051299095154 32.96215320520769
58 94.09439373016357 32.25596313823163
60 96.09795045852661 33.631149637046306
61 98.10200500488281 32.5081007960199
62 100.10577464103699 33.18043812617114
63 102.10942339897156 32.6500238
65 104.11290621757507 32.50534108546476
66 106.11792635917664 32.76045891858297
67 108.12157464027405 32.15184300187617
68 110.12534618377686 33.0797508
70 112.12918090820312 32.572108959501556
71 114.13335061073303 33.651373175296314
72 116.13718891143799 32.594168633811606
73 118.14130759239197 32.70001521441889
75 120.14534139633179 32.80175204474829
76 122.14916396141052 32.435806779237026
77 124.15280342102051 32.62892146492862
78 126.15664529800415 32.82307900249376
80 128.16091322898865 32.42223041796631
81 130.16491842269897 32.33939740648379
82 132.16864895820618 32.951868282323545
83 134.1725583076477 32.15392369077307
85 136.1762728691101 32.05818819427148
86 138.1801896095276 32.865739512804495
87 140.1847403049469 33.10192349781387
88 142.1885495185852 32.532813391630235
90 144.1927785873413 32.85323675405743
91 146.19661712646484 32.25904835301429
92 148.20068049430847 32.86381235550031
93 150.20464992523193 32.21065833853841
95 152.2082760334015 32.433242382445144
96 154.21203422546387 33.30633242669994
97 156.21599698066711 32.07563189020586
98 158.2197551727295 32.435247052959504
100 160.22321319580078 33.211141310043665
101 162.22835087776184 32.38005339950372
102 164.23059129714966 33.00763088418431
103 166.2352578639984 32.73407740486587
105 168.2386281490326 32.76584723643169
106 170.24245190620422 32.52652379052369
107 172.2468922138214 32.78451686176837
108 174.2510576248169 33.71264638802246
110 176.25504636764526 33.32016337468983
111 178.25900268554688 32.77846077596996
112 180.26244020462036 32.07462776119403
113 182.2661693096161 33.08005330018645
115 184.27010488510132 32.73846537741734
116 186.27418303489685 32.77596833957553
117 188.27825498580933 31.82645934038581
118 190.28215146064758 34.53461206508135
120 192.28560185432434 33.58613213707165
121 194.28958320617676 33.36587083854818
122 196.29399824142456 32.58478231055901
123 198.29797458648682 32.82094317361543
125 200.3016471862793 32.76240219725343
126 202.30520176887512 32.834985137157105
127 204.3092167377472 32.272957910447765
128 206.31321597099304 33.40139952529669
130 208.31734776496887 32.26368389756402
131 210.32116746902466 32.52811153942428
132 212.32506227493286 32.90361637952559
133 214.32938170433044 33.10907404361371
135 216.3335154056549 32.514453700000004
136 218.33749127388 32.78613256714553
137 220.34122562408447 33.54849652065081
138 222.3449249267578 32.35463736482287
140 224.34854578971863 33.166510306825295
141 226.35272002220154 32.60658578718108
142 228.35636401176453 33.19047135540287
143 230.36046838760376 32.921365133956385
145 232.3638472557068 32.57615238572323
146 234.36793327331543 33.10249935162094
147 236.3714747428894 32.776358176139915
148 238.37551736831665 33.42854549532711
150 240.37943124771118 32.877032456575684
151 242.38309049606323 32.74907133041849
152 244.38702845573425 32.69999160524672
153 246.39119386672974 33.07757264871634
155 248.3952441215515 32.57142765771393
156 250.39904356002808 32.66999969924812
157 252.40336799621582 32.82117632958801
158 254.4068534374237 33.4898581772784
160 256.4112467765808 32.4236328358209
161 258.41476821899414 32.510724491578294
162 260.4185314178467 33.21690878806712
163 262.421879529953 32.72746939488459
165 264.42582869529724 33.2802094
166 266.43023133277893 32.6713927386151
167 268.4336347579956 32.45567469336671
168 270.43827271461487 32.33437353308364
170 272.4423797130585 33.33857358302122
171 274.4463691711426 32.3839273271028
172 276.4506812095642 32.618960645561764
173 278.4546947479248 33.096245286783045
175 280.4581649303436 32.57686844333749
176 282.4621820449829 32.94666192740926
177 284.4664444923401 32.079150692451655
178 286.47017788887024 32.769214228855716
180 288.47386145591736 33.350024299999994
181 290.4776530265808 33.69590061365059
182 292.4811460971832 32.55106933499068
183 294.48470520973206 33.273072278953926
185 296.48849654197693 33.182822372034956
186 298.4924621582031 32.99327721046077
187 300.49612975120544 32.38910892077355
188 302.5009229183197 32.5220398251093
190 304.50483417510986 33.19712578193146
191 306.5094871520996 32.12989431238332
192 308.51220631599426 33.00707085785849
193 310.51668214797974 32.5017502939337
195 312.52064061164856 32.43678474766355
196 314.52467131614685 32.89560455284553
197 316.52852392196655 32.66329043044292
198 318.5322952270508 32.73385
200 320.5362231731415 32.268546624921726
201 322.54028511047363 33.358653408099684
202 324.5441153049469 32.470373932584266
203 326.54796862602234 31.961016993137864
205 328.55192971229553 33.40157443196005
206 330.55602979660034 32.52802198625859
207 332.56012058258057 33.06028838023765
208 334.56491327285767 32.536540224719104
210 336.5692889690399 32.618288109794136
211 338.5729122161865 32.23956247345409
212 340.57668352127075 32.62792174021131
213 342.58125019073486 32.9946574563591
215 344.5851049423218 32.54347491271821
216 346.58931827545166 32.52930678282514
217 348.59280014038086 32.364312995622264
218 350.5969796180725 33.10373852684145
220 352.60070180892944 32.256696716417906
221 354.6049702167511 33.125732369077305
222 356.6084794998169 32.735302664165104
223 358.6119239330292 33.004264373831774
225 360.6162893772125 32.239707431421444
226 362.619891166687 32.3670725389894
227 364.62385725975037 33.274113437305054
228 366.6279616355896 32.674817595015575
230 368.6320607662201 33.057190822942644
231 370.6369490623474 32.98121812265332
232 372.6408224105835 32.72024577833126
233 374.6447319984436 32.88025175591532
235 376.6486222743988 33.34438698372966
236 378.652663230896 33.03800625390869
237 380.6559557914734 32.94708192620387
238 382.6599781513214 32.20583396884735
240 384.6639938354492 33.2152988
241 386.6678214073181 32.53509841744548
242 388.67173433303833 33.51569131513648
243 390.6752257347107 33.42396544319601
245 392.67962670326233 33.21185160725453
246 394.68297505378723 32.46765647352025
247 396.6866137981415 32.470166031152644
248 398.6905379295349 32.848963495630464
250 400.69401955604553 32.61270138490331
251 402.6978802680969 33.23311631382316
252 404.70193338394165 32.472658274363745
253 406.7058229446411 33.37352514678326
255 408.7107710838318 32.333961020535156
256 410.713698387146 33.19463984971822
257 412.71756768226624 34.25814818523154
258 414.7213280200958 32.8302918
260 416.72517466545105 32.30627922837586
261 418.72893047332764 32.18384199750312
262 420.73276233673096 32.566973947696134
263 422.7364134788513 33.218071310861426
265 424.7405569553375 32.791891564455575
266 426.7441740036011 32.784504284821985
267 428.74797105789185 32.63785289028213
268 430.7518057823181 33.1324133250156
270 432.7555549144745 33.50252645807259
271 434.7592694759369 32.36483395755306
272 436.76363492012024 32.794807001862196
273 438.7676775455475 33.075037411325454
275 440.77112078666687 32.45685655860349
276 442.77434253692627 33.59769674185464
277 444.77845215797424 32.18311400749064
278 446.7819299697876 32.819167679799875
280 448.7866156101227 32.946435012468825
281 450.79051756858826 32.222607433188315
282 452.7940092086792 33.19644154806492
283 454.7982518672943 32.169318827199
285 456.8023614883423 32.67503193026152
286 458.80620288848877 33.0568185
287 460.8101305961609 32.46461948717948
288 462.81416273117065 32.9556151
290 464.8178963661194 32.54740097196262
291 466.8219153881073 32.50518393996248
292 468.82559299468994 32.95304234560199
293 470.83020210266113 32.6474552238806
295 472.833571434021 32.80407511830635
296 474.83760380744934 32.287262144638404
297 476.84142565727234 32.86568661654135
298 478.8454546928406 33.315498259236065
300 480.8494815826416 22.964754257178527
300 482.8529284000397 0.1454038226108682
300 484.85678124427795 0.1365473420888055
300 486.8599967956543 0.13309051842598377
300 488.8640456199646 0.13749986326911126
300 490.86785531044006 0.16204998123827394
300 492.8717472553253 0.1656828
300 494.8755087852478 0.1661466500622665
300 496.87912225723267 0.16604339999999998
300 498.88341188430786 0.16177421777221526
300 500.88708877563477 0.16575185093167702
300 502.89275670051575 0.11299550031075203
300 504.8976240158081 0.18393516469857055
300 506.9016704559326 0.17734421972534334
300 508.90540385246277 0.1688940587867417
300 510.9090416431427 0.16797356695869836
300 512.913177728653 0.16409933791380388
300 514.9172008037567 0.16416749531542787
300 516.9210033416748 0.162958647463995
300 518.9244816303253 0.162771328320802
300 520.9277400970459 0.16231188986232792
300 522.9313497543335 0.16368000000000002
300 524.935308933258 0.16242918176139912
300 526.9389231204987 0.1598328
300 528.942400932312 0.1346735290443473
300 530.946099281311 0.15908850904553962
300 532.9499955177307 0.1609283188044832
300 534.9537329673767 0.1597656606136506
300 536.9581506252289 0.19861576059850375
300 538.9618935585022 0.09981338336460287
300 540.9652817249298 0.15851342910680824
300 542.968955039978 0.1586374484052533
300 544.9727127552032 0.16258764815970056
300 546.9764606952667 0.15970301438399
