0 1.1935784816741943 24.87797057871811
2 3.1974294185638428 23.651518304239403
3 5.201465368270874 23.928853399750935
5 7.205260515213013 23.787619513412352
6 9.209211349487305 23.78615008760951
8 11.213618755340576 23.98772839751553
9 13.216649770736694 23.597814692355502
11 15.22075080871582 23.37661501858736
12 17.224897623062134 23.391165165315034
13 19.228940725326538 23.69048438902743
15 21.232744216918945 23.893810305676855
16 23.236986875534058 23.805853009345796
18 25.240816831588745 23.610135227414332
19 27.244247436523438 23.7268601
21 29.24937629699707 23.488119551681194
22 31.253716230392456 23.50764503113325
24 33.25775146484375 23.595281349156778
25 35.261536598205566 23.319014029850745
27 37.26541709899902 23.191756223602482
28 39.2691593170166 23.42588403486924
30 41.273324489593506 24.017316754057425
31 43.27717590332031 23.35285877957659
33 45.28110718727112 23.735312988147225
34 47.284791707992554 23.38295226765799
35 49.289088010787964 23.612059937772244
37 51.29292893409729 23.49442964441672
38 53.296916007995605 23.721802367601246
40 55.30058670043945 24.024824946775205
41 57.304510831832886 23.791008519675202
43 59.30832028388977 23.62715181082763
44 61.31234383583069 23.843924770186337
46 63.31730628013611 24.21894144638404
47 65.3210916519165 24.312034122752635
49 67.32484292984009 23.62173077306733
50 69.32899141311646 23.445690673316708
52 71.33225560188293 23.783198904791536
53 73.33617782592773 23.361230386052302
54 75.34050631523132 23.496408189762796
56 77.34439826011658 23.76617504358655
57 79.34851336479187 23.46016837905237
59 81.3521044254303 23.6532742
60 83.35599112510681 23.15982233312539
62 85.3602237701416 23.496407454659163
63 87.36377739906311 24.978166991260924
65 89.36704897880554 22.761764200000002
66 91.371258020401 22.730746466916354
68 93.37505412101746 23.667113508114856
69 95.37869334220886 23.72733076345432
71 97.38259506225586 23.44074909544604
72 99.38647174835205 24.680084436137072
73 101.3904070854187 23.470428329177057
75 103.39429140090942 23.9595864753587
76 105.39783930778503 23.79485145352464
78 107.4023802280426 23.82174314733542
79 109.40581250190735 23.54386543640898
81 111.40964698791504 23.36126670830731
82 113.41398525238037 23.565659588271988
84 115.41816830635071 23.7221878282514
85 117.42180323600769 23.422381757009344
87 119.42568802833557 23.594320847352023
88 121.4297661781311 23.7226478353088
90 123.43333530426025 23.341098526841446
91 125.43768501281738 23.67978733416771
92 127.44156098365784 23.406757476577138
94 129.44539284706116 23.6522024
95 131.44988346099854 23.769922601626018
97 133.4536964893341 23.582126483790525
98 135.4577398300171 23.449718706467664
100 137.46161270141602 23.408740012476606
101 139.46571135520935 23.572756662515566
103 141.4696066379547 23.423494825870648
104 143.47346544265747 23.215821123595507
106 145.47715401649475 24.201760894409936
107 147.48088264465332 23.575056789506558
109 149.4846646785736 23.520857028714108
110 151.48873114585876 23.658558700811994
111 153.49259424209595 24.320121823860088
113 155.49716234207153 24.480463331253898
114 157.50164818763733 22.850130872817957
116 159.50537204742432 23.107208667496888
117 161.50916862487793 23.674125
119 163.5136523246765 23.615869353233833
120 165.51743483543396 23.410727390761547
122 167.52101111412048 23.645945384134915
123 169.52501130104065 23.457184438902743
125 171.52912616729736 23.549628335419275
126 173.53331089019775 23.61553445482866
128 175.5372130870819 23.796163200000002
129 177.5408651828766 23.429081524047472
130 179.54453539848328 24.167017596034697
132 181.54863047599792 23.92263062616243
133 183.55213856697083 24.310291902682472
135 185.55598211288452 24.70157721393035
136 187.55977654457092 24.915948767979987
138 189.56369876861572 23.670376558603493
139 191.56765174865723 23.789335865084322
141 193.57086181640625 23.64085518955873
142 195.57638120651245 23.534329077306733
144 197.58001494407654 24.042669737171465
145 199.5837676525116 23.049365326695707
147 201.58759689331055 23.35453521549032
148 203.59192991256714 23.809702108546478
149 205.59555459022522 23.655075689223057
151 207.59935212135315 23.05291373134328
152 209.60294032096863 23.81781002506266
154 211.60729122161865 22.8727689
155 213.61060690879822 23.425491667707682
157 215.61457014083862 23.326315505617977
158 217.61840844154358 23.67971997507788
160 219.62237691879272 23.44230388022458
161 221.62605595588684 23.832642495321274
163 223.6298484802246 23.679773724267
164 225.6331114768982 23.538057570093457
166 227.63636827468872 23.419658540237055
167 229.6413688659668 23.520204134495643
169 231.64511823654175 23.490886658385094
170 233.64912676811218 23.65489531385954
171 235.65305590629578 23.340436517412936
173 237.65668773651123 23.49727092834891
174 239.66021490097046 23.0842135
176 241.66448974609375 24.290405267080743
177 243.66818761825562 23.56141621486571
179 245.67380142211914 23.050660685358253
180 247.67645931243896 23.35336790988736
182 249.68050146102905 23.522267380211577
183 251.68427920341492 23.689132875857766
185 253.68827486038208 23.50494231105559
186 255.6921088695526 24.019361897627963
188 257.6958758831024 23.493781186758277
189 259.69942569732666 22.504596490354697
190 261.7032256126404 23.666750819262038
192 263.7077987194061 23.43509816364772
193 265.71060252189636 23.775757602996254
195 267.7148172855377 23.23973110834371
196 269.7185823917389 23.521440794537554
198 271.72257709503174 23.739690168224296
199 273.72617864608765 23.65706606741573
201 275.7301666736603 23.65781343320849
202 277.7336344718933 23.312905935162096
204 279.737587928772 23.286210348258706
205 281.74217534065247 23.5299883572767
207 283.74546933174133 23.300395153029356
208 285.74956130981445 24.293272149068322
209 287.75321888923645 23.847891571072317
211 289.7570130825043 25.779163777360854
212 291.76077938079834 23.566379052369076
214 293.7648365497589 22.8693964903547
215 295.76936197280884 25.110819701492538
217 297.77326464653015 24.120196961394768
218 299.77699613571167 24.29585907615481
220 301.7810788154602 23.7875242
221 303.78484654426575 24.57725928705441
223 305.78877902030945 23.550853765586037
224 307.7924084663391 22.974976458852865
225 309.7964153289795 23.61990539563863
227 311.80052042007446 23.28169649844237
228 313.80455446243286 23.813453583021225
230 315.8082628250122 24.006306492211838
231 317.811886548996 23.820353333333333
233 319.81607151031494 23.62058855721393
234 321.8198721408844 23.88091159076731
236 323.8239390850067 23.55742241099313
237 325.8277747631073 23.325144
239 327.83148741722107 22.803130218068535
240 329.83577394485474 23.417074470734743
242 331.83993124961853 23.632698899999998
243 333.8441963195801 23.87332124843945
244 335.847695350647 23.17542696517413
246 337.8522117137909 24.191666217228462
247 339.8558416366577 23.936253665835412
249 341.85947275161743 23.340489088639202
250 343.86281633377075 23.753839800995024
252 345.86620569229126 23.10564172177168
253 347.8703258037567 23.40518625858838
255 349.87424778938293 23.427120049720322
256 351.87912368774414 23.472895561097257
258 353.88191294670105 23.725754199999997
259 355.885910987854 24.19547427148194
261 357.8900980949402 25.100177556109728
262 359.89334082603455 23.675049476309226
263 361.89720344543457 23.606205828144457
265 363.9020049571991 23.36267875156055
266 365.90576815605164 23.816679299999997
268 367.9095425605774 23.888857528089886
269 369.9132990837097 23.56660259351621
271 371.91720366477966 23.25108296573209
272 373.9212565422058 23.548266433479075
274 375.92475724220276 23.474774495641345
275 377.9290647506714 23.600456129837703
277 379.93245339393616 23.39888598130841
278 381.93639874458313 23.494271138923654
280 383.93970680236816 23.053093698630136
281 385.94292974472046 23.349607086712414
283 387.9469974040985 23.245556861768367
284 389.9509689807892 23.124207629768605
285 391.95493268966675 24.81455979937304
287 393.9586908817291 23.8679017
288 395.96255922317505 24.023146666666666
290 397.9662597179413 24.051222186133668
291 399.9700040817261 23.651556132252026
293 401.97420358657837 23.83792949406621
294 403.97767758369446 23.6810479
296 405.9812364578247 23.602516127420362
297 407.98534083366394 23.80663163431434
299 409.9892809391022 23.89161071339174
300 411.9931344985962 4.4431955
300 413.99667406082153 0.14458866416978777
300 416.0000469684601 0.14450964441671865
300 418.00328612327576 0.14127499687304565
300 420.00642585754395 0.14586953692115143
300 422.01012206077576 0.1512663585259213
300 424.01333928108215 0.14173318323952472
300 426.0170531272888 0.14732841973766397
300 428.02156925201416 0.15231569192235442
300 430.02555108070374 0.14211222013758598
300 432.02918124198914 0.15362955541640574
300 434.0327286720276 0.1389289693941287
300 436.03646183013916 0.14414117647058822
300 438.039755821228 0.14301236907730674
300 440.0432858467102 0.14472600750938672
300 442.04693484306335 0.16336320601127113
300 444.05092573165894 0.16276313823163138
