0 1.4902784824371338 46.645537655860345
1 3.4939427375793457 45.972480598503736
2 5.497741937637329 45.68356634959852
3 7.502027750015259 45.80625787709497
4 9.505701065063477 45.60115673926571
5 11.511015176773071 47.004607365158094
6 13.514930009841919 45.81107337913804
7 15.518921136856079 46.45655711442786
8 17.52304458618164 46.295136577473556
9 19.52697467803955 46.97129323383085
10 21.530811309814453 45.88192718652527
10 23.534674644470215 46.11888399500624
11 25.538851261138916 45.626413760200876
12 27.542491674423218 46.18182127023661
13 29.546570301055908 46.25611722084367
14 31.550431966781616 45.666346500622666
15 33.55401849746704 46.669845161290326
16 35.557600021362305 47.04368716863721
17 37.56173324584961 45.9308996039604
18 39.56543755531311 46.508255321272614
19 41.56868934631348 46.328080398505605
20 43.57323598861694 47.2506189
21 45.57792687416077 45.947275878336434
22 47.582374572753906 46.62694598757764
23 49.58676552772522 46.08397389788294
24 51.59043550491333 45.620182058640054
24 53.594218015670776 46.5892723573201
25 55.598339796066284 46.5177477076827
26 57.60273361206055 45.94018753117207
27 59.60604166984558 46.08058137631742
28 61.60930013656616 46.0075999503414
29 63.612740993499756 46.70898144638404
30 65.61695957183838 45.88707987569919
31 67.62053394317627 46.857650904553964
32 69.62444496154785 45.251846245353164
33 71.62854337692261 46.497979388646286
34 73.63195872306824 46.23603970074813
35 75.63566517829895 46.364573025577045
36 77.63946104049683 46.1581969689441
37 79.64414238929749 45.349964962779154
37 81.64790081977844 46.53566836544438
38 83.65192770957947 45.623744139650874
39 85.65538048744202 46.64979483468497
40 87.65917801856995 45.907038802245786
41 89.66325855255127 46.399123838006226
42 91.66695284843445 46.1660551552795
43 93.67127847671509 46.12848479400749
44 95.67451572418213 46.434901240694785
45 97.67875146865845 45.51261382899629
46 99.68243622779846 46.25378312655087
47 101.68647694587708 46.05104703841388
48 103.69027519226074 46.574176939412865
49 105.69413495063782 46.66772447761194
50 107.69758224487305 46.16019552220138
51 109.70150303840637 46.11733549190535
52 111.70554256439209 45.81283808576756
52 113.71086955070496 46.38707982576229
53 115.7147364616394 46.42195152119701
54 117.71820712089539 45.919766902545
55 119.72187829017639 46.44739431421446
56 121.7258825302124 45.8296799003736
57 123.7294921875 46.70259902924705
58 125.7335479259491 46.98619441396509
59 127.73790264129639 46.2946089470405
60 129.7411665916443 46.58974723987539
61 131.74508237838745 46.551549993792676
62 133.74887490272522 46.76416189290162
63 135.7528383731842 46.26280968342644
64 137.7566909790039 46.25450935323383
65 139.76024436950684 45.89377564134496
65 141.7644019126892 46.63764896939413
66 143.76824736595154 46.8036077258567
67 145.77251172065735 46.45695233830846
68 147.77677583694458 46.51708919626168
69 149.78075551986694 45.61168228146311
70 151.78471517562866 46.76471260923845
71 153.78882670402527 46.428843817841546
72 155.79276776313782 46.029933233830846
73 157.79618501663208 46.24750227753578
74 159.80131483078003 45.8094801494396
75 161.80413007736206 45.493398282514
76 163.80778336524963 45.947377203231824
77 165.8110294342041 46.442103482587065
78 167.8147110939026 46.19406483790524
79 169.81845092773438 46.600070403977625
80 171.82286643981934 46.00207323803605
80 173.82671117782593 46.349418362282876
81 175.83056616783142 45.895695077495354
82 177.83436012268066 46.00859529558183
83 179.83983182907104 46.579470495049506
84 181.84386157989502 46.092716029776675
85 183.84785890579224 46.0015906583851
86 185.8513901233673 46.43846515927545
87 187.85586428642273 46.773099402985075
88 189.859525680542 46.19557970149254
89 191.86344528198242 46.56195292954264
90 193.8671591281891 46.551525572139305
91 195.87094521522522 46.23805719975109
92 197.87473249435425 46.13126907049283
93 199.87783432006836 46.47556686567164
93 201.88222694396973 46.40257736743606
94 203.88559532165527 46.71654252184769
95 205.88967752456665 47.36530388507183
96 207.892982006073 46.65776109794136
97 209.89723253250122 46.62297366583541
98 211.9009952545166 46.09938285714286
99 213.90515160560608 46.02424481091135
100 215.9087450504303 46.46286190180236
101 217.91248273849487 46.33695202492212
102 219.91638708114624 46.08302972568579
103 221.91982102394104 46.12618201743462
104 223.92321681976318 45.96583720698255
105 225.92720866203308 45.787923279503104
106 227.9310817718506 45.56033838509317
107 229.93559670448303 46.60669988742964
108 231.93918347358704 46.49391870646766
108 233.9435830116272 45.94562039408867
109 235.94723200798035 47.44966684931507
110 237.95103859901428 46.667787997504675
111 239.95502877235413 46.8368411684276
112 241.95907020568848 45.973375740162396
113 243.96284079551697 46.3733980262336
114 245.96747088432312 46.1410400996264
115 247.97148036956787 46.39335319677219
116 249.97516417503357 47.012979402985074
117 251.979229927063 46.495415925233644
118 253.98311305046082 45.59743930521092
119 255.98689198493958 46.15077343302181
120 257.99090123176575 45.89631421085465
121 259.9950771331787 46.3354425452277
121 261.99872636795044 46.045445164494105
122 264.0023441314697 45.316721839651954
123 266.0058157444 46.1843199004356
124 268.0096127986908 45.879600643962846
125 270.01342391967773 46.64441056416615
126 272.0172371864319 46.09346478450968
127 274.0210874080658 46.66611669172933
128 276.0252728462219 47.02442842892768
129 278.0299119949341 46.58042173641474
130 280.03340673446655 46.54142562694947
131 282.03748750686646 46.46319114427861
132 284.04125213623047 46.520437267080744
133 286.04519629478455 46.087249888198755
134 288.0486738681793 45.785790490378645
135 290.05285835266113 46.614408678304244
135 292.0567581653595 45.82033863692689
136 294.0606937408447 46.21160842367601
137 296.06378650665283 45.864725810055866
138 298.068240404129 45.80140278606965
139 300.072142124176 45.53476662120273
140 302.07661867141724 45.996871935683366
141 304.08060336112976 46.36869
142 306.08441042900085 46.137109931464174
143 308.08784461021423 45.79584736776602
144 310.09149265289307 46.01060499068901
145 312.09648609161377 45.70539017369727
146 314.1002893447876 45.93916704418171
147 316.1047468185425 46.44814725575607
148 318.10823035240173 46.350274717916925
149 320.112455368042 45.77048491620111
150 322.1158285140991 46.509457744548286
150 324.11984610557556 46.27938832917706
151 326.1235749721527 47.18404089330025
152 328.1272027492523 45.774416119402986
153 330.13181948661804 46.4516332169576
154 332.13540959358215 46.03716649657748
155 334.13918828964233 46.86716446662508
156 336.1428790092468 45.997353325031135
157 338.1467363834381 45.942705445482865
158 340.1509459018707 46.28923179039302
159 342.1549015045166 45.71640693928129
160 344.1594989299774 46.220564594257176
161 346.1635670661926 45.788908788067125
162 348.16753935813904 46.620746000000004
163 350.17127680778503 46.465875528103766
164 352.1750736236572 46.55727240474704
164 354.17903232574463 45.898542974486624
165 356.18304562568665 45.917461425914446
166 358.18734335899353 46.27752124921924
167 360.19164657592773 46.2613314
168 362.1961135864258 46.584847451713394
169 364.19992542266846 45.78045035558328
170 366.2035143375397 46.173219289719626
171 368.2072367668152 46.40278728410513
172 370.21088910102844 45.39055251403618
173 372.21601963043213 45.61355307596513
174 374.21877932548523 45.715513896185115
175 376.22260665893555 46.048955434243176
176 378.22707509994507 46.41525270704573
177 380.2305648326874 46.70996885572139
178 382.2347033023834 46.26897437305053
178 384.2385413646698 45.56884425108763
179 386.24236845970154 46.250934032459426
180 388.2461383342743 46.32789435643564
181 390.25037240982056 45.276573656114216
182 392.2540807723999 46.188621736972706
183 394.2578730583191 47.57990179789213
184 396.2611300945282 47.53638263027295
185 398.2650909423828 45.45443548946716
186 400.26913928985596 46.041262807453414
187 402.27252888679504 46.27895724483406
188 404.2763464450836 46.0820914713217
189 406.2799439430237 45.391957617866005
190 408.2840836048126 46.04881468071916
191 410.2886769771576 46.0477529807094
191 412.29245710372925 46.0972544200627
192 414.295996427536 46.31179458515284
193 416.3000385761261 45.90192577833126
194 418.30367946624756 45.93057022967101
195 420.3079879283905 45.72276562889165
196 422.31144428253174 46.43545407085146
197 424.31561851501465 46.3629886
198 426.31911754608154 46.77991306300686
199 428.3241786956787 46.040822417854926
200 430.32663774490356 46.505344437538845
201 432.3303999900818 46.105334731585515
202 434.33424973487854 46.68413323383084
203 436.33836245536804 46.85791789868668
204 438.34230160713196 45.54645326708074
205 440.3462944030762 45.72587088418431
205 442.35141158103943 46.602517579538365
206 444.3549463748932 46.9013346974423
207 446.3587226867676 46.42354048477315
208 448.3625226020813 46.89990334369173
209 450.3663032054901 46.233158978193146
210 452.37050890922546 46.1160666749844
211 454.3741114139557 46.00730279329609
212 456.3777549266815 46.40793689719626
213 458.38145565986633 46.42094577998757
214 460.3853042125702 46.48783412570006
215 462.38918566703796 45.53184327950311
216 464.3932273387909 47.11771387297634
217 466.3971936702728 46.28795514018692
218 468.4008285999298 46.29889830845771
218 470.40449953079224 46.28370338080495
219 472.40813755989075 46.83943570536829
220 474.41353940963745 46.34139459863099
221 476.41724038124084 46.19674350030921
222 478.4215452671051 45.74986643347908
223 480.4254925251007 46.244575118898624
224 482.4287259578705 45.99237363352095
225 484.433712720871 46.20044847880299
226 486.4368796348572 46.0797383635228
227 488.4402804374695 46.911223899999996
228 490.4445569515228 46.75347747211896
229 492.44829750061035 46.08279306300686
230 494.4520399570465 46.213357958929684
231 496.4563009738922 46.461438904791535
232 498.4599857330322 45.97039751707015
232 500.4640052318573 45.71567930434783
233 502.4677529335022 46.31766847204969
234 504.4717450141907 46.12990943302181
235 506.47587847709656 46.3765215920398
236 508.481164932251 46.68135747368421
237 510.4846405982971 45.932368578553614
238 512.4896636009216 46.1847386
239 514.493369102478 45.93940024844721
240 516.4969303607941 45.96125959133127
241 518.5005919933319 46.38919505926388
242 520.5042808055878 45.73582259788689
243 522.5082285404205 46.629329291925465
244 524.511745929718 46.89749180857676
245 526.5157563686371 46.64470752019888
246 528.5198724269867 46.23437338317757
247 530.5235517024994 46.23329235367372
247 532.5278606414795 46.74874426966292
248 534.5311796665192 45.48735811648079
249 536.5348167419434 46.81046172284644
250 538.5390946865082 46.07247203980099
251 540.5439910888672 45.85624701056557
252 542.5480537414551 46.59851791044776
253 544.5519151687622 45.53562033561218
254 546.5559968948364 45.90090210656753
255 548.5598530769348 45.580167354037265
256 550.5639426708221 46.94443211970075
257 552.5679516792297 46.336293997509344
258 554.5714476108551 46.337017783312575
259 556.5755372047424 45.39430581840642
260 558.5789186954498 46.7163579
261 560.5830035209656 46.14203523987539
262 562.5865609645844 46.366020759178596
262 564.5913376808167 46.21398582341891
263 566.5948832035065 45.82707534536403
264 568.5991156101227 46.04857436408978
265 570.6039879322052 45.79064189054726
266 572.6067895889282 46.176633524283936
267 574.6109583377838 46.00535245657568
268 576.6150522232056 45.841811172069825
269 578.6181752681732 45.955831160769705
270 580.6219689846039 46.50248064556176
271 582.6254720687866 47.14417440993789
272 584.6296598911285 46.16019710723192
273 586.6332495212555 46.41772164794008
274 588.6368219852448 46.466153382716044
275 590.6409118175507 46.3220047761194
275 592.6446914672852 46.13708353673724
276 594.64834856987 45.632008054692356
277 596.6530697345734 45.767186940809964
278 598.6561245918274 46.06639170518426
279 600.6600940227509 45.967950677439404
280 602.6636793613434 46.04633140012446
281 604.6678464412689 45.934176039603955
282 606.671893119812 45.85860306542056
283 608.6759095191956 46.10448397515528
284 610.6795446872711 45.99325538461538
285 612.6835119724274 46.00322863157895
286 614.6873109340668 46.34172738346799
287 616.6906740665436 46.69158845721424
288 618.6944227218628 46.07461396745933
289 620.6989455223083 45.92385353233831
289 622.7028121948242 46.632561398252186
290 624.706835269928 46.089099788425635
291 626.7110176086426 45.69880214330218
292 628.7148277759552 46.13184298136646
293 630.7188608646393 46.485340610591905
294 632.7224197387695 45.64667611940298
295 634.7259645462036 46.331800522063396
296 636.729887008667 46.422666468032276
297 638.734739780426 46.24318327317984
298 640.7387208938599 46.65599680598877
299 642.7427570819855 46.26508247654784
300 644.7465636730194 22.522604333748443
300 646.7505204677582 0.1391932042473454
300 648.7540278434753 0.14041862327909888
300 650.7571728229523 0.13104629213483146
300 652.7610983848572 0.1333982
300 654.7643792629242 0.1341926
300 656.7682764530182 0.1469542679127726
300 658.7714471817017 0.13323580000000002
300 660.7751789093018 0.13388405506883605
300 662.7787268161774 0.13504300563556668
300 664.7819135189056 0.1324729044347283
300 666.7859170436859 0.15264290544771447
300 668.7893846035004 0.13604993120700437
300 670.7939462661743 0.14737565109034267
300 672.79758644104 0.13734498122653316
300 674.8014822006226 0.13915049282595132
300 676.8057160377502 0.1587857
300 678.8096089363098 0.14572507817385866
300 680.8139507770538 0.15907665418227215
300 682.8172755241394 0.1378804741110418
300 684.8216824531555 0.14082936329588017
300 686.8250546455383 0.14039765146783262
300 688.8285653591156 0.16403995006242197
300 690.8321440219879 0.14189106382978722
300 692.8356256484985 0.1367715533374922
300 694.8391046524048 0.1381721121495327
300 696.8430171012878 0.14319880149812733
300 698.8462841510773 0.13175749687108887
300 700.8501327037811 0.13757065502183408
300 702.8543682098389 0.13428734082397004
300 704.8579363822937 0.1350492
300 706.8616902828217 0.13634079999999998
300 708.8650677204132 0.1381045539613225
300 710.8687036037445 0.13915812617114304
300 712.8725414276123 0.1788167395377889
300 714.8761620521545 0.136742144638404
300 716.8794565200806 0.13952870544090057
300 718.8830540180206 0.13661511555277953
300 720.8865456581116 0.13513414116177389
300 722.8900878429413 0.1393983239524703
300 724.894012928009 0.1440261
300 726.8977153301239 0.13991534126487165
300 728.9011647701263 0.14206558197747185
300 730.9047877788544 0.14726935665209243
300 732.9090385437012 0.18502678347934917
300 734.9125318527222 0.1649523
300 736.917533159256 0.1620298
300 738.9213132858276 0.163136802507837
300 740.9256753921509 0.16193659999999999
300 742.9291839599609 0.16198574108818012
300 744.9334955215454 0.16633843088418432
300 746.9374194145203 0.18400846824408468
300 748.9410979747772 0.16147291770573566
300 750.9450747966766 0.1917584019975031
300 752.9484868049622 0.13802437383177568
300 754.9521045684814 0.16561552911709454
300 756.9568140506744 0.16033571964956195
