0 1.1578235626220703 23.380452437810945
2 3.1611993312835693 24.102427314641744
3 5.165020942687988 24.067096059850375
5 7.168389320373535 25.17044137071651
6 9.173047542572021 22.808668311526482
8 11.175589561462402 23.8092485196752
9 13.179551124572754 23.75327193026152
11 15.18342661857605 23.406699587242027
12 17.187114000320435 23.77842487562189
13 19.190789937973022 23.544794303560273
15 21.194260835647583 23.8138558
16 23.19898748397827 23.386877013067828
18 25.202723741531372 23.865328049844237
19 27.206446647644043 24.058304721352535
21 29.210338830947876 23.562265635910222
22 31.214687824249268 23.59779241895262
24 33.21805262565613 23.417184915992532
25 35.222084760665894 23.713734383989994
27 37.22589921951294 23.48337085927771
28 39.22950053215027 22.465271805121798
30 41.233291149139404 24.377159153175594
31 43.23682188987732 23.72542974486621
32 45.24049162864685 25.039433907615482
34 47.24403476715088 23.85224509363296
35 49.247543811798096 24.61181473158552
37 51.25135827064514 23.05671312577833
38 53.2548143863678 23.460105836963287
40 55.25932168960571 23.40558962593516
41 57.262845039367676 23.7702266
43 59.26678729057312 23.4398584423676
44 61.2710440158844 23.797699900497513
46 63.27515006065369 23.6810234
47 65.27870750427246 23.743741038148844
49 67.28260517120361 23.381766986899564
50 69.28668999671936 23.3740619
51 71.29054307937622 22.96346265838509
53 73.29490685462952 23.54707404255319
54 75.2985475063324 23.689424069695082
56 77.30223989486694 24.06963932457786
57 79.30681204795837 23.657934809255785
59 81.31057572364807 22.855581945137157
60 83.31480717658997 23.346483591022444
62 85.3185703754425 23.089278804483186
63 87.32224178314209 23.43217766687461
65 89.32600283622742 23.39682783042394
66 91.33022904396057 23.741533291848164
68 93.33415293693542 23.71776149812734
69 95.33810710906982 23.435908142589117
71 97.34140872955322 23.765535940037477
72 99.34535908699036 23.663068692403485
73 101.3491108417511 23.66482994385527
75 103.35314226150513 23.298463482587064
76 105.35704064369202 23.610873108614232
78 107.36072707176208 23.506993532338306
79 109.36475324630737 23.76005066332916
81 111.3684012889862 23.138241895261846
82 113.37194108963013 23.427546400996263
84 115.37574911117554 23.945151119449655
85 117.37947273254395 23.83521856519027
87 119.38331246376038 23.6359253
88 121.38709688186646 23.307303611457037
90 123.39157724380493 23.839871419637273
91 125.39605283737183 23.149517759800872
92 127.4002583026886 23.474295955196016
94 129.40389275550842 23.785242089552238
95 131.4075973033905 23.312984408468242
97 133.41132950782776 23.687017342482843
98 135.4146544933319 23.511376359102247
100 137.41812300682068 23.427807187112766
101 139.42231488227844 23.465591238332294
103 141.42611598968506 23.70304546583851
104 143.43026995658875 24.096096159600997
106 145.43425631523132 23.615037206982546
107 147.43811511993408 23.61922854647536
109 149.4418375492096 23.528775407591787
110 151.44607067108154 23.603787031736154
111 153.44943475723267 23.48248552582452
113 155.45421051979065 23.220868713486638
114 157.45827436447144 23.72409572052402
116 159.46246814727783 23.62840443613707
117 161.46643567085266 23.18600438356164
119 163.47041392326355 23.465625751715532
120 165.4743161201477 23.753306666666667
122 167.47755646705627 23.081467331670822
123 169.4817328453064 23.401106932668327
125 171.4859220981598 23.04366753117207
126 173.49015641212463 23.37567270455965
128 175.4940493106842 23.892857564022485
129 177.49767422676086 23.966007964934253
131 179.50164771080017 23.812237605985036
132 181.5058557987213 23.49159994996873
133 183.50983548164368 23.901576670838548
135 185.51423978805542 24.0391468
136 187.51881456375122 23.649715399999998
138 189.52303791046143 23.866545164903545
139 191.5263855457306 23.5432702
141 193.5307993888855 23.620236009975063
142 195.5346245765686 23.614956803995007
144 197.53891849517822 23.447185400000002
145 199.54299330711365 24.042787742338962
147 201.54704356193542 23.94439067669173
148 203.5504686832428 23.97184788029925
150 205.5542540550232 23.15866676616915
151 207.55829167366028 23.505401643835615
152 209.56300616264343 23.206053796526056
154 211.5662395954132 23.235611257035647
155 213.5698697566986 23.320421628340586
157 215.57422542572021 23.7256288639201
158 217.5776379108429 23.474843368683718
160 219.58158087730408 23.66653334996881
161 221.58672881126404 23.853594218068537
163 223.5905318260193 23.410926679081314
164 225.59466338157654 23.543820724094882
166 227.59854125976562 23.488489323308272
167 229.60285925865173 23.27381316677077
169 231.60642766952515 23.846144398753893
170 233.61043405532837 23.465821806853583
172 235.61407136917114 23.62404837670384
173 237.61832189559937 23.510306874610105
174 239.62245178222656 23.83088139912555
176 241.6253490447998 23.57875146067416
177 243.6290943622589 23.537841505646174
179 245.632586479187 23.604294847161572
180 247.63625574111938 23.149683747657715
182 249.64070916175842 23.15209115697311
183 251.6445791721344 23.63114350592639
185 253.64946699142456 23.440493225605966
186 255.65316486358643 23.655584697819314
188 257.6571788787842 23.438455621890547
189 259.66118240356445 23.489927571606476
191 261.66484093666077 23.431387015576323
192 263.6686701774597 23.08301805486284
193 265.6724498271942 23.689417769470406
195 267.676278591156 23.40104424734541
196 269.6798527240753 23.4872825
198 271.6838297843933 23.2335274
199 273.6877534389496 23.50142058494088
201 275.6920864582062 23.37019944931164
202 277.69603419303894 23.819495015615242
204 279.700315952301 23.158558205607477
205 281.7035837173462 23.78590206724782
207 283.70717787742615 23.167835414330217
208 285.7122800350189 23.24241945137157
210 287.71600890159607 23.330489255784865
211 289.7200975418091 23.296114214463838
213 291.7248454093933 23.133144
214 293.7283751964569 23.595314385527136
215 295.73166489601135 23.632833951462352
217 297.73539090156555 23.048206824408467
218 299.73941588401794 23.355345879428217
220 301.74336767196655 23.433408099688474
221 303.7469856739044 23.587300895522386
223 305.75109934806824 23.01482477258567
224 307.7548551559448 23.952878901373285
226 309.75902009010315 23.248920897755614
227 311.7625689506531 23.219705619937695
229 313.7666175365448 23.369334831460677
230 315.770560503006 23.60319880448319
232 317.7746551036835 23.615704024922117
233 319.7796185016632 23.718124333748445
235 321.78364968299866 23.875976729088638
236 323.78725385665894 23.666928739076155
237 325.79110860824585 23.496405863354035
239 327.79504442214966 23.483203591022445
240 329.7990725040436 23.24814324189526
242 331.80341720581055 23.790172757973735
243 333.808385848999 23.47630904109589
245 335.81149220466614 23.563948471177945
246 337.8156216144562 23.230906349405135
248 339.8197064399719 23.25157839051778
249 341.8233177661896 23.2699128
251 343.8276536464691 23.2550317617866
252 345.8315794467926 23.12629052109181
254 347.83593249320984 23.341873842302878
255 349.8396186828613 23.251086741573033
257 351.84497690200806 23.3546643
258 353.84888529777527 23.40311721393035
259 355.8526175022125 23.13737215442092
261 357.85617566108704 23.41118609130707
262 359.8602178096771 23.65204137414116
264 361.8641006946564 23.218970843222987
265 363.8681643009186 23.650052634207242
267 365.87200140953064 23.416451346274265
268 367.8758955001831 23.330124227642276
270 369.87969279289246 23.2558952309613
271 371.88359355926514 23.154277605985037
273 373.887088060379 24.04767171036205
274 375.89060735702515 23.449120599625235
276 377.89466285705566 23.51871381931464
277 379.89859986305237 23.629015031210987
279 381.9023609161377 22.771285493133583
280 383.90672874450684 23.893277305053026
281 385.91118812561035 23.493901423220972
283 387.914644241333 23.527838998748436
284 389.9184834957123 23.34593602986932
286 391.9227430820465 23.671444782067248
287 393.9269094467163 24.633339277708593
289 395.9308271408081 24.471673919003116
290 397.93457984924316 24.5322101120797
292 399.9386878013611 23.61436049875312
293 401.94231629371643 24.89754603491272
295 403.9460971355438 24.596488689138578
296 405.94968843460083 23.53504817445483
297 407.9538924694061 23.23546866791745
299 409.9577238559723 23.5071765
300 411.96200728416443 0.1424171
300 413.9663429260254 0.13499775280898876
300 415.97021436691284 0.13126835727670208
300 417.9740295410156 0.12952239700374532
300 419.9780550003052 0.13089978763272953
300 421.98242020606995 0.1333806113537118
300 423.9856553077698 0.1341967
300 425.98920583724976 0.13373168847352024
300 427.99252486228943 0.13251332082551595
300 429.99618101119995 0.13378973717146433
300 431.99968338012695 0.13971687695190504
300 434.00303769111633 0.1340102
300 436.00618982315063 0.1347197
300 438.00949120521545 0.13221349968808485
300 440.013041973114 0.13329095208462974
300 442.0166449546814 0.1346605742821473
300 444.020366191864 0.13314348532167394
300 446.0237352848053 0.1320868913857678
300 448.02711296081543 0.13314869999999998
300 450.03172612190247 0.1343224030037547
300 452.0357904434204 0.13148943820224718
300 454.0395987033844 0.1315596
300 456.042927980423 0.13546105263157895
300 458.0462398529053 0.1329642052565707
300 460.0502896308899 0.1331845596502186
300 462.0538635253906 0.1345461827284105
300 464.0580871105194 0.1452734
300 466.0616788864136 0.13083997498436523
300 468.06546354293823 0.12896849469081825
300 470.069367647171 0.12913580988117573
300 472.0729775428772 0.13005298311444652
300 474.0766615867615 0.12881048034934497
300 476.08045530319214 0.13200279650436955
300 478.0840606689453 0.25824609238451934
300 480.087783575058 0.1625938423028786
300 482.0913712978363 0.1583339
300 484.09565258026123 0.17203870000000002
300 486.09928846359253 0.1620707116104869
300 488.1029169559479 0.17268316510903428
300 490.1068603992462 0.15971312070043778
300 492.11061358451843 0.16087925046845722
300 494.11405515670776 0.0977424766645924
300 496.1176567077637 0.17836896120150186
300 498.12151885032654 0.13679220487195504
300 500.12548828125 0.15912455284552846
300 502.1291592121124 0.13280880550343965
300 504.13273549079895 0.13243372891942537
300 506.1366069316864 0.1313172732958099
300 508.14042258262634 0.1567221486570893
300 510.1442356109619 0.13182363069245165
300 512.1482565402985 0.15794806491885144
300 514.1521954536438 0.13304649188514356
300 516.1565907001495 0.14396577861163226
300 518.1603274345398 0.1355974
300 520.1642780303955 0.1314134
300 522.1682498455048 0.1379867
300 524.1719763278961 0.13729840000000001
300 526.1756615638733 0.15912741854636592
300 528.17990899086 0.1624637
300 530.1836013793945 0.16108411027568922
300 532.1874210834503 0.16170233603997503
300 534.191202878952 0.16465250781738586
300 536.1946792602539 0.1661573483427142
300 538.1982343196869 0.15825505295950154
300 540.2021136283875 0.16117076826983134
300 542.2057619094849 0.1583412367270456
300 544.2095370292664 0.16014563591022446
300 546.2130904197693 0.11197611492816989
300 548.2179744243622 0.15763927545284198
300 550.2216577529907 0.16227252032520326
300 552.2255961894989 0.15960119850187265
300 554.2293393611908 0.16397672908863922
300 556.2329804897308 0.31446256089943786
300 558.2367990016937 0.12943029393370858
300 560.2405388355255 0.1300558
300 562.2444784641266 0.13115103060587133
300 564.2479331493378 0.1311926908635795
300 566.2521958351135 0.13180837905236908
300 568.2557272911072 0.12816730456535333
300 570.2596833705902 0.1282524266999376
300 572.2635462284088 0.1319617761100688
300 574.2671167850494 0.13224500625782226
300 576.2704951763153 0.12873887640449438
300 578.2742156982422 0.12897481852315393
300 580.2782077789307 0.1297632
300 582.2826957702637 0.13733376720901125
300 584.2869870662689 0.13185861163227017
300 586.2905883789062 0.12977272840273463
300 588.2943677902222 0.1298214232209738
300 590.2980849742889 0.12960319800124923
300 592.3023798465729 0.13021701436602123
300 594.3059694766998 0.1303300748129676
300 596.3099372386932 0.1599792129918801
300 598.3135483264923 0.16109758599124452
300 600.3172430992126 0.15593204247345407
300 602.3210339546204 0.17608244846970644
300 604.3242630958557 0.1591534
300 606.3285548686981 0.13468267667292058
300 608.3321933746338 0.12947515605493135
300 610.3362445831299 0.1297191489361702
300 612.3399963378906 0.13041763306199122
300 614.3447241783142 0.12869502803738317
300 616.3480551242828 0.13547209999999998
300 618.351565361023 0.13273790000000002
300 620.355320930481 0.13528540675844808
300 622.3588829040527 0.12908798004987532
300 624.3629703521729 0.1330205
300 626.3666760921478 0.13176650813516896
300 628.3702857494354 0.13411874843554444
300 630.3741641044617 0.13537530956848032
300 632.3778467178345 0.13209961322520275
300 634.3815762996674 0.1330384981226533
300 636.3851890563965 0.13672728179551122
300 638.3885517120361 0.133878574108818
300 640.3922746181488 0.13506220000000002
300 642.3956503868103 0.13579392879450344
300 644.3991873264313 0.13676425531914893
300 646.4026885032654 0.1348648094940662
300 648.4067630767822 0.16153866166353972
300 650.4104895591736 0.1580343
300 652.414534330368 0.16103489361702128
300 654.4182476997375 0.16421393258426967
300 656.4218294620514 0.15898559799624296
300 658.4256465435028 0.1722749436795995
300 660.4294772148132 0.1633253
300 662.4330351352692 0.1565123595505618
300 664.4370419979095 0.1573878326046221
300 666.4408228397369 0.1594815759849906
300 668.4446039199829 0.16172908067542213
300 670.4486980438232 0.15999320424734542
300 672.4522881507874 0.13153682102628286
300 674.45592045784 0.13419204005006258
300 676.4592852592468 0.14596577139287947
300 678.4633812904358 0.1308654
300 680.4675755500793 0.1282554806491885
300 682.4721548557281 0.13151359599749843
300 684.4763326644897 0.1294766228893058
300 686.4797937870026 0.13019755305867664
300 688.4834108352661 0.13256970752955818
300 690.4873983860016 0.1378667
300 692.4909899234772 0.13200720901126406
300 694.4949634075165 0.12998062421972534
300 696.4985044002533 0.13025499063085572
300 698.5024409294128 0.13084030000000002
300 700.5062282085419 0.13113923797626484
300 702.5103099346161 0.135439
300 704.5137598514557 0.13289224234853217
300 706.5174803733826 0.16037266708307307
300 708.5215265750885 0.15891023779724656
300 710.5257425308228 0.15704653774173424
300 712.5297186374664 0.15923018113678952
300 714.5345394611359 0.14326844333748442
300 716.5380525588989 0.1380865917602996
300 718.5410258769989 0.13106235807860261
300 720.5447897911072 0.1321508
300 722.5477199554443 0.13434176360225142
300 724.5509238243103 0.137562
300 726.5539674758911 0.13720675422138837
300 728.5571660995483 0.1380779
300 730.5603985786438 0.13505946081504702
300 732.5639102458954 0.1368620387742339
300 734.5679302215576 0.13591058823529412
300 736.5711312294006 0.14118994371482177
300 738.5744543075562 0.14677783614759224
300 740.577871799469 0.15170493765586035
300 742.5811469554901 0.13704353894080998
300 744.5841677188873 0.1328692
300 746.587290763855 0.13508832080200503
300 748.5923888683319 0.14652346849656894
300 750.5965399742126 0.13871109999999998
300 752.5997898578644 0.13138137328339577
300 754.6029970645905 0.13223410000000002
300 756.6066975593567 0.13580112429731417
300 758.6103761196136 0.1352361773891318
300 760.6147038936615 0.1518899
300 762.617928981781 0.13228893882646692
300 764.6213779449463 0.1323834809731753
300 766.6250312328339 0.1308598126171143
300 768.6293017864227 0.1322685321673954
300 770.6327488422394 0.1329303
300 772.6361134052277 0.1307751
300 774.6397366523743 0.14786776529338327
300 776.6431269645691 0.1337298377028714
300 778.646547794342 0.13430522229179712
300 780.6513874530792 0.15163487179487178
300 782.6551177501678 0.13093996252342288
300 784.6590406894684 0.161569442705072
300 786.6626977920532 0.15814798498122654
300 788.6663863658905 0.1581455
300 790.6701996326447 0.16075914893617022
300 792.6735289096832 0.15867960099750625
300 794.6778130531311 0.1309568519675203
300 796.681405544281 0.13131245942571784
300 798.6851284503937 0.12913768894440975
300 800.6888167858124 0.1441232
300 802.6924152374268 0.13198311055590256
300 804.6959292888641 0.13526404002501563
300 806.6993567943573 0.13475484355444303
300 808.7026815414429 0.12993559025608994
300 810.70649933815 0.13346744853399875
300 812.7099466323853 0.13688978776529337
300 814.71346783638 0.14454848560700875
300 816.71741938591 0.1420073
300 818.7214195728302 0.13614763092269327
300 820.7253558635712 0.14895840099937538
300 822.7293593883514 0.1539156027482823
300 824.7328593730927 0.13080005009392612
300 826.7364513874054 0.1311911055590256
300 828.7406938076019 0.1349282301438399
300 830.7442305088043 0.12947625468164795
300 832.7480618953705 0.13017877652933835
300 834.7517340183258 0.1318273
300 836.7552814483643 0.1336744603867748
300 838.7585635185242 0.1356026032540676
300 840.7628488540649 0.16111471651090342
300 842.7665774822235 0.1529540074906367
300 844.7703204154968 0.13854165413533837
300 846.7736575603485 0.13065043044291952
300 848.7786657810211 0.1437214777708203
300 850.7822713851929 0.13734096189881323
300 852.7863073348999 0.13617130706691682
300 854.7897958755493 0.1415154
300 856.7937707901001 0.13848815509693557
300 858.7970886230469 0.14244220000000002
300 860.8008055686951 0.1558374984365228
300 862.804212808609 0.1379236
300 864.8077857494354 0.14266252816020025
300 866.8112833499908 0.13367945102932002
300 868.8148612976074 0.137046
300 870.8190987110138 0.1387152
300 872.8228235244751 0.1334019237976265
300 874.8264553546906 0.13476585732165208
300 876.8300619125366 0.13479475327920049
300 878.8349812030792 0.13758883489096574
300 880.8387250900269 0.14698146341463414
300 882.8419194221497 0.13494928660826033
300 884.8455662727356 0.1390295
300 886.8492314815521 0.1439463670411985
300 888.8526709079742 0.13603335830212235
300 890.8557658195496 0.1350707615480649
300 892.859256029129 0.13790044887780548
300 894.8623971939087 0.13537048034934498
300 896.8661706447601 0.16327819999999998
300 898.869710445404 0.1435512
300 900.8735764026642 0.15305715710723194
300 902.8769602775574 0.1346895570804741
300 904.8805117607117 0.13565071830106185
300 906.8837566375732 0.13327509693558476
300 908.8875341415405 0.1385979
300 910.8907618522644 0.13792870000000002
300 912.8946101665497 0.14712851063829788
300 914.8982977867126 0.1372446558197747
300 916.9022743701935 0.1465271820448878
300 918.9057705402374 0.13687191011235955
300 920.9096851348877 0.1537423
300 922.9128408432007 0.13211544430538175
300 924.9164850711823 0.1407520299812617
300 926.9199819564819 0.14690555208983158
300 928.9236469268799 0.1415747842401501
300 930.9270780086517 0.1365321325828643
300 932.9304547309875 0.1381351
300 934.9342467784882 0.14197958827199
300 936.9378266334534 0.13336035021888681
300 938.9412739276886 0.13713559025608993
300 940.9447548389435 0.15397486858573217
300 942.9483635425568 0.160559
300 944.9514534473419 0.13774017521902376
300 946.9563274383545 0.14469319974953038
300 948.9596147537231 0.1335344
300 950.9628956317902 0.1351385
300 952.9663937091827 0.1378786
300 954.9695608615875 0.13368672897196263
300 956.9729251861572 0.13628249376558604
300 958.9762985706329 0.13750921348314607
300 960.9801235198975 0.15083662710805745
300 962.9834809303284 0.1396316604244694
300 964.9873416423798 0.13782844277673545
300 966.9910638332367 0.141901588492808
300 968.9946959018707 0.14427053817271587
300 970.9981715679169 0.14264455284552843
300 973.0015199184418 0.13936120075046904
300 975.005140542984 0.1390773466833542
300 977.0083947181702 0.14266953154278575
300 979.0122954845428 0.13646718397997498
300 981.0164349079132 0.15002873204247347
300 983.0195798873901 0.1334654
300 985.0231897830963 0.1311691
300 987.0268142223358 0.1391255860349127
300 989.0302736759186 0.1347535790131168
300 991.034236907959 0.1371425858838226
300 993.0378873348236 0.13582808510638297
300 995.0419042110443 0.13359750467872739
300 997.0458388328552 0.133529144284822
300 999.0494139194489 0.1319869918699187
300 1001.0530827045441 0.1477695679398873
300 1003.0565254688263 0.13424918851435705
300 1005.060301065445 0.13415620474406992
300 1007.0639131069183 0.1389196
300 1009.0675547122955 0.13813513445903688
300 1011.071126461029 0.1352216
300 1013.0761256217957 0.13539752963194013
300 1015.0797896385193 0.13312380475594493
300 1017.0833132266998 0.13444996245306634
300 1019.0867102146149 0.13288405253283303
300 1021.0905108451843 0.15423400374765772
300 1023.0936343669891 0.13705454091193003
300 1025.0976040363312 0.1574167564182843
300 1027.1015076637268 0.16117266708307307
300 1029.1055607795715 0.1592876356830942
300 1031.1093604564667 0.15993279999999999
300 1033.1132740974426 0.15930833229231728
300 1035.1168434619904 0.15933841349156777
300 1037.1207268238068 0.15783609999999998
300 1039.1244268417358 0.1601722076297686
300 1041.1282224655151 0.16131474342928662
300 1043.132432937622 0.16109403245942572
300 1045.1360266208649 0.1635437148217636
300 1047.140973329544 0.1608195
300 1049.1443181037903 0.16051612257661038
300 1051.1483752727509 0.1585423
300 1053.151817560196 0.1578114678326046
300 1055.1554040908813 0.15724487804878048
300 1057.1586422920227 0.1587607
300 1059.1624114513397 0.15974495940037475
300 1061.1664555072784 0.15921419113054341
300 1063.1701748371124 0.1590433020637899
300 1065.1743981838226 0.14090450405489707
300 1067.178228378296 0.13305950248756218
300 1069.1818444728851 0.15985357454772303
300 1071.1858372688293 0.16084561447286339
300 1073.1891434192657 0.16128
300 1075.193111896515 0.16130673341677096
300 1077.1965351104736 0.1582063789868668
300 1079.1997649669647 0.1583326579111945
300 1081.204760313034 0.15890688319800125
300 1083.2083957195282 0.15812551466001248
300 1085.2123696804047 0.17754613366645847
300 1087.215665102005 0.16045689999999999
300 1089.2197103500366 0.15785547902316843
300 1091.2232525348663 0.1603838
300 1093.2271661758423 0.1610161298377029
300 1095.2303502559662 0.15943810237203496
300 1097.2340021133423 0.1573414847161572
300 1099.2372026443481 0.1587556777014366
300 1101.2409002780914 0.006785318352059925
300 1103.245008468628 0.007012966207759699
300 1105.2485229969025 0.1819371
300 1107.2518310546875 0.1613352380952381
300 1109.2558970451355 0.15482650031191517
300 1111.259474992752 0.13293016270337923
300 1113.2641348838806 0.13270032459425718
300 1115.2680790424347 0.14296794503435353
300 1117.2718365192413 0.14459819999999998
300 1119.275957584381 0.1423023779724656
300 1121.2796506881714 0.136497246105919
300 1123.2836952209473 0.14031700748129675
300 1125.287469625473 0.13893350031308704
300 1127.2917320728302 0.14470891385767792
300 1129.295571088791 0.13580468827930176
300 1131.2989783287048 0.13651076154806494
300 1133.3028693199158 0.1423393652769135
300 1135.3067452907562 0.1371602
300 1137.3104619979858 0.1391439
300 1139.3141312599182 0.1377534123518403
300 1141.3180801868439 0.13681818863210493
300 1143.3216967582703 0.1390018
300 1145.3256378173828 0.1424993
300 1147.3301408290863 0.14289005600497823
300 1149.333844423294 0.1454489943785134
300 1151.3376698493958 0.1407938961851157
300 1153.341466665268 0.14280459425717854
300 1155.3448901176453 0.14052913070669168
300 1157.348882675171 0.1452642492211838
300 1159.3522193431854 0.13549226533166459
300 1161.3555927276611 0.13787070757670633
300 1163.3592793941498 0.1400121075672295
300 1165.3629097938538 0.1471808880550344
300 1167.3667359352112 0.156791
300 1169.370837688446 0.1484554
300 1171.3747143745422 0.13257201501877347
300 1173.3782937526703 0.1366734
300 1175.3824441432953 0.13790459036898062
300 1177.3860342502594 0.1335152119700748
300 1179.3896429538727 0.13930058566978193
300 1181.3946480751038 0.15237442786069652
300 1183.3986494541168 0.14123857766687462
300 1185.402575969696 0.13716836045056321
300 1187.4072906970978 0.1330925
300 1189.4109783172607 0.13965508442776733
300 1191.4147119522095 0.13868552154903185
300 1193.418164730072 0.1362925
300 1195.4219989776611 0.1389518898623279
300 1197.4256784915924 0.13896942355889724
300 1199.429374217987 0.13988284644194757
300 1201.4331340789795 0.1543008760951189
300 1203.4365952014923 0.14331742660836977
300 1205.4401133060455 0.14326848560700878
300 1207.443476676941 0.13780642901813633
300 1209.4472165107727 0.1357064
300 1211.4509642124176 0.1390714196372733
300 1213.4544703960419 0.1366893
300 1215.4591355323792 0.1510042
300 1217.4629573822021 0.1380979
300 1219.4671277999878 0.13437732833957552
300 1221.4705574512482 0.15935271366188397
300 1223.474621772766 0.15809089319175515
300 1225.4782531261444 0.1615213016270338
300 1227.4815006256104 0.15974521847690387
300 1229.4848840236664 0.159887
300 1231.4885256290436 0.16045006257822278
300 1233.491672039032 0.16217441802252816
300 1235.495646238327 0.15945861509669368
300 1237.4989750385284 0.1584071
300 1239.5025036334991 0.16232204871955028
300 1241.5059418678284 0.16092242348532168
300 1243.5092725753784 0.16262755777638976
300 1245.5126056671143 0.1593819
300 1247.5171592235565 0.16159410000000002
300 1249.5205562114716 0.16090906816760475
300 1251.524246454239 0.15915795255930087
300 1253.5276045799255 0.1577527
300 1255.5311102867126 0.1581762601626016
300 1257.5345482826233 0.1582130168644597
300 1259.5380823612213 0.15989769182782285
300 1261.5417222976685 0.1680059036898061
300 1263.5455310344696 0.15925126795752656
300 1265.5489811897278 0.1775388
300 1267.552616596222 0.16347444305381725
300 1269.555897951126 0.5488753
300 1271.5594069957733 0.18084702939337086
300 1273.5629193782806 0.15878393996247656
300 1275.5662682056427 0.16150825733916302
300 1277.5703172683716 0.15789956386292836
300 1279.5740976333618 0.1600428535669587
300 1281.5788180828094 0.16220355444305382
300 1283.5825316905975 0.1598828
300 1285.5860619544983 0.1602214
300 1287.589627981186 0.1821155
300 1289.5928747653961 0.10995324155193993
300 1291.596585035324 0.10806558197747185
300 1293.6004362106323 0.16138479649342516
300 1295.604293346405 0.10976530331457161
300 1297.607402086258 0.1589961
300 1299.6112914085388 0.15814286071205497
300 1301.615097284317 0.1537132
300 1303.6193268299103 0.15290733291692693
300 1305.62295627594 0.13060057464084948
300 1307.6263234615326 0.1385683947532792
300 1309.6307854652405 0.1346174640849469
300 1311.6345779895782 0.1325311360799001
300 1313.638273715973 0.13526735790131167
300 1315.6426429748535 0.1488590368980613
300 1317.647071838379 0.13952449157829072
300 1319.650574684143 0.13596577861163225
300 1321.654459953308 0.1506435522201376
300 1323.6577005386353 0.13541393258426968
300 1325.6617431640625 0.14486528160200252
300 1327.6653571128845 0.1365182238899312
300 1329.6693561077118 0.1368346
300 1331.6730916500092 0.13724282323547782
300 1333.6768379211426 0.13458431519699812
300 1335.6804139614105 0.13256225140712946
300 1337.6844758987427 0.1379534953271028
300 1339.6878979206085 0.13748534332084894
300 1341.6914615631104 0.14963128044971893
300 1343.6950101852417 0.14011527204502813
300 1345.6992783546448 0.14020751091703057
300 1347.70276927948 0.13996955708047412
300 1349.7077460289001 0.13954446941323345
300 1351.7115151882172 0.1414153846153846
300 1353.7155196666718 0.1426476
300 1355.7190520763397 0.13519520299812615
300 1357.723004102707 0.13976925578486554
300 1359.7262818813324 0.13653722118380063
300 1361.7302782535553 0.15381346683354194
300 1363.7338230609894 0.13354903185509057
300 1365.7374110221863 0.1351691193004372
300 1367.7406976222992 0.1361062336039975
300 1369.743984222412 0.13382488110137672
300 1371.7478518486023 0.14491907442151344
300 1373.7511639595032 0.1356088555347092
300 1375.7547361850739 0.14030828535669587
300 1377.758311510086 0.13621946283572767
300 1379.7619183063507 0.1344303620474407
300 1381.7652175426483 0.15051065420560747
300 1383.7698168754578 0.14730064837905238
300 1385.7730572223663 0.1326418
300 1387.7762649059296 0.13725936130244207
300 1389.7797684669495 0.13738550218340612
300 1391.7831313610077 0.13422739212007503
300 1393.7870199680328 0.14175940037476575
300 1395.7906711101532 0.15226656660412757
300 1397.794379234314 0.14441268414481898
300 1399.797564983368 0.1329382
300 1401.801160812378 0.15145761696818466
300 1403.8046309947968 0.13663249530956847
300 1405.807932138443 0.13138560398505603
300 1407.8111763000488 0.13338919999999999
300 1409.8147389888763 0.1350663
300 1411.8178505897522 0.1337934790755778
300 1413.8215181827545 0.13539737663960025
300 1415.82563662529 0.16048758104738153
300 1417.8296058177948 0.15788457786116322
300 1419.8332493305206 0.16053913696060038
300 1421.8366487026215 0.16079980024968787
300 1423.8407113552094 0.1638966353971232
300 1425.8442966938019 0.1592099061913696
300 1427.8485202789307 0.16165093183239523
300 1429.8521382808685 0.1581823720349563
300 1431.855812549591 0.1585132707942464
300 1433.85901927948 0.1579964912280702
300 1435.8628051280975 0.15717769999999998
300 1437.8664677143097 0.1575391380387258
300 1439.8702528476715 0.1585239549436796
300 1441.874261856079 0.15731677701436603
300 1443.878704071045 0.1590052
300 1445.8820343017578 0.16050211382113821
300 1447.8865740299225 0.15886909318323952
300 1449.890597820282 0.16309036295369211
300 1451.8943843841553 0.1617520901126408
300 1453.8982527256012 0.160094440974391
300 1455.901906490326 0.1616801
300 1457.9061102867126 0.15970255770430444
300 1459.9099605083466 0.16082491557223266
300 1461.9139261245728 0.15606050000000002
300 1463.9175310134888 0.15836057392389272
300 1465.9209752082825 0.15694819262038776
300 1467.9241287708282 0.15844869129618033
300 1469.9275891780853 0.15915504380475595
300 1471.9308948516846 0.15715850374064838
300 1473.9344191551208 0.15712169787765293
300 1475.9382810592651 0.15738919999999998
300 1477.9418394565582 0.15839330418488445
300 1479.9454607963562 0.15929823860087444
300 1481.9501795768738 0.15740239401496262
300 1483.9539258480072 0.15730411507191996
300 1485.9580659866333 0.1587908
300 1487.9617059230804 0.15890244389027433
300 1489.9657237529755 0.1591110555902561
300 1491.9691650867462 0.1581856
300 1493.9728665351868 0.1585582989368355
300 1495.976568698883 0.16209063322884013
300 1497.9803593158722 0.1612193
300 1499.9842252731323 0.15948500000000002
300 1501.9878005981445 0.15886298936835522
300 1503.9915540218353 0.1577218
300 1505.9956517219543 0.16117981214777707
300 1507.9997169971466 0.15911025608994378
300 1510.00333070755 0.15822908635794744
300 1512.0071413516998 0.16170240798502808
300 1514.0116348266602 0.16153324172392255
300 1516.0153727531433 0.1581367935121647
300 1518.0186462402344 0.15753677902621724
300 1520.022352695465 0.1593627
300 1522.026123046875 0.1592217
300 1524.0295538902283 0.1605963727329581
300 1526.0339376926422 0.16097071339173966
300 1528.0380256175995 0.18583444652908068
300 1530.0420215129852 0.16378626791277257
300 1532.0456516742706 0.15998078799249532
300 1534.0492780208588 0.16032359550561798
300 1536.0525975227356 0.1621237180286962
300 1538.05592751503 0.1592849530956848
300 1540.0594742298126 0.1580563
300 1542.0631878376007 0.160497
300 1544.0667488574982 0.16141952559300873
300 1546.0700600147247 0.1599131542785759
300 1548.0745031833649 0.15767850560398505
300 1550.078091621399 0.15953705735660847
300 1552.0814292430878 0.1617616968184654
300 1554.0854938030243 0.15829859014348097
300 1556.0892357826233 0.15704549999999998
300 1558.0926394462585 0.15662479999999998
300 1560.0964636802673 0.15879865084322298
300 1562.100251197815 0.16224479400749064
300 1564.103792667389 0.15724664169787766
300 1566.1074874401093 0.15623834896810507
300 1568.1106736660004 0.16014130000000001
300 1570.1152737140656 0.14410433479075577
300 1572.1189765930176 0.16135595252966894
300 1574.122920036316 0.15854540911930043
300 1576.1266865730286 0.1579843804755945
300 1578.1306467056274 0.15718475952529667
300 1580.1346650123596 0.15956863039399624
300 1582.1391651630402 0.15836387742338962
300 1584.14266371727 0.1595497557921102
300 1586.1462914943695 0.15657520249221182
300 1588.1494908332825 0.16122973141786384
300 1590.153335571289 0.16047251403618215
300 1592.1565716266632 0.15750182272159802
300 1594.1604070663452 0.15803334167709637
300 1596.1639840602875 0.15936630393996248
300 1598.1674919128418 0.1587146966854284
300 1600.171190738678 0.1615722173641474
300 1602.1746063232422 0.15688254522769807
300 1604.178211927414 0.1945264209868832
300 1606.1819112300873 0.15290297128589264
300 1608.185917377472 0.1356432459425718
300 1610.1895253658295 0.1319485
300 1612.193455696106 0.12887980000000002
300 1614.1979146003723 0.13472029887920298
300 1616.2015926837921 0.16087325421611492
300 1618.2056572437286 0.1605928589263421
300 1620.2092604637146 0.15959565271705184
300 1622.2132244110107 0.1570696943231441
300 1624.216798067093 0.15787063085571518
300 1626.2205412387848 0.1625198
300 1628.2245404720306 0.13450663341645885
300 1630.2278773784637 0.15662590880699562
300 1632.2316386699677 0.1725963727329581
300 1634.2350420951843 0.1603538211382114
300 1636.2389497756958 0.1577451907442151
300 1638.2424778938293 0.16130301438399
300 1640.2457213401794 0.1550527
300 1642.2494761943817 0.15857922403003755
300 1644.25315451622 0.16049489069331668
300 1646.2571108341217 0.1685864330413016
300 1648.2616810798645 0.16171652717051843
300 1650.2652597427368 0.16332841973766396
300 1652.2694334983826 0.16147862414008757
300 1654.2728817462921 0.15977826141338336
300 1656.2769541740417 0.1578524577861163
300 1658.2804491519928 0.15816523364485982
300 1660.2846670150757 0.1601183
300 1662.288323879242 0.1804178388507183
300 1664.2927684783936 0.1583179
300 1666.2962486743927 0.1582247
300 1668.3002517223358 0.16008044915782907
300 1670.3037977218628 0.16089034353529044
300 1672.3076560497284 0.16141119003115265
300 1674.311680316925 0.1603075233936369
300 1676.3152730464935 0.15893523452157599
300 1678.3190367221832 0.15949413233458176
300 1680.32302069664 0.15901657071339173
300 1682.3275020122528 0.15947815691158157
300 1684.331179857254 0.16194181363352095
300 1686.3348760604858 0.1629459824780976
300 1688.3382949829102 0.1608719449656035
300 1690.3423233032227 0.16092918073796122
300 1692.3459124565125 0.16102932999373826
300 1694.3494045734406 0.16479820112429733
300 1696.352795600891 0.1613626
300 1698.3565590381622 0.15935769712140177
300 1700.360044002533 0.15846857142857143
300 1702.3634026050568 0.1595827392120075
300 1704.3669106960297 0.16245269881026925
300 1706.370234489441 0.1604818
300 1708.3733322620392 0.15900956195244054
300 1710.3767728805542 0.15881374141161775
300 1712.3800883293152 0.15871269543464667
300 1714.3836197853088 0.1576359224515322
300 1716.3881440162659 0.1581422388993121
300 1718.3916211128235 0.1575545864661654
300 1720.3956234455109 0.15919309136420526
300 1722.399066209793 0.1611522
300 1724.4031476974487 0.17863710362047439
300 1726.4067733287811 0.16637711430356028
300 1728.410484790802 0.15933831355402875
300 1730.4138238430023 0.1604427465667915
300 1732.417328596115 0.15784863381160325
300 1734.4210312366486 0.1588518
300 1736.424506187439 0.15891524405506882
300 1738.4278919696808 0.15890100000000001
300 1740.4317617416382 0.16038356027482822
300 1742.435142993927 0.16050011257035648
300 1744.4389817714691 0.15830741573033708
300 1746.442628622055 0.16048900000000002
300 1748.447318315506 0.16546608369768895
300 1750.4510960578918 0.16545592986850344
300 1752.4549930095673 0.152322598376015
300 1754.4588632583618 0.1367854
300 1756.4623498916626 0.136331478477854
300 1758.4660828113556 0.1343138
300 1760.469479560852 0.13466846779237024
300 1762.4731106758118 0.13440668329177058
300 1764.4765396118164 0.13727138384470883
300 1766.4800698757172 0.14214187734668335
300 1768.4835999011993 0.14484215269086356
300 1770.4873580932617 0.13254588235294118
300 1772.4909410476685 0.13512175109443403
300 1774.494570016861 0.13352779026217226
300 1776.499189376831 0.1426035
300 1778.5026931762695 0.13649788881948782
300 1780.50656914711 0.1361455
300 1782.5113461017609 0.13996250000000002
300 1784.515644788742 0.1360135253600501
300 1786.5192141532898 0.135942
300 1788.5229363441467 0.13753951341235185
300 1790.5268709659576 0.1608847589229806
300 1792.530470609665 0.1586955847404628
300 1794.5342102050781 0.1604199
300 1796.5374174118042 0.1589222263914947
300 1798.5409443378448 0.15995912554653344
300 1800.5447075366974 0.16046709193245778
300 1802.547826051712 0.16020232645403376
300 1804.5510189533234 0.16076978111319576
300 1806.5546505451202 0.16101223264540337
300 1808.5579979419708 0.16287121098626717
300 1810.561543226242 0.15989653533458412
300 1812.5652167797089 0.15998730793254215
300 1814.5698411464691 0.1589752
300 1816.5736684799194 0.16172217636022515
300 1818.577394247055 0.15953359150530919
300 1820.5813479423523 0.1598905315822389
300 1822.5850613117218 0.16581546533416613
300 1824.5887341499329 0.1608326
300 1826.5923161506653 0.1597417772215269
300 1828.5958592891693 0.15913388264669162
300 1830.5994808673859 0.1632599749687109
300 1832.6031384468079 0.17966762320648783
300 1834.6068732738495 0.1605912
300 1836.61057472229 0.1591925
300 1838.613820552826 0.15900284644194757
300 1840.6180942058563 0.1585925187032419
300 1842.621704339981 0.15998504672897196
300 1844.625366449356 0.15652660000000002
300 1846.6290509700775 0.15715582238899312
300 1848.6335654258728 0.158406783042394
300 1850.637032032013 0.1590113
300 1852.6409809589386 0.15945663960024986
300 1854.6444191932678 0.15970033813400125
300 1856.6477801799774 0.1571098
300 1858.6512441635132 0.15671254534083803
300 1860.6544885635376 0.15690636704119848
300 1862.6577143669128 0.15980891942535916
300 1864.6609935760498 0.15661822721598004
300 1866.6646118164062 0.15694951310861424
300 1868.6682674884796 0.15972224719101122
300 1870.6720201969147 0.15941356652092442
300 1872.6753525733948 0.1607838202247191
300 1874.6792554855347 0.15761495327102804
300 1876.682680606842 0.1573443804755945
300 1878.6863069534302 0.16059275905118603
300 1880.6904978752136 0.15914993742177722
300 1882.6957139968872 0.15978526579111946
300 1884.6995375156403 0.1583068
300 1886.7032232284546 0.1620047470331043
300 1888.706838607788 0.1628504
300 1890.7108306884766 0.15998579111944966
300 1892.7143938541412 0.1581991489361702
300 1894.7181479930878 0.15744140087554723
300 1896.721650838852 0.1653860337289194
300 1898.7253949642181 0.16193965087281795
300 1900.7290306091309 0.15941902621722848
300 1902.7329931259155 0.15745415576323987
300 1904.7363612651825 0.16032469706433478
300 1906.7398827075958 0.1598567
300 1908.7431075572968 0.1592008988764045
300 1910.746764421463 0.16194468457214242
300 1912.7501857280731 0.15722876404494382
300 1914.7540872097015 0.1586394
300 1916.7574701309204 0.16207670206121175
300 1918.7612080574036 0.15669123595505619
300 1920.7651629447937 0.13418259999999999
300 1922.7685084342957 0.13471950062421972
300 1924.7724239826202 0.13880730000000002
300 1926.776284456253 0.14084692933083176
300 1928.7804110050201 0.15850903629536922
300 1930.784065246582 0.15691445692883896
300 1932.7876465320587 0.15848653774173427
300 1934.7916662693024 0.15978593241551942
300 1936.7954759597778 0.162335278647464
300 1938.7989919185638 0.1604419
300 1940.802767753601 0.1620670919324578
300 1942.806851863861 0.15983219023779724
300 1944.8100442886353 0.1598162851782364
300 1946.814618587494 0.1617072
300 1948.8180820941925 0.15876077451592754
300 1950.82177567482 0.1502406003752345
300 1952.8258106708527 0.14020547158026234
300 1954.830242395401 0.13832878901373283
300 1956.8342702388763 0.1468413
300 1958.8378908634186 0.1489603
300 1960.8418531417847 0.14837783614759223
300 1962.8453841209412 0.1442053
300 1964.8493378162384 0.14097382224984464
300 1966.8531785011292 0.14246457891453526
300 1968.8569688796997 0.13738849656893323
300 1970.8612642288208 0.1439387149095446
300 1972.86487698555 0.1430672319201995
300 1974.8685796260834 0.1395797373358349
300 1976.8724777698517 0.14338031269543466
300 1978.8771541118622 0.14332903870162297
300 1980.8812594413757 0.16048489999999999
300 1982.8849420547485 0.1619918898623279
300 1984.888976097107 0.16170277881619938
300 1986.8923802375793 0.1781319675202998
300 1988.8962981700897 0.1584152808988764
300 1990.899446964264 0.16150887218045112
300 1992.903226852417 0.15976394753279202
300 1994.906590461731 0.18279081148564297
300 1996.9099221229553 0.18542101186758275
300 1998.9130568504333 0.16231289111389235
300 2000.9162638187408 0.16232004984423676
300 2002.920060634613 0.1622704
300 2004.9233553409576 0.16322491557223265
300 2006.9267280101776 0.15851904881101375
300 2008.9303748607635 0.10880990619136961
300 2010.9339699745178 0.1596288319800125
300 2012.9375276565552 0.1771859236067627
300 2014.9410586357117 0.16076212367270457
300 2016.9443197250366 0.14916162195882718
300 2018.9475734233856 0.1610924828017511
300 2020.9516217708588 0.16027249999999998
300 2022.9555826187134 0.158589008782936
300 2024.9593393802643 0.150365
300 2026.963015794754 0.1321250344395742
300 2028.9668126106262 0.10994596754057427
300 2030.9698383808136 0.15836165206508135
300 2032.9735035896301 0.15876185231539425
300 2034.9772856235504 0.1588159
300 2036.980718612671 0.15899268870867125
300 2038.9839870929718 0.1598459962523423
300 2040.9882032871246 0.16508047529706069
300 2042.9913849830627 0.15964704119850187
300 2044.9963819980621 0.1604150187734668
300 2046.9995515346527 0.16397921299188006
300 2049.0033926963806 0.16429797246558198
300 2051.006883621216 0.1610329912390488
300 2053.0104563236237 0.15916205256570715
300 2055.014556646347 0.13975453976205385
300 2057.0180790424347 0.1344814981273408
300 2059.022063970566 0.1399976044915783
300 2061.0259885787964 0.14465672090112638
300 2063.0299167633057 0.1604019
300 2065.033219575882 0.15822301061836352
300 2067.036546230316 0.1623725
300 2069.039680480957 0.15732222639149468
300 2071.0432736873627 0.16064750469043154
300 2073.0466854572296 0.1650367041198502
300 2075.050537109375 0.15830583541147134
300 2077.054129600525 0.1586344534665834
300 2079.058907032013 0.16341446595877576
300 2081.062961101532 0.15995499999999999
300 2083.066549062729 0.159462
300 2085.070329427719 0.15764893882646694
300 2087.073953151703 0.1590101
300 2089.0777184963226 0.16137993753903812
300 2091.081018447876 0.1592749468417761
300 2093.084418296814 0.16096620387742339
300 2095.087886571884 0.161578
300 2097.091886997223 0.1518759775140537
300 2099.0961825847626 0.1357197496871089
300 2101.0999886989594 0.153894531835206
300 2103.1036183834076 0.13646718397997498
300 2105.1077404022217 0.14164668753913587
300 2107.1114575862885 0.1322594378513429
300 2109.115547657013 0.14634118973074514
300 2111.1193907260895 0.1446274
300 2113.1233608722687 0.13389966186599875
300 2115.12676858902 0.13527328320802004
300 2117.1304852962494 0.13844616718266253
300 2119.133796453476 0.1411637
300 2121.1375963687897 0.14539627267041902
300 2123.141133546829 0.1414936335209506
300 2125.1448085308075 0.1400122923173017
300 2127.148374557495 0.1385844152595372
300 2129.1519050598145 0.13686791510611737
300 2131.155592441559 0.14015850093691443
300 2133.1592783927917 0.1409714928169894
300 2135.163095474243 0.1383142
300 2137.1670305728912 0.14187647279549717
300 2139.170342683792 0.14017897627965045
300 2141.175404071808 0.15411675405742822
300 2143.179204940796 0.15709359900373598
300 2145.182750940323 0.1384895321272614
300 2147.1865844726562 0.13951551681195518
300 2149.190432548523 0.14174503740648378
300 2151.1942002773285 0.14333700062227753
300 2153.1979887485504 0.13687840597758405
300 2155.202022790909 0.14038465958775764
300 2157.2056488990784 0.14502204488778056
300 2159.2094547748566 0.151978
