0 1.9337303638458252 33.59958435977514
2 3.937418222427368 31.878812422360248
3 5.941726446151733 33.810855811648075
4 7.945447683334351 33.34467595282433
5 9.948845624923706 32.98507089894606
7 11.952596664428711 33.356269844816886
8 13.956596612930298 32.45349898389095
9 15.960520029067993 32.86957751405372
10 17.964399099349976 32.485269632398754
12 19.9685959815979 33.2866297384807
13 21.97232675552368 32.74074294959552
14 23.976056337356567 34.58550218905473
15 25.980777740478516 33.59359455445545
16 27.984596729278564 32.12814551724138
18 29.98812246322632 34.62658428748451
19 31.991827964782715 33.81905716399507
20 33.99602127075195 33.62855510204081
21 36.0001335144043 32.61385820895523
23 38.004350423812866 32.19179270690728
24 40.00807976722717 33.492565220633935
25 42.01208853721619 31.86812701234568
26 44.016820430755615 32.6095251275669
28 46.020570039749146 33.17872957009346
29 48.02495503425598 32.03090588674549
30 50.02915859222412 32.96503085714286
31 52.03282070159912 33.188355126777985
33 54.03642725944519 33.75678258706468
34 56.04069471359253 32.51888
35 58.04532241821289 32.91440515809052
36 60.04975509643555 32.45302040917545
38 62.053874254226685 32.08279314285714
39 64.0576901435852 33.13044309597523
40 66.06174492835999 32.49516807955251
41 68.06514501571655 31.957424714640197
43 70.06874537467957 33.51509624302542
44 72.07261490821838 32.42636865671642
45 74.0761616230011 33.068889288389514
46 76.08046054840088 32.14839081481482
48 78.08374691009521 32.4934865
49 80.08784461021423 32.87049854568055
50 82.09174704551697 32.418971442786074
51 84.09639048576355 34.25999841289523
53 86.09938907623291 33.9271970093458
54 88.10337591171265 33.93841957763975
55 90.10740208625793 33.6080557515528
56 92.11191534996033 34.15968626476072
57 94.11583852767944 32.80334505603985
59 96.12008142471313 32.76183434243176
60 98.1242311000824 32.89620567145534
61 100.1279125213623 32.88030100683655
62 102.13164854049683 33.916799110562074
64 104.13565993309021 29.071774792826222
65 106.13952374458313 32.4823194044665
66 108.14349341392517 32.6443239653036
67 110.1475133895874 32.881896159601
69 112.15235114097595 32.139523387297636
70 114.15555715560913 33.3380521911856
71 116.160227060318 32.67562590428838
72 118.16331791877747 32.47899026217229
74 120.1669933795929 33.297667025673135
75 122.1711094379425 32.55500714107365
76 124.17514681816101 32.24442072229141
77 126.17922854423523 33.60681813200498
79 128.18330192565918 31.937675868077164
80 130.18678903579712 34.140551387678904
81 132.19027614593506 33.87953422001243
82 134.1941578388214 32.882716413449565
84 136.19806599617004 33.160665819314644
85 138.20186591148376 32.27515194029851
86 140.20595145225525 33.14218327725857
87 142.20967602729797 32.04934813349814
89 144.21378207206726 33.28207220973783
90 146.21780252456665 33.31064577114427
91 148.22164678573608 33.98081282784338
92 150.22583508491516 34.93007621419677
93 152.2294089794159 33.844577071960295
95 154.23341751098633 34.61969820655535
96 156.23695921897888 34.30108229426434
97 158.24260830879211 32.26508956629492
98 160.24574613571167 31.929769318463446
100 162.2498586177826 32.138805611421475
101 164.25405931472778 33.58472244236761
102 166.25813484191895 32.672682052565705
103 168.26116585731506 33.4023207960199
105 170.26601696014404 33.153782602230486
106 172.26878118515015 32.79119542857143
107 174.27308654785156 32.531067955390334
108 176.2767403125763 32.77693631840796
110 178.28065299987793 32.37443299378882
111 180.2846233844757 32.767127635683096
112 182.28908848762512 32.75105961418793
113 184.29307222366333 32.95872806973848
115 186.2971956729889 32.544012589838914
116 188.3011131286621 33.172709081885856
117 190.30506825447083 32.16375831474597
118 192.30942130088806 32.43858118811882
120 194.31349205970764 33.28934633416459
121 196.3170759677887 32.96192298879203
122 198.32128429412842 33.03220012383901
123 200.32502484321594 33.16296666666666
125 202.32922220230103 32.78248928615767
126 204.33297657966614 32.94070153846154
127 206.33684301376343 32.74294700684505
128 208.34120750427246 32.92719672862454
130 210.3449628353119 32.995210893191754
131 212.34876894950867 33.04251731343283
132 214.35264086723328 32.87813953951462
133 216.35651183128357 32.58024204616344
135 218.36004400253296 32.37229248913718
136 220.36323952674866 33.04683223880597
137 222.3672273159027 32.51474309894213
138 224.3709397315979 32.70119221945137
140 226.37582445144653 32.725099461490295
141 228.3792426586151 32.741482844774275
142 230.3837537765503 32.093596608478805
143 232.38737106323242 32.229750945273636
145 234.39146208763123 32.61169602986932
146 236.3963861465454 32.27997901802362
147 238.3995509147644 32.7869182133995
148 240.40339827537537 32.676360870105654
150 242.40721487998962 32.1564736318408
151 244.41109442710876 33.37567711442786
152 246.41505002975464 32.66578866707997
153 248.41907000541687 33.31547177128652
155 250.42291378974915 32.445797512437814
156 252.4265055656433 32.2671497882939
157 254.43019795417786 33.0922558
158 256.4338068962097 32.79232637608966
160 258.43766808509827 33.27146319348779
161 260.4424264431 32.79560477018634
162 262.4465811252594 32.80335850187266
163 264.4500060081482 33.32595420758235
165 266.45371413230896 32.462954606741576
166 268.4583640098572 33.16909983860956
167 270.4626820087433 32.739238953922786
168 272.4660704135895 32.4948944638404
170 274.46991181373596 33.26079274083282
171 276.4737858772278 32.45267194011229
172 278.47764897346497 32.95985657568238
173 280.48123145103455 33.87764297766749
175 282.4851996898651 32.08835349068323
176 284.4895236492157 32.50402540942928
177 286.49318766593933 33.02444716157205
178 288.4964962005615 32.92495970074813
180 290.5008373260498 32.53067885997522
181 292.50543212890625 33.035063608183506
182 294.5096080303192 31.960264317617863
183 296.5130310058594 33.02628042314873
185 298.51735830307007 32.83809234598631
186 300.5210933685303 33.447231542288556
187 302.5250277519226 32.66525711442786
188 304.5283799171448 33.39865484792055
190 306.53219294548035 32.16252445544555
191 308.5365421772003 32.60659618339529
192 310.5403139591217 32.63472876712329
193 312.54380083084106 32.851435716064756
195 314.5478494167328 32.33966692451653
196 316.551522731781 32.2706190310559
197 318.5550374984741 33.118805267080745
198 320.55916357040405 33.37625375859912
200 322.5632519721985 33.02612112289457
201 324.567777633667 32.242132734082396
202 326.5716197490692 32.79987880597015
203 328.57551312446594 33.82286945929149
205 330.5794813632965 32.52945018091079
206 332.58331871032715 33.99459659415786
207 334.5873770713806 32.97219667707682
208 336.59159755706787 33.642135595757956
210 338.59513759613037 32.695461042183624
211 340.5989363193512 33.42457357186922
212 342.6022353172302 32.17356466501241
213 344.60633063316345 32.44525511771995
215 346.6098816394806 33.19840775155279
216 348.61413383483887 33.67275262569833
217 350.61803436279297 32.82129651741293
218 352.62167501449585 33.178354965902045
220 354.62641406059265 32.324892369077304
221 356.62967014312744 31.977477482866046
222 358.63512349128723 33.12522597014925
223 360.6389400959015 33.530834357053685
225 362.642945766449 33.099363579863265
226 364.647066116333 33.3861404488778
227 366.6509139537811 32.35012476012461
228 368.65516328811646 31.85381250311333
230 370.658588886261 33.22059387116948
231 372.662309885025 32.56850739726027
232 374.6663906574249 32.51636672478207
233 376.67000246047974 33.17952179439253
235 378.67339181900024 32.18370268656716
236 380.67737197875977 33.110950212234705
237 382.6811249256134 32.832712537313434
238 384.68519043922424 32.97622144638404
240 386.6891326904297 34.928751551401874
241 388.69364833831787 32.77699646326276
242 390.6989803314209 32.67530998135488
243 392.7019965648651 33.235231999999996
245 394.70624899864197 33.69268718204489
246 396.7101469039917 32.120341972534334
247 398.7144241333008 33.05580758364312
248 400.7181165218353 32.855283073110286
250 402.721529006958 32.9704725093633
251 404.72585797309875 33.28608029906542
252 406.7297086715698 32.496256639600254
253 408.7338602542877 33.3942424
255 410.7377848625183 32.23705832402234
256 412.74158215522766 33.506388321896445
257 414.7457640171051 32.540494599999995
258 416.74965238571167 33.25342946583851
260 418.75290060043335 32.804532240844196
261 420.7569980621338 34.2045794
262 422.760861158371 34.192554107365794
263 424.7657034397125 33.60304924798011
264 426.7693758010864 33.20966776818742
266 428.77341628074646 34.10123101431238
267 430.7771155834198 34.39632465923172
268 432.7812936306 31.79354928039702
269 434.78513979911804 33.34812146857499
270 436.78856110572815 32.90102701622971
272 438.7928216457367 33.36574533665836
273 440.7966558933258 32.901629526184536
274 442.8002030849457 33.32108617886178
275 444.80390906333923 32.963274726368155
277 446.8077943325043 32.344334266253874
278 448.8115875720978 32.74844782178218
279 450.81537437438965 32.9861387
280 452.81885027885437 32.9316217
282 454.82346391677856 34.3392536
283 456.82776260375977 34.33283476518472
284 458.83156156539917 33.93988012414649
285 460.83543705940247 33.13294444859813
287 462.8391845226288 34.60359596261682
288 464.8433167934418 33.57564930693069
289 466.847261428833 34.38686661672909
290 468.85101199150085 33.29115342023588
291 470.8554141521454 32.79914286429018
293 472.8588719367981 32.82680113510179
294 474.8628132343292 33.62317655860349
295 476.86623430252075 34.622399701678056
296 478.8702895641327 33.8682806199628
298 480.873779296875 32.870999252801994
299 482.87814950942993 33.090836662515564
300 484.88223338127136 2.2423112437810944
300 486.8858563899994 0.13269383177570093
300 488.88975405693054 0.1348536329588015
300 490.8944602012634 0.1445602
300 492.89818358421326 0.1323623
300 494.90195965766907 0.13214038774233897
300 496.90557408332825 0.13609538077403247
300 498.9090666770935 0.1333834061135371
300 500.9126877784729 0.13449755610972566
300 502.9161698818207 0.13289334166146158
300 504.9200699329376 0.1385755638166047
300 506.9235565662384 0.136443645443196
300 508.927303314209 0.13534791510611735
300 510.9309768676758 0.14334440974391005
300 512.9343774318695 0.13247209505941213
300 514.938146352768 0.1316579
300 516.9421107769012 0.13613306633291614
300 518.9459156990051 0.15637256714553405
300 520.9496104717255 0.14198191609267374
300 522.9530670642853 0.13453931292941912
300 524.9579350948334 0.1454612734082397
300 526.9613420963287 0.1316849
300 528.9650301933289 0.1372444
300 530.9685955047607 0.13971234042553193
300 532.9721200466156 0.1353578
300 534.9761486053467 0.13621036295369213
300 536.9796841144562 0.15959755458515285
300 538.9836530685425 0.16233075672295183
300 540.9872868061066 0.1608272340425532
300 542.9909389019012 0.1615618952618454
300 544.9945831298828 0.1603418409517846
300 546.9982237815857 0.1600321
300 549.0024778842926 0.18510425902864258
300 551.0064163208008 0.1653704696305573
300 553.0103042125702 0.1664274686716792
300 555.0143084526062 0.16422545908806996
300 557.0192096233368 0.16356782989368357
300 559.0228295326233 0.1614796238244514
300 561.0270652770996 0.1613132584269663
300 563.0308883190155 0.15793971232020013
300 565.0347528457642 0.16781459999999998
300 567.0382664203644 0.161051013767209
300 569.0418663024902 0.15938056144728635
300 571.0454156398773 0.16016149906308558
300 573.0489745140076 0.16487284552845527
300 575.0528466701508 0.1580367270455965
300 577.0568447113037 0.15966470955652717
300 579.0608718395233 0.16143261384903307
300 581.0647339820862 0.16359885071830105
300 583.0683288574219 0.15944309226932668
300 585.07226729393 0.1589151462352209
300 587.0759327411652 0.09825990049751243
300 589.0794463157654 0.17939950000000002
300 591.0846126079559 0.16353068664169787
300 593.0880970954895 0.16043159076731128
300 595.0920422077179 0.15975990024937656
300 597.0955529212952 0.16097271589486858
300 599.0994644165039 0.1585276606363069
300 601.1030831336975 0.16020661260137242
300 603.1074604988098 0.1658610736579276
300 605.1108601093292 0.16128789506558402
300 607.1143333911896 0.1606513
300 609.117880821228 0.1593508
300 611.1213653087616 0.15974431960049937
300 613.1248407363892 0.1583406113537118
300 615.1288113594055 0.1612587795765878
300 617.1323137283325 0.1605674812967581
300 619.135710477829 0.1591895
300 621.1395447254181 0.15941503121098627
300 623.1437196731567 0.16095590511860175
300 625.1473898887634 0.160674078700812
300 627.1509187221527 0.16448788029925188
300 629.1547141075134 0.11051737991266376
300 631.1584839820862 0.1610214847161572
300 633.1617605686188 0.161964572142411
300 635.1658220291138 0.16201755610972568
300 637.1691739559174 0.1651606982543641
300 639.1725616455078 0.16174794520547944
300 641.1760504245758 0.1631386616635397
300 643.1794586181641 0.16229706433479074
300 645.1834208965302 0.16610473091364206
300 647.1872296333313 0.15992165103189493
300 649.1909897327423 0.1634396
300 651.1945669651031 0.16123468496568935
300 653.1983780860901 0.17966771535580522
300 655.2022960186005 0.15848749063670411
300 657.2071063518524 0.16042270742358078
300 659.2110648155212 0.1410333917396746
300 661.2144975662231 0.13373503121098626
300 663.2183895111084 0.1403939386349405
300 665.2221431732178 0.13216598503740648
300 667.2261605262756 0.1551447489150651
300 669.2301681041718 0.1364658
300 671.2340497970581 0.16219864831038797
300 673.2379477024078 0.14887104440275173
300 675.2420010566711 0.1515572932330827
300 677.245573759079 0.14106966854283928
300 679.2494158744812 0.1417662960649594
300 681.2535367012024 0.1603726
300 683.257565498352 0.16086390031152648
300 685.2615337371826 0.15895516510903426
300 687.2655317783356 0.15878956955708046
300 689.2697405815125 0.1645756
300 691.2731716632843 0.15935019387116947
300 693.2768235206604 0.15927204502814257
300 695.2805581092834 0.1583551280449719
300 697.2844443321228 0.16125498436522825
300 699.2875308990479 0.1600172891942536
300 701.2905812263489 0.16504464709556527
300 703.2942364215851 0.16284866082603253
300 705.2974655628204 0.16112159900062462
300 707.3007552623749 0.15951361197754213
300 709.3047218322754 0.11456429731417864
300 711.3080759048462 0.16232789013732835
300 713.3119776248932 0.1863434
300 715.3152732849121 0.16200269662921346
300 717.318678855896 0.18570423485321674
300 719.3220310211182 0.16133732833957554
300 721.3268864154816 0.18166735790131167
300 723.3304164409637 0.1834296871088861
300 725.3338761329651 0.16299136960600374
300 727.3381772041321 0.16419469158878505
300 729.3423309326172 0.18629400125234816
300 731.3460531234741 0.16570580000000001
300 733.349146604538 0.15914313554028733
300 735.3531653881073 0.1633503
300 737.3568744659424 0.16432269831355403
300 739.3608379364014 0.16508764044943822
300 741.3647031784058 0.1640085
300 743.3684055805206 0.15950058494088362
300 745.3718712329865 0.16095910112359552
300 747.3754994869232 0.1632332792004997
300 749.3794786930084 0.16235977485928704
300 751.382878780365 0.16069882646691636
300 753.3866786956787 0.16409669999999998
300 755.3914420604706 0.1639806516290727
300 757.3954448699951 0.16289028714107365
300 759.3987536430359 0.16742243902439025
300 761.4021916389465 0.16394081504702193
300 763.4055516719818 0.17994586766541823
300 765.4094517230988 0.1816887664370695
300 767.4128565788269 0.16514382978723405
300 769.416561126709 0.1655829213483146
300 771.4202437400818 0.1649283
300 773.423796415329 0.16482247191011237
300 775.4274597167969 0.1647756456643793
300 777.4313008785248 0.16151023168440826
300 779.4349327087402 0.13419792110206638
300 781.4384069442749 0.1593653033145716
300 783.4420816898346 0.16309917396745932
300 785.4457502365112 0.1634975859912445
300 787.4492597579956 0.16460473387601754
300 789.4537560939789 0.1666083604505632
300 791.4574391841888 0.16313152838427947
300 793.4609017372131 0.1678659
300 795.4645004272461 0.1598928
300 797.4678602218628 0.3575844194756554
300 799.4715292453766 0.1598431038798498
300 801.4749279022217 0.16236312304809494
300 803.4790978431702 0.16343144465290807
300 805.4831712245941 0.16444497811131956
300 807.4874374866486 0.131164
300 809.4910204410553 0.1324293
300 811.4946346282959 0.1356103
300 813.498560667038 0.13186282853566958
300 815.5020389556885 0.1358253908692933
300 817.5055820941925 0.13042828232354778
300 819.5092303752899 0.1309342338961851
300 821.513858795166 0.13187257783312578
300 823.5177431106567 0.13414222222222222
300 825.521764755249 0.13394119999999998
300 827.5252361297607 0.13208789013732836
300 829.529105424881 0.134530081300813
300 831.5327780246735 0.1365303740648379
300 833.5368986129761 0.1334464878353088
300 835.5410742759705 0.153551
300 837.544412612915 0.13616439450686643
300 839.5482535362244 0.1342019524405507
300 841.5517885684967 0.13562286429018136
300 843.555319070816 0.13280239700374533
300 845.5592501163483 0.16410370555208983
300 847.5627777576447 0.16234676672920575
300 849.5665717124939 0.161447895065584
300 851.570351600647 0.16253579999999998
300 853.5740866661072 0.1605264837905237
300 855.5790631771088 0.1607284
300 857.5825288295746 0.16437433208489388
300 859.5864279270172 0.16100970679975046
300 861.5901048183441 0.1624810986267166
300 863.5937557220459 0.16179156054931337
300 865.5974164009094 0.1834805739238927
300 867.600888967514 0.16013018136335208
300 869.6047954559326 0.16027762648344784
300 871.6082456111908 0.15921200750469042
300 873.6115679740906 0.16262755777638976
300 875.6155679225922 0.1634835
300 877.6189932823181 0.006647500000000001
300 879.6227626800537 0.07924137071651091
300 881.6260645389557 0.16800269494697442
300 883.6297199726105 0.15880574640849468
300 885.6338491439819 0.16413886604361372
300 887.6375086307526 0.16321928794503435
300 889.6420781612396 0.1673199749843652
300 891.6458480358124 0.1654102
300 893.6496176719666 0.1621541463414634
300 895.6538491249084 0.16778583541147132
300 897.6576125621796 0.16401828856964398
300 899.661150932312 0.163183
300 901.665002822876 0.15967699812382738
300 903.6692531108856 0.16118232731798382
300 905.6727426052094 0.1663865832290363
300 907.676976442337 0.1632360225140713
300 909.6803095340729 0.16418107365792758
300 911.6839728355408 0.16227974968710887
300 913.6876447200775 0.16188645807259075
300 915.6916036605835 0.17520490306441527
300 917.6954522132874 0.16159879924953097
300 919.6995775699615 0.15180180000000001
300 921.7030885219574 0.13314282853566958
300 923.7079784870148 0.15752806512210393
300 925.7114000320435 0.13910941323345818
300 927.7153489589691 0.13858007490636703
300 929.7191910743713 0.13516901936289819
300 931.7235853672028 0.13630778473091362
300 933.7274358272552 0.13233498127340823
300 935.7312235832214 0.1395237046307885
300 937.7347328662872 0.14335440349781386
300 939.7384834289551 0.1400467
300 941.7423758506775 0.13813323327079424
300 943.7460210323334 0.13999729662077595
300 945.7502682209015 0.14184300751879697
300 947.7540225982666 0.14067371571072318
300 949.7578151226044 0.14420159600997506
300 951.7615747451782 0.139145601996257
300 953.765650510788 0.13933842696629214
300 955.7711198329926 0.1557542464040025
300 957.7746222019196 0.14305395638629284
300 959.7788741588593 0.15513028714107366
300 961.7823877334595 0.1437434809731753
300 963.7863690853119 0.1428278
300 965.7899589538574 0.14554493765586035
300 967.7933521270752 0.14317121798875704
300 969.7968044281006 0.14100950717404864
300 971.8002395629883 0.15062954346466542
300 973.8036170005798 0.14158282147315854
300 975.8075377941132 0.15669859014348098
300 977.8111093044281 0.16086504065040652
300 979.8147659301758 0.14062800749531543
300 981.8181977272034 0.1403847595252967
300 983.8214740753174 0.13956866958151154
300 985.825267791748 0.1476476404494382
300 987.8287901878357 0.1500061922596754
300 989.8333718776703 0.1500299813548788
300 991.8368787765503 0.148997629444791
300 993.8405447006226 0.13428816989381637
300 995.8441996574402 0.1505534
300 997.8478899002075 0.1458394
300 999.8514218330383 0.14326794246404
300 1001.8551244735718 0.1452341573033708
300 1003.8589215278625 0.14125598499061914
300 1005.8623747825623 0.15112510638297874
300 1007.8659906387329 0.14067262038774234
300 1009.8697922229767 0.14645403377110694
300 1011.8732953071594 0.1385449
300 1013.8767476081848 0.14194881801125703
300 1015.8804054260254 0.153758197747184
300 1017.8841187953949 0.16067374217772215
300 1019.8878123760223 0.14137836147592245
300 1021.8914287090302 0.14697291614518146
300 1023.896407365799 0.14577631019387116
300 1025.8999109268188 0.1395324533001245
300 1027.9041764736176 0.10837466334164589
300 1029.9079506397247 0.16028555694618274
300 1031.9117953777313 0.1598120650813517
300 1033.9154443740845 0.1628857071339174
300 1035.9194633960724 0.1633713
300 1037.9240281581879 0.1632932
300 1039.9281980991364 0.1621529544034978
300 1041.9319677352905 0.16098214151534126
300 1043.9358003139496 0.16225009369144283
300 1045.9399404525757 0.1589373358348968
300 1047.9436361789703 0.15855072319201996
300 1049.947860956192 0.1618085
300 1051.9516286849976 0.1571016
300 1053.9555876255035 0.15579285892634206
300 1055.9592411518097 0.14764064918851436
300 1057.9642436504364 0.1580446662507798
300 1059.968276977539 0.1405737655860349
300 1061.972089767456 0.15682491557223263
300 1063.9754116535187 0.1348991119449656
300 1065.9795200824738 0.13695590511860176
300 1067.9830310344696 0.15915176985616009
300 1069.9872167110443 0.1601708592777086
300 1071.9908180236816 0.1575023
300 1073.9944524765015 0.14154650031191515
300 1075.9980504512787 0.16273170731707318
300 1078.00164437294 0.15785897627965043
300 1080.0052828788757 0.15139962570180912
300 1082.0086588859558 0.14865102066374453
300 1084.0124299526215 0.14554976860537838
