1.5926156044006348 0.14628084682440848
3.5966713428497314 0.14657449094316052
5.60035514831543 0.1320196368190357
7.603623628616333 0.1518157
9.607594966888428 0.1472431
1.884718894958496 0.1533391369606004
3.8880808353424072 0.14593781113195747
5.89225959777832 0.14683272954403498
7.895358562469482 0.1462410018785222
9.89894723892212 0.14870011271133377
11.903197765350342 0.14557967459324156
13.906931161880493 0.14805815461346633
15.911043643951416 0.14003817613991257
17.91555166244507 0.1294275922451532
19.919772148132324 0.14206990630855715
21.92377233505249 0.1260456570713392
23.92766547203064 0.16644993120700438
25.931819438934326 0.14574940662086197
27.935871362686157 0.14535088861076345
29.93977117538452 0.16453987484355445
31.943864822387695 0.16575740162398503
33.947701930999756 12.236879849718221
35.95142865180969 0.15122523690773065
37.95529866218567 0.16873427676894176
1.8481333255767822 23.746414727614276
3.852952718734741 25.302513461777504
5.856909275054932 26.719869581511556
7.860716819763184 24.633163410080897
9.863933086395264 26.0522591661481
11.86765742301941 26.696804788029926
13.871753454208374 27.71333563046192
15.875124454498291 27.21829066833229
17.878974199295044 27.31849924176507
19.882869482040405 28.069702172284643
21.887351274490356 27.571048179551124
23.891348361968994 27.790526903426795
25.894723176956177 30.369354105263156
27.898791790008545 30.4042704856787
29.903162956237793 30.107071580262335
31.90729546546936 30.415637784691974
33.91094970703125 29.12957300124533
35.91585993766785 29.4265507749535
37.91943287849426 26.05120795525171
39.92316699028015 27.02615271820449
41.92696571350098 26.515921541330016
43.93065571784973 23.83039321272614
45.93478989601135 24.68481735660848
47.939228773117065 22.14350264339152
49.94315314292908 22.486805493133584
51.94669961929321 24.929935451713394
53.950828313827515 14.586442131661443
55.9546582698822 17.45476757026858
57.95900774002075 14.544295261845386
59.962756633758545 16.92642142678348
61.96693396568298 11.687745758900688
63.970649003982544 12.204167775700935
65.97410988807678 12.265285479452055
67.9784243106842 11.099402047440698
69.98298287391663 10.157906733167083
71.98739981651306 9.638865463596764
73.99115252494812 8.41038234413965
75.9947919845581 9.03488398505604
77.99823045730591 8.769893847110007
80.00215482711792 10.2814071845867
82.00574588775635 8.964855196506551
84.00962996482849 10.737942
86.01339912414551 10.855207671232876
88.01755619049072 9.694573075483468
90.02141952514648 12.096447284027347
92.02550172805786 12.771118558110627
94.02899384498596 14.864256179215932
96.03623175621033 13.935477884256379
98.0397596359253 15.029229023024268
100.0434238910675 17.639362579045255
102.04712009429932 19.540321692594897
104.05182814598083 18.98345715710723
106.05624270439148 17.67348304619226
108.05984210968018 20.613698905472635
110.0634253025055 21.704907698066126
112.06777667999268 23.132424179104476
114.07137489318848 20.459794795539032
116.07481980323792 22.292601142857144
118.07885670661926 24.402345568039948
120.08274245262146 22.491856438356166
122.08631324768066 22.56738933499068
124.09000277519226 24.36543361197754
126.09348154067993 22.09564668329177
128.09745264053345 22.27323303482587
130.1008174419403 25.210299488459135
132.10493922233582 23.4430184
134.10990047454834 22.57112069825436
136.1129446029663 25.440776029962546
138.11655163764954 23.10382046105919
140.1203396320343 23.393516764156814
142.1234302520752 24.066473976353453
144.12739992141724 22.370701158878507
146.13098168373108 22.217403604723433
148.13408994674683 24.356827046439626
150.1379919052124 20.58620004968944
152.1420705318451 23.015891808576754
154.14646005630493 24.113104554455443
156.1497585773468 21.62152661280298
158.15352058410645 21.908371942892614
160.15842747688293 23.454465214685747
162.16181302070618 23.879666625077977
164.16604232788086 23.25074536828964
166.16942882537842 25.4739164
168.1732213497162 22.9042544638404
170.17739462852478 21.97478811684276
172.18168878555298 24.738733150684933
174.18551802635193 21.560749725685785
176.18901586532593 23.3082782739212
178.19276118278503 25.320824084946906
180.19618773460388 20.710382678347937
182.19975233078003 19.774736428126943
184.20362877845764 22.94656059627329
186.20715856552124 21.056206213349967
188.2113254070282 20.356271343283584
190.21482038497925 23.01158495641345
192.218435049057 19.40668485376478
194.2226755619049 19.9638298381071
196.22674036026 18.706642693266833
198.2307677268982 14.10287731510255
200.23449087142944 14.73917573033708
202.23877048492432 14.58636067205974
204.243647813797 14.057476196395276
206.24741101264954 11.9648675844806
208.251891374588 10.876462432938242
210.256343126297 12.021848667496887
212.25920915603638 7.693854241099313
214.26274609565735 6.346671460674156
216.2664978504181 7.523968239700375
218.27039670944214 6.483324044943821
220.27442812919617 4.66921596009975
222.27830576896667 4.6596629
224.2821934223175 4.421360500625783
226.2862310409546 3.8682612265331664
228.2902467250824 3.3897659962523425
230.29419493675232 2.4487960049937576
232.2984254360199 3.8032091885143573
234.302396774292 5.29915698066126
236.30594611167908 5.588607540574282
238.3107612133026 6.6651279651524575
240.3146517276764 10.669744458281444
242.31852865219116 13.04403895131086
244.3225178718567 12.857244344569288
246.3266146183014 13.132731457036115
248.33060836791992 18.644425863151287
250.33415293693542 19.4356843
252.33855032920837 19.69480858926342
254.34198188781738 21.327030031152646
256.3458762168884 20.66663485963818
258.3490309715271 24.39798076827757
260.35391998291016 26.858677673545966
262.35707998275757 24.490303422526445
264.3612172603607 25.119485221736415
266.36473965644836 26.43116565756824
268.368634223938 28.606145034182724
270.373441696167 25.471522782608698
272.37728238105774 25.677778952618453
274.3810474872589 27.743279204968946
276.3846163749695 23.922183464665416
278.3884086608887 22.792592588895822
280.3920066356659 23.405331040498442
282.39592838287354 23.990367187112764
284.3995816707611 22.823263680598878
286.4033613204956 23.634168733624456
288.4068114757538 22.237360647975077
290.4106798171997 21.230087756370416
292.4147095680237 25.9160001996257
294.4186182022095 25.468330428305404
296.42287015914917 22.702002985074625
298.42684388160706 23.86382049751244
300.43040776252747 24.231656587795765
302.43429374694824 23.79668386138614
304.43937134742737 23.05651434243176
306.44275093078613 27.32464852012384
308.4468948841095 23.82792906501548
310.45043540000916 23.648947032418953
312.4539330005646 26.03762083489097
314.4576907157898 22.80675516811955
316.46178126335144 21.96957951522685
318.46961307525635 24.744223642013672
320.47317028045654 22.176481798875702
322.47672986984253 23.614327426791277
324.4808347225189 25.883637226733292
326.4847140312195 24.12494204488778
328.4887533187866 25.149040850531584
330.4923770427704 26.782471895587324
332.49611949920654 29.850444206596144
334.49993872642517 29.716254653465345
336.5031907558441 26.97451223880597
338.5067081451416 26.62481385669782
340.51053380966187 27.363752338308455
342.51401591300964 27.673021945137155
344.51772689819336 29.264774244872594
346.521244764328 29.695477227722773
348.52486300468445 27.1477536318408
350.5282983779907 26.237048711885503
352.5325241088867 24.390204017252
354.535413980484 27.740340800000002
356.5393879413605 25.198393727442443
358.54322934150696 24.92150477854024
360.54680037498474 23.72651072319202
362.55024766921997 26.469860910792264
364.55417680740356 23.1527442
366.5579867362976 23.967470523690775
368.56200098991394 25.31239670411985
370.5664632320404 22.03166347230865
372.5705144405365 22.3504160199005
374.57456493377686 23.64212457711443
376.57796812057495 21.514701736972704
378.5819323062897 19.87339275434243
380.5861053466797 19.151871146931185
382.5900650024414 18.262381211372062
384.5939483642578 19.110049500000002
386.59776067733765 16.017925692883892
388.60188031196594 15.539648560700876
390.60586881637573 12.614469812734082
392.60955476760864 15.26366811485643
394.6133677959442 12.595807721911855
396.6172549724579 11.116110784557907
398.621267080307 9.753891300000001
400.6249432563782 9.580752170106315
402.6289427280426 6.742534663341646
404.6335804462433 6.67595599253267
406.63737320899963 5.708669881324172
408.6408658027649 7.741897484433374
410.6443853378296 4.605126687461011
412.6480915546417 4.681836195244055
414.65184354782104 4.5423125280199255
416.6558496952057 5.650991448275862
418.6599373817444 4.539867517198249
420.66314148902893 5.4805585
422.6673004627228 4.529003627267042
424.6708986759186 12.257169169269206
426.674658536911 12.919415265459088
428.6784358024597 12.478462864259027
430.681973695755 9.816396859813084
432.6860065460205 0.1298684677923702
