0 1.0203473567962646 22.110808327137548 0.3
1 3.0228610038757324 0.17852624766645925 0.3
1 5.026755332946777 26.77681079876161 0.3
3 7.031231641769409 27.53899248305607 0.3
4 9.03469181060791 28.1308233558697 0.3
5 11.038866519927979 27.650520024798514 0.3
7 13.042481422424316 27.881177326732676 0.3
8 15.047384977340698 28.029127802469134 0.3
9 17.05050015449524 27.90057501234568 0.3
10 19.054142236709595 26.86310145565749 0.3
12 21.05910587310791 27.934971470588238 0.3
13 23.06351137161255 27.24757323493235 0.3
14 25.066665649414062 26.834881385281385 0.3
16 27.070618867874146 27.23173795817958 0.3
17 29.07355546951294 27.070306609442056 0.3
18 31.07843255996704 26.47996786407767 0.3
19 33.081849336624146 26.514837189981673 0.3
21 35.0855872631073 26.790449523809524 0.3
22 37.08914828300476 26.963606859962987 0.3
23 39.09332990646362 26.890399213275966 0.3
24 41.09760904312134 27.128970844115834 0.3
26 43.10108971595764 26.205817297297294 0.3
27 45.10535502433777 26.781779129368488 0.3
28 47.108880043029785 27.208215373226402 0.3
29 49.114113092422485 24.486723858998143 0.3
31 51.117281913757324 19.4985012345679 0.4
31 53.120877504348755 6.351976470588236 0.4
32 55.124845027923584 28.108705782227783 0.4
33 57.129104137420654 24.692663308641976 0.4
34 59.13368535041809 24.39764984088127 0.4
36 61.137035608291626 24.973642487562188 0.4
37 63.14194941520691 24.72618106304079 0.4
38 65.14307045936584 25.764273611793616 0.4
39 67.14764332771301 27.024232512315272 0.4
41 69.15180206298828 26.802545642286418 0.4
42 71.15477800369263 26.096736411512556 0.4
43 73.15858674049377 27.26033633663366 0.4
44 75.16289567947388 24.70004976029502 0.4
46 77.16618132591248 27.131842561576352 0.4
47 79.17229533195496 26.878687526218382 0.4
48 81.17495274543762 24.54586991304348 0.4
49 83.17894172668457 23.464226814268144 0.4
50 85.18156099319458 24.27651056950398 0.4
52 87.18847036361694 24.787396596794082 0.4
53 89.19630742073059 24.5570455721393 0.4
54 91.19276094436646 23.74844906403941 0.4
55 93.19755601882935 24.775732835820897 0.4
56 95.20035171508789 19.417643218964443 0.4
57 97.2039783000946 23.905410193146416 0.4
58 99.20736503601074 24.185421546134663 0.4
60 101.2108097076416 22.82429808630394 0.4
61 103.21406936645508 23.745630262172284 0.4
62 105.21806907653809 24.32106083697689 0.4
63 107.22148966789246 24.889299040498443 0.4
64 109.224191904068 23.201044853033146 0.4
65 111.22774839401245 23.428948671679198 0.4
66 113.23544788360596 22.8844515 0.4
67 115.23674321174622 23.46758268247037 0.4
69 117.2394609451294 20.797779251870324 0.4
70 119.24306964874268 23.65073463596764 0.4
71 121.25017833709717 23.825068035043806 0.4
72 123.25013136863708 24.297268906933166 0.4
73 125.25493383407593 23.22394901863354 0.4
74 127.25807619094849 22.427672114784777 0.4
75 129.26189637184143 23.5561186873065 0.4
76 131.26519107818604 22.95945414694894 0.4
77 133.2688479423523 23.292096119775422 0.4
78 135.27231979370117 23.525764488778055 0.4
80 137.27521204948425 23.116880397515526 0.4
81 139.27903246879578 22.157261634435432 0.4
82 141.28251910209656 23.52152299625468 0.4
83 143.2865195274353 23.051685888958204 0.4
84 145.2914137840271 23.7117726105919 0.4
85 147.29478001594543 20.172544418170503 0.4
86 149.29842066764832 22.676970759651308 0.4
87 151.3028860092163 21.677753304184886 0.4
88 153.306325674057 22.217999002493766 0.4
89 155.31023359298706 22.21012758104738 0.4
90 157.31249260902405 22.4635015 0.4
91 159.3155870437622 22.526320299625468 0.4
92 161.31979155540466 21.690116625310175 0.4
93 163.32296085357666 20.6636714 0.4
94 165.3296024799347 21.873108906933165 0.4
96 167.33060765266418 22.891709344978167 0.4
97 169.33331871032715 22.29933717146433 0.4
98 171.33584356307983 22.30172630529595 0.4
99 173.33930349349976 20.856677046307883 0.4
100 175.3430700302124 23.79322176360225 0.4
101 177.3476665019989 21.81414936993138 0.4
102 179.3495478630066 22.021049355847406 0.4
103 181.35269808769226 21.95260913857678 0.4
104 183.36205577850342 22.355073182957394 0.4
105 185.36263132095337 21.80233 0.4
106 187.3751413822174 22.858292367270455 0.4
107 189.37049651145935 22.3913329492799 0.4
108 191.37307333946228 21.936741546134662 0.4
109 193.38100457191467 21.683146334164586 0.4
110 195.38160753250122 22.5804061 0.4
111 197.3855175971985 21.9048151 0.4
112 199.39003825187683 21.133193462258266 0.4
113 201.39594554901123 20.69181695679399 0.4
114 203.39633679389954 20.138526178861788 0.4
115 205.3999433517456 21.157831122257054 0.4
116 207.4080855846405 21.03575935121647 0.4
117 209.40975832939148 20.722660237351658 0.4
118 211.41382455825806 20.885085814536342 0.4
119 213.41442108154297 21.127305504358652 0.4
120 215.41843843460083 22.97727410736579 0.4
121 217.42379069328308 21.034613466833544 0.4
122 219.42688608169556 21.694744461152883 0.4
123 221.43072319030762 21.676200743494423 0.4
124 223.43723011016846 22.96476991880075 0.4
125 225.4383406639099 22.351131043098064 0.4
126 227.44120240211487 20.810715394242806 0.4
127 229.44458055496216 20.64293543071161 0.4
128 231.44697499275208 20.908179563318775 0.4
129 233.45162296295166 21.133410845335003 0.4
130 235.45386576652527 21.42517186483104 0.4
131 237.45674753189087 20.656105864661654 0.4
132 239.46129655838013 20.545368922305766 0.4
133 241.4629418849945 20.5388305 0.4
134 243.46872544288635 21.17456735860783 0.4
135 245.46968626976013 21.050897644859813 0.4
136 247.4742419719696 18.438262857142856 0.4
137 249.47669768333435 20.37918023705552 0.4
138 251.48108100891113 20.1281769 0.4
139 253.48465752601624 20.21360609618988 0.4
140 255.48882913589478 20.668432240300376 0.4
141 257.49170780181885 21.11248846297449 0.4
142 259.4961633682251 21.244819524405507 0.4
143 261.4992561340332 21.0341467 0.4
144 263.50301909446716 20.002740250626566 0.4
145 265.50734877586365 20.02604376793512 0.4
146 267.5095434188843 20.43913514321295 0.4
147 269.51291847229004 18.84193778888195 0.4
148 271.51514172554016 19.454785958775762 0.4
149 273.5190052986145 20.768813774173424 0.4
150 275.52184009552 21.23370344139651 0.4
151 277.52529788017273 20.411485642946317 0.4
152 279.5292751789093 19.842403992514036 0.4
153 281.5329785346985 18.751041897627964 0.4
153 283.5360987186432 20.120771817613992 0.4
155 285.5408992767334 24.60010626791277 0.4
156 287.55574226379395 14.934289937578027 0.5
156 289.5593864917755 14.111617239225485 0.5
157 291.56926918029785 29.095173349968807 0.5
158 293.5700809955597 27.70854285714286 0.5
160 295.57300209999084 25.89750772277228 0.5
161 297.5777542591095 25.87841843866171 0.5
162 299.5804431438446 25.76541475751995 0.5
163 301.5844795703888 25.617558099878195 0.5
164 303.5912570953369 25.167795936352512 0.5
166 305.5898377895355 26.07626827884022 0.5
167 307.5966868400574 19.92493942437232 0.5
168 309.59998512268066 20.71036949068323 0.5
169 311.60013151168823 20.343767473354234 0.5
170 313.603848695755 19.21791470331043 0.5
170 315.6145875453949 19.87441742177722 0.5
171 317.6114294528961 19.12940152404747 0.5
172 319.6147303581238 19.781041098626716 0.5
173 321.61934638023376 19.120659862068965 0.5
174 323.62479615211487 17.9199558 0.5
175 325.62690472602844 18.82907133041849 0.5
176 327.628981590271 18.042971556662515 0.5
177 329.6316931247711 19.291567759699625 0.5
178 331.63615250587463 19.196832358431863 0.5
179 333.64008378982544 18.331193896185116 0.5
180 335.64129638671875 18.994826132665832 0.5
180 337.64506697654724 19.493367426791277 0.5
181 339.64955949783325 18.59352270676692 0.5
182 341.65133595466614 22.955814531835205 0.5
183 343.6553773880005 20.3644267 0.5
184 345.65787863731384 19.437966529080676 0.5
185 347.66271805763245 19.81720642990654 0.5
186 349.6662039756775 19.097853607476637 0.5
187 351.67053413391113 21.233179874843554 0.5
188 353.67323064804077 17.22529604984424 0.5
189 355.67674231529236 20.581954535246414 0.5
189 357.6832203865051 20.414697741734248 0.5
190 359.68565106391907 19.3507659 0.5
191 361.6883473396301 19.296394260761073 0.5
192 363.69115829467773 18.924425431789736 0.5
193 365.6949038505554 19.670874606741574 0.5
194 367.69822359085083 18.820660625782228 0.5
195 369.70239090919495 19.037026516853935 0.5
196 371.7061622142792 19.393557453183522 0.5
197 373.7088887691498 18.268610681676048 0.5
198 375.7113416194916 18.1566182 0.5
198 377.7142491340637 20.016979937382594 0.5
199 379.71831035614014 18.509814865708933 0.5
200 381.721586227417 17.920362873204247 0.5
201 383.73302245140076 17.973253582554516 0.5
202 385.7287094593048 19.424244194756554 0.5
203 387.7333617210388 20.250042094763092 0.5
204 389.7485249042511 18.218507496886673 0.5
205 391.7427842617035 17.193426317103622 0.5
206 393.7435472011566 18.446154007490637 0.5
206 395.7474513053894 18.651175940594058 0.5
207 397.75141763687134 18.951472080200503 0.5
208 399.7616548538208 19.522324934579437 0.5
209 401.75797843933105 17.95705773891318 0.5
210 403.76256942749023 19.38703800249688 0.5
211 405.7656788825989 19.349806783042396 0.5
212 407.7732937335968 19.364621334996883 0.5
213 409.7741734981537 18.91602301369863 0.5
213 411.78139066696167 16.775478273921202 0.5
215 413.7863624095917 26.34794907739938 0.5
216 415.78940510749817 25.7964535308642 0.5
217 417.7889955043793 22.48155982726712 0.5
218 419.79245615005493 26.34371077681874 0.5
219 421.79646706581116 25.937508923076923 0.5
221 423.7994840145111 26.11152560885609 0.5
222 425.80571722984314 25.67697635250918 0.5
223 427.80870842933655 25.636048484848484 0.5
224 429.81211400032043 25.9314039408867 0.5
225 431.8165147304535 26.271927901234566 0.5
226 433.8284213542938 19.499888785276074 0.5
228 435.8225371837616 24.399955355805243 0.5
229 437.8277974128723 26.587422955665023 0.5
230 439.8288173675537 25.686235375153753 0.5
231 441.8336989879608 25.11814265596047 0.5
232 443.8369104862213 25.66859857318573 0.5
234 445.84039306640625 26.508954722052536 0.5
235 447.84347319602966 25.810414320987658 0.5
236 449.85729908943176 26.161328597672995 0.5
237 451.8514504432678 25.377115276752765 0.5
239 453.8616740703583 24.523646402921486 0.5
240 455.85909366607666 24.358611463714638 0.5
241 457.86301136016846 23.079122186335404 0.5
242 459.8664321899414 24.131392946979037 0.5
243 461.8792955875397 25.507644815724817 0.5
245 463.8781728744507 24.83171609394314 0.5
246 465.8785161972046 25.27015707673569 0.5
247 467.8827500343323 24.45174034229829 0.5
248 469.88772225379944 26.162479657910815 0.5
250 471.89331555366516 25.167608211432086 0.5
251 473.8961515426636 26.66531629171817 0.5
252 475.8978056907654 25.78015282114321 0.5
253 477.9004018306732 26.470313484384565 0.5
254 479.90509724617004 24.479640838471024 0.5
256 481.90869188308716 25.91742393099199 0.5
257 483.91208696365356 24.906327433846155 0.5
258 485.9179584980011 25.696752981595093 0.5
259 487.9195740222931 25.721651133004926 0.5
260 489.92351269721985 25.74738326911125 0.5
262 491.934504032135 25.079543798401964 0.5
263 493.9323220252991 25.647208462484627 0.5
264 495.9352376461029 25.824027242442938 0.5
265 497.9386122226715 25.4081678314746 0.5
266 499.943727016449 25.401689734403952 0.5
268 501.9504177570343 25.57587921182266 0.5
269 503.9502799510956 26.620102574257427 0.5
270 505.95341205596924 25.39868051692308 0.5
271 507.9575300216675 25.267648474366894 0.5
272 509.96292209625244 25.48891287804878 0.5
274 511.96521282196045 24.647440832823026 0.5
275 513.9703462123871 24.70664468268638 0.5
276 515.9724018573761 25.46593253547193 0.5
277 517.9841818809509 17.332916544437538 0.5
278 519.9792830944061 17.846087218045113 0.5
279 521.9833862781525 16.426693 0.5
279 523.9907274246216 16.842506267166044 0.5
280 525.9937710762024 17.782034385527137 0.5
281 527.9967534542084 17.39886132334582 0.5
282 529.9998369216919 15.547213466334163 0.5
283 532.0114321708679 16.540882105263158 0.5
283 534.0076115131378 17.51295240948814 0.5
284 536.0105178356171 17.55500346849657 0.5
285 538.0163993835449 16.9276823014384 0.5
286 540.0232322216034 17.169306051154088 0.5
286 542.0217583179474 16.867459 0.5
287 544.035546541214 16.51261300124533 0.5
288 546.0388462543488 16.054690701427685 0.5
289 548.035222530365 17.135950853582553 0.5
290 550.038332939148 17.17428166150031 0.5
290 552.0419445037842 16.93429560493827 0.5
291 554.044352054596 17.758208139825218 0.5
292 556.0547595024109 15.964170012515645 0.5
293 558.051041841507 16.841165143570535 0.5
293 560.0554068088531 16.174121856963612 0.5
294 562.0591650009155 16.529214346201744 0.5
295 564.0644381046295 17.38150617592015 0.5
296 566.0663461685181 15.624303889931207 0.5
296 568.0706012248993 16.0400721352536 0.5
297 570.0741937160492 16.459418963148032 0.5
298 572.077564239502 16.3786072476489 0.5
299 574.0831182003021 15.338693649407361 0.5
300 576.0837030410767 16.809518601747815 0.5
300 578.0874829292297 0.17905250781738588 0.5
300 580.0912520885468 0.1767936 0.5
300 582.0947766304016 0.1773526 0.5
300 584.098468542099 0.1778566 0.5
300 586.101630449295 0.17856250626566417 0.5
300 588.1051025390625 0.17998618272841052 0.5
300 590.1087899208069 0.17654323952470294 0.5
300 592.1121575832367 0.17432851063829785 0.5
300 594.1150953769684 0.1821787 0.5
300 596.1197466850281 0.17580573575453975 0.5
300 598.1231784820557 0.17778551594746717 0.5
300 600.1263263225555 0.18375530586766542 0.5
300 602.129424571991 0.17436843945068664 0.5
300 604.1330857276917 0.1765422 0.5
300 606.1360235214233 0.1914291 0.5
300 608.1396765708923 0.1772725 0.5
300 610.1429433822632 0.17929091364205255 0.5
300 612.1463255882263 0.17941543464665416 0.5
300 614.1500561237335 0.18588757973733583 0.5
300 616.1531252861023 0.1823638774233896 0.5
300 618.1571712493896 0.17806519074421515 0.5
300 620.1607999801636 0.17808700437773609 0.5
300 622.1641871929169 0.1802289 0.5
300 624.1675450801849 0.1747738 0.5
300 626.1712746620178 0.1805479575265459 0.5
300 628.1749923229218 0.15158948685857324 0.5
300 630.1802041530609 0.15141356652092441 0.5
300 632.1841375827789 0.15169717852684145 0.5
300 634.1885373592377 0.15316209476309228 0.5
300 636.1925683021545 0.15317612983770287 0.5
300 638.1963000297546 0.1531241947565543 0.5
300 640.2001576423645 0.16078156543519098 0.5
300 642.2039778232574 0.15259285892634208 0.5
300 644.2076184749603 0.15732322701688556 0.5
300 646.2112731933594 0.16001167810355582 0.5
300 648.2156488895416 0.17581133583021222 0.5
300 650.2196660041809 0.1771973 0.5
300 652.2238531112671 0.18555865168539326 0.5
300 654.2278294563293 0.17838131168019988 0.5
300 656.2312066555023 0.1782572891942536 0.5
300 658.2350697517395 0.1813525360050094 0.5
300 660.238697052002 0.17725601499063084 0.5
300 662.2423915863037 0.17994202753441804 0.5
300 664.2471964359283 0.17980341433021807 0.5
300 666.2513003349304 0.17774660836976888 0.5
300 668.2549893856049 0.17821201748906934 0.5
300 670.2587425708771 0.18324304619225967 0.5
300 672.2623596191406 0.17671715178013742 0.5
300 674.26615858078 0.18753971232020014 0.5
300 676.2699728012085 0.1781204735202492 0.5
300 678.2735259532928 0.17769262632563942 0.5
300 680.2774529457092 0.15799600997506233 0.5
300 682.2813839912415 0.1564070911360799 0.5
300 684.2849929332733 0.1592787 0.5
300 686.2891781330109 0.16123382885696438 0.5
300 688.2929463386536 0.1579452 0.5
300 690.2970206737518 0.15439143746110764 0.5
300 692.300785779953 0.158689656893325 0.5
300 694.3047404289246 0.16073124297314179 0.5
300 696.3089673519135 0.16195972482801752 0.5
300 698.3126385211945 0.16076287679799875 0.5
300 700.3176147937775 0.16807129999999998 0.5
300 702.3215825557709 0.1564178388507183 0.5
300 704.325522184372 0.1549928 0.5
300 706.3295502662659 0.15702467872738615 0.5
300 708.3334963321686 0.159391 0.5
300 710.3373832702637 0.1635378 0.5
300 712.3413383960724 0.1558825 0.5
300 714.3449945449829 0.1628527170518426 0.5
300 716.348801612854 0.15519350811485644 0.5
300 718.3525233268738 0.1770322097378277 0.5
300 720.356901884079 0.1795348 0.5
300 722.360613822937 0.17518872114784778 0.5
300 724.3644561767578 0.17972259351620948 0.5
300 726.368106842041 0.10880600375234521 0.5
300 728.3716344833374 0.18027146966854285 0.5
300 730.3754742145538 0.20167450686641697 0.5
300 732.3789031505585 0.1808077096370463 0.5
300 734.3825900554657 0.2009595003123048 0.5
300 736.3872332572937 0.1055912 0.5
300 738.3907549381256 0.17853536159600997 0.5
300 740.3941750526428 0.17755140889167187 0.5
300 742.3977198600769 0.185156777014366 0.5
300 744.4015839099884 0.1784848 0.5
300 746.4049561023712 0.17923920000000002 0.5
300 748.4082927703857 0.1847853091817614 0.5
300 750.4118642807007 0.17450869619463505 0.5
300 752.4150376319885 0.1814503740648379 0.5
300 754.4183254241943 0.17950460000000001 0.5
300 756.4222128391266 0.17569371714643303 0.5
300 758.4255187511444 0.17578626641651032 0.5
300 760.428946018219 0.17615950062421973 0.5
300 762.4326522350311 0.17686611735330837 0.5
300 764.4364421367645 0.19783175515302934 0.5
300 766.4396841526031 0.17501138211382114 0.5
300 768.4429621696472 0.18789206745783885 0.5
300 770.4474513530731 0.1802740425531915 0.5
300 772.4512603282928 0.17392569643972516 0.5
300 774.4552960395813 0.16200679151061173 0.5
300 776.4590499401093 0.1518302122347066 0.5
300 778.4634234905243 0.1513599 0.5
300 780.4669189453125 0.1517607 0.5
300 782.4712405204773 0.155067015576324 0.5
300 784.4753139019012 0.17471660636306924 0.5
300 786.4791417121887 0.15484656269494698 0.5
300 788.4827208518982 0.16489647940074906 0.5
300 790.4866738319397 0.15706756554307116 0.5
300 792.4903647899628 0.15986008744534666 0.5
300 794.4946064949036 0.15206735790131168 0.5
300 796.4984447956085 0.1535452342286071 0.5
300 798.501975774765 0.15605059999999998 0.5
300 800.505509853363 0.1538517280099813 0.5
300 802.5096845626831 0.15741973799126638 0.5
300 804.5140609741211 0.15763820448877808 0.5
300 806.5179059505463 0.1793026716604245 0.5
300 808.5211699008942 0.17845902621722848 0.5
300 810.5249788761139 0.175758248905566 0.5
300 812.528254032135 0.176475 0.5
300 814.5318856239319 0.17655143393863496 0.5
300 816.5349626541138 0.17561742177722153 0.5
300 818.5385134220123 0.1788936 0.5
300 820.5416796207428 0.1825723076923077 0.5
300 822.5453431606293 0.17399994990607387 0.5
300 824.548704624176 0.1786837226733292 0.5
300 826.5520179271698 0.1819673 0.5
300 828.5555679798126 0.1805092182614134 0.5
300 830.5587136745453 0.1766984 0.5
300 832.5621390342712 0.18147552220137586 0.5
300 834.565417766571 0.17532032479700188 0.5
300 836.569228887558 0.17657319999999999 0.5
300 838.5732114315033 0.18051800498753118 0.5
300 840.5768301486969 0.175285739238927 0.5
300 842.5806353092194 0.17767990024937655 0.5
300 844.5840237140656 0.18265673953778888 0.5
300 846.5874474048615 0.1752211339563863 0.5
300 848.5906150341034 0.1778495 0.5
300 850.5943531990051 0.1772845913911416 0.5
300 852.5975680351257 0.17470960000000002 0.5
300 854.6010048389435 0.20039675202998125 0.5
300 856.604569196701 0.17449558052434458 0.5
300 858.6082892417908 0.18104559300873907 0.5
300 860.6116375923157 0.1757467 0.5
300 862.6151375770569 0.17489268414481898 0.5
300 864.6183249950409 0.182800901126408 0.5
300 866.621753692627 0.17697290000000002 0.5
300 868.625433921814 0.17625936210131332 0.5
300 870.6292254924774 0.1745205493133583 0.5
300 872.6326177120209 0.17777430894308943 0.5
300 874.6361656188965 0.17434779787897692 0.5
300 876.6396718025208 0.18175331670822942 0.5
300 878.643443107605 0.1774358 0.5
300 880.6471455097198 0.17974738423028785 0.5
300 882.6514239311218 0.18714247191011238 0.5
300 884.6544842720032 0.18217425891181988 0.5
300 886.65842461586 0.17974924327704814 0.5
300 888.6618101596832 0.17769643972517177 0.5
300 890.6656980514526 0.15798120000000002 0.5
300 892.669673204422 0.17748271990018716 0.5
300 894.6733634471893 0.17820312304809494 0.5
300 896.676646232605 0.1831404488778055 0.5
300 898.6805417537689 0.17660666250779786 0.5
300 900.683803319931 0.17613662921348314 0.5
300 902.6872584819794 0.18301557632398754 0.5
300 904.690598487854 0.17398467872738616 0.5
300 906.6951577663422 0.17227552779512806 0.5
300 908.6987860202789 0.17482683322923173 0.5
300 910.702597618103 0.17454051217988756 0.5
300 912.7064049243927 0.18159879924953096 0.5
300 914.7098352909088 0.1768380524344569 0.5
300 916.7131695747375 0.174369656893325 0.5
300 918.7167217731476 0.1748789 0.5
300 920.719872713089 0.18022454033771107 0.5
300 922.7239627838135 0.17514102628285358 0.5
300 924.7277340888977 0.1745335165521549 0.5
300 926.7313904762268 0.17659602748282324 0.5
300 928.7353503704071 0.18098039999999999 0.5
300 930.7395918369293 0.1766213883677298 0.5
300 932.7440812587738 0.18207390381011868 0.5
300 934.747622013092 0.17522311444652908 0.5
300 936.7513875961304 0.17633058016219588 0.5
300 938.7548363208771 0.18430372034956305 0.5
