0 1.01802659034729 26.774475580384856 0.3
1 3.022590160369873 0.17751367766023649 0.3
1 5.026251554489136 28.128487186525263 0.3
3 7.030152797698975 27.53356576376005 0.3
4 9.03416919708252 27.90149369391518 0.3
5 11.037660598754883 28.243362946593003 0.3
7 13.041588068008423 26.764089426280073 0.3
8 15.045303583145142 26.66400039530574 0.3
9 17.049628257751465 27.247543626168223 0.3
10 19.053927421569824 27.263452042473453 0.3
12 21.05757737159729 26.09679761342449 0.3
13 23.06137990951538 27.54205368355222 0.3
14 25.064640760421753 27.786241594022414 0.3
15 27.068354845046997 27.363398651685394 0.3
17 29.07212233543396 25.567873014294594 0.3
18 31.077521800994873 26.77334335839599 0.3
19 33.08042287826538 26.969019073842304 0.3
20 35.08462309837341 27.23011457838851 0.3
22 37.08770036697388 26.6580462366938 0.3
23 39.09105634689331 24.2368882345602 0.3
24 41.09486103057861 28.310088074766355 0.4
25 43.098883867263794 0.1768002998126171 0.4
25 45.10209536552429 29.600938653366583 0.4
27 47.10610818862915 26.075666973275325 0.4
28 49.11034941673279 25.823692835820893 0.4
29 51.11318254470825 26.41800089440994 0.4
30 53.11620092391968 26.17372189526185 0.4
31 55.11912298202515 25.324869993838572 0.4
33 57.1251916885376 26.219534717215666 0.4
34 59.12681865692139 24.99321896701929 0.4
35 61.12961173057556 25.80058463840399 0.4
36 63.13337016105652 25.298993857677903 0.4
37 65.13748931884766 25.41933792759051 0.4
39 67.14131712913513 24.7591817 0.4
40 69.1451461315155 24.424408389513108 0.4
41 71.14938759803772 26.200185068664172 0.4
42 73.15302467346191 25.434842908638906 0.4
43 75.15647077560425 24.662272280701757 0.4
45 77.16038155555725 25.491138106583072 0.4
46 79.16493034362793 24.801264259028642 0.4
47 81.16813111305237 25.749346916354554 0.4
48 83.17168283462524 24.61019595505618 0.4
49 85.17627716064453 25.489739451371573 0.4
50 87.17957544326782 25.210367340823968 0.4
52 89.18285036087036 23.899370467289717 0.4
53 91.18641233444214 25.386943418910455 0.4
54 93.1893720626831 24.803848189762796 0.4
55 95.1929759979248 2.8980818976279648 0.5
55 97.19654417037964 26.7756695 0.5
56 99.20159339904785 24.890844677923702 0.5
57 101.20477294921875 24.26962799007444 0.5
59 103.20781922340393 24.2522917 0.5
60 105.21101355552673 24.71855331670823 0.5
61 107.21519064903259 24.904270930668332 0.5
62 109.21761059761047 24.31733413084112 0.5
63 111.22087287902832 24.411873258426965 0.5
64 113.22414803504944 23.799137291925465 0.5
65 115.22734689712524 23.827146865301057 0.5
67 117.23135757446289 23.56208703405573 0.5
68 119.23541355133057 22.330118927011853 0.5
69 121.23828387260437 23.70389307076923 0.5
70 123.24221134185791 24.33324319201995 0.5
71 125.24475979804993 23.720426500932255 0.5
72 127.24846363067627 22.667749925187035 0.5
73 129.2523968219757 24.787096488169365 0.5
74 131.2570571899414 22.69747762944479 0.5
75 133.2596914768219 22.66245795511222 0.5
76 135.26325941085815 22.435981622971283 0.5
78 137.2720000743866 24.233232577833125 0.5
79 139.27136969566345 24.700135384615386 0.5
80 141.27458095550537 23.409266991869917 0.5
81 143.2809374332428 23.54449901188243 0.5
82 145.28409600257874 23.955396668753913 0.5
83 147.28566765785217 23.392644893882647 0.5
84 149.287930727005 23.152839350811487 0.5
85 151.29598116874695 24.192494445828146 0.5
86 153.29446530342102 22.775950592638804 0.5
87 155.2981309890747 22.511569008109795 0.5
88 157.30204606056213 23.74882234413965 0.5
89 159.30482125282288 22.95986949216301 0.5
91 161.30807828903198 22.875574333958724 0.5
92 163.31099700927734 23.612976637608966 0.5
93 165.31500625610352 22.555260137585993 0.5
94 167.31897068023682 22.50458175482265 0.5
95 169.32233786582947 23.053186241400876 0.5
96 171.32841873168945 21.818877996242954 0.5
97 173.331205368042 23.039514806491884 0.5
98 175.332181930542 22.85906941838649 0.5
99 177.33621525764465 21.866360224859463 0.5
100 179.33996176719666 24.07083182044888 0.5
101 181.34392261505127 23.016549781931463 0.5
102 183.3462724685669 22.91519950124688 0.5
103 185.34954380989075 21.988374099999998 0.5
104 187.35265231132507 22.841861453634085 0.5
105 189.3568103313446 23.325362748282323 0.5
106 191.36014699935913 23.583790576441103 0.5
107 193.36311864852905 22.642455534709192 0.5
109 195.3678538799286 22.237671033187226 0.5
110 197.3698558807373 21.804086674968868 0.5
111 199.37215185165405 22.339718924327705 0.5
112 201.37755250930786 22.68468625782228 0.5
113 203.38053512573242 21.400388328115216 0.5
114 205.3844015598297 21.7128763 0.5
115 207.38762998580933 22.0404221 0.5
116 209.39147233963013 22.478038356164383 0.5
117 211.3940246105194 22.093858670012548 0.5
118 213.3996458053589 22.45312911709455 0.5
119 215.40067958831787 21.74455710723192 0.5
120 217.40393710136414 22.15158485678705 0.5
121 219.40810799598694 21.470608630393997 0.5
122 221.4134202003479 21.5639434 0.5
123 223.41614413261414 22.276024837905236 0.5
124 225.41807770729065 21.297581865998747 0.5
125 227.4217140674591 21.945228667917448 0.5
126 229.42567229270935 21.68872129837703 0.5
127 231.4306869506836 21.811295040599628 0.5
128 233.43185186386108 21.489843686176837 0.5
129 235.4339566230774 22.078669731417865 0.5
130 237.4398136138916 21.122096679151063 0.5
131 239.44187021255493 22.116827548346848 0.5
132 241.44515299797058 21.560301365059487 0.5
133 243.44876074790955 21.269392581453634 0.5
134 245.4515790939331 21.231178 0.5
135 247.46348929405212 21.442062767689418 0.5
136 249.45841097831726 20.790073675108093 0.5
137 251.46333026885986 21.40113125925926 0.5
138 253.466650724411 20.58234481733746 0.5
139 255.4724736213684 21.065662885572138 0.5
140 257.47373247146606 20.61957886419753 0.5
141 259.4766285419464 19.68951569573284 0.5
142 261.4811794757843 21.828140662576686 0.5
143 263.4852533340454 19.502347677261614 0.5
144 265.4874122142792 21.784605856079402 0.5
145 267.4903781414032 20.592368574969022 0.5
146 269.4930377006531 20.08517210230817 0.5
147 271.49639344215393 20.258974704049844 0.5
148 273.5004734992981 20.72444393524284 0.5
149 275.5050678253174 20.3711536159601 0.5
150 277.5068869590759 19.419091049037863 0.5
151 279.510413646698 20.790234096310193 0.5
152 281.519335269928 20.556137485928705 0.5
153 283.5169851779938 19.4319032 0.5
154 285.5207645893097 20.019326608695653 0.5
155 287.5235650539398 20.521836152404745 0.5
155 289.5296127796173 20.35726526446795 0.5
156 291.530739068985 20.7193694 0.5
157 293.5394880771637 19.68010561770129 0.5
158 295.53684663772583 20.4407281773399 0.5
159 297.54204535484314 20.182652893590543 0.5
160 299.54342889785767 19.763992209737825 0.5
161 301.54776763916016 20.771222169278996 0.5
162 303.5504672527313 20.475954556803995 0.5
163 305.5543591976166 20.47898456928839 0.5
164 307.5580623149872 18.917585 0.5
165 309.56605863571167 20.219903721219666 0.5
166 311.56751441955566 20.196105231539423 0.5
167 313.5702772140503 20.14393215442092 0.5
168 315.5728859901428 19.378633524283938 0.5
169 317.5760509967804 20.20252365899191 0.5
170 319.5792531967163 21.36613429638854 0.5
171 321.5832288265228 18.851111088985686 0.5
172 323.58683919906616 20.380231731008717 0.5
172 325.5905134677887 18.956236903870163 0.5
173 327.5980682373047 20.39455880149813 0.5
174 329.6070816516876 20.13592613849033 0.5
175 331.6016330718994 19.551216039850562 0.5
176 333.6070785522461 19.441715180124223 0.5
177 335.6097619533539 20.27537836228288 0.5
178 337.61386275291443 19.086145346534654 0.5
179 339.61763191223145 19.321323690773067 0.5
180 341.6239402294159 19.7801488209607 0.5
181 343.62586307525635 20.11574975640225 0.5
182 345.63053011894226 20.43699982532751 0.5
183 347.63256096839905 20.105504356435645 0.5
184 349.6358494758606 20.278335859912445 0.5
184 351.63934683799744 20.609656429463172 0.5
185 353.6433529853821 19.88817173399627 0.5
186 355.65886759757996 19.394754171855542 0.5
187 357.65369725227356 19.98984933250156 0.5
188 359.6612982749939 19.638243890274314 0.5
189 361.65927815437317 19.75196284644195 0.5
190 363.6635208129883 19.050823 0.5
191 365.66722869873047 19.732706217228465 0.5
192 367.6681137084961 19.603368594628357 0.5
193 369.67443656921387 20.03328271016311 0.5
194 371.6757175922394 18.76266056285178 0.5
195 373.67821288108826 19.433524363636366 0.5
195 375.6825461387634 20.567481575984992 0.5
196 377.6854634284973 18.954751639549436 0.5
197 379.6929986476898 20.125173998752338 0.5
198 381.691832780838 19.2923002 0.5
199 383.69569063186646 19.445069950248755 0.5
200 385.70061016082764 19.459437902621723 0.5
201 387.70278453826904 18.849693717146433 0.5
202 389.71493768692017 20.490157396745932 0.5
203 391.70870757102966 19.475016585365854 0.5
203 393.71485233306885 20.014417967377664 0.5
204 395.71596789360046 18.12144578914535 0.5
205 397.71905279159546 19.119283343730505 0.5
206 399.7222955226898 20.59485375078272 0.5
207 401.72987151145935 20.50434257178527 0.5
208 403.73001885414124 18.60738626566416 0.5
209 405.7329032421112 19.355635937694704 0.5
210 407.73548126220703 19.77825756706176 0.5
210 409.741042137146 19.60366537313433 0.5
211 411.7428846359253 18.28906463460337 0.5
212 413.7482669353485 19.6032903 0.5
213 415.74970149993896 19.013811432145094 0.5
214 417.75421595573425 19.50862554517134 0.5
215 419.7585620880127 18.202512647975077 0.5
216 421.7608451843262 19.27850965732087 0.5
217 423.76505064964294 18.63147202998126 0.5
217 425.76955819129944 17.546378494088362 0.5
218 427.7706050872803 18.1231758 0.5
219 429.7752525806427 19.95511169670603 0.5
220 431.7787127494812 18.363828514357053 0.5
221 433.78277826309204 20.17350261740764 0.5
222 435.78479838371277 19.365159726197884 0.5
223 437.7879765033722 18.96168518057285 0.5
223 439.7912940979004 17.963243345817727 0.5
224 441.80675053596497 18.24938500311915 0.5
225 443.79895305633545 18.20207132169576 0.5
226 445.8022429943085 18.31386055727554 0.5
227 447.8064515590668 19.068478406969508 0.5
228 449.8096263408661 17.66738398500937 0.5
228 451.81368112564087 18.580664661654136 0.5
229 453.81701397895813 19.000574640849468 0.5
230 455.8193280696869 18.52978447761194 0.5
231 457.82425475120544 18.537537971375233 0.5
232 459.82789278030396 18.628750991890204 0.5
233 461.83138489723206 18.325896344354337 0.5
234 463.8348140716553 18.938954987468673 0.5
234 465.8386046886444 17.357828870867124 0.5
235 467.83987760543823 17.85887610243598 0.5
236 469.8436861038208 19.436114542056075 0.5
237 471.84767627716064 19.26577080675422 0.5
238 473.85168051719666 17.366087965152456 0.5
239 475.85384702682495 17.868441500000003 0.5
239 477.8625271320343 17.489918901373283 0.5
240 479.86078667640686 17.358182928660824 0.5
241 481.8634946346283 17.61187818068536 0.5
242 483.87186574935913 25.806363306401494 0.5
243 485.8818738460541 27.58319260923845 0.5
245 487.87565875053406 25.954687263681592 0.5
246 489.8850529193878 26.677285270354258 0.5
247 491.8876621723175 26.9739240619195 0.5
248 493.88783073425293 24.03481598014888 0.5
249 495.89002084732056 17.83659632729544 0.5
250 497.8929355144501 18.07071228200371 0.5
251 499.89647245407104 18.17069246882793 0.5
252 501.90319204330444 17.7633018 0.5
252 503.9048011302948 19.3439087 0.5
253 505.90830421447754 17.617206837180287 0.5
254 507.91191482543945 16.6314416957606 0.5
255 509.9245533943176 17.14330301369863 0.5
256 511.91911339759827 17.13586324189526 0.5
256 513.9219377040863 17.60330008766437 0.5
257 515.9234440326691 18.85877898432602 0.5
258 517.9288048744202 17.996651106941837 0.5
259 519.9327576160431 17.465087 0.5
260 521.9360404014587 18.028065003134795 0.5
260 523.9399969577789 17.255608355222012 0.5
261 525.9417345523834 17.172458394523957 0.5
262 527.9478468894958 18.63120399251404 0.5
263 529.953058719635 17.33769873828857 0.5
264 531.9523956775665 16.389805900000002 0.5
265 533.956946849823 18.8591487 0.5
265 535.9599776268005 17.608485714285717 0.5
266 537.9621872901917 16.77286203877423 0.5
267 539.9679470062256 16.95502870705809 0.5
268 541.968980550766 18.235432845528454 0.5
269 543.9724204540253 18.7567525 0.5
269 545.9783580303192 18.329551990018714 0.5
270 547.9798450469971 19.19748667083073 0.5
271 549.983633518219 17.57009683686177 0.5
272 551.9876778125763 17.426158302122346 0.5
273 553.9914357662201 16.7635302 0.5
273 555.9945092201233 18.610672729544035 0.5
274 557.9967412948608 17.11702105263158 0.5
275 560.0008623600006 18.473062571785267 0.5
276 562.0043098926544 16.80409951097179 0.5
277 564.0127341747284 17.66366266500623 0.5
278 566.0125906467438 17.42519337071651 0.5
278 568.0141086578369 17.09218907280647 0.5
279 570.0197415351868 17.43679950155763 0.5
280 572.0197811126709 17.614357333333334 0.5
281 574.0235552787781 17.384318904109588 0.5
282 576.0280802249908 17.291146766541825 0.5
282 578.0296387672424 16.868979140186916 0.5
283 580.0354154109955 23.93232776119403 0.5
285 582.0423858165741 25.43193656862745 0.5
286 584.044011592865 26.39332433497537 0.5
287 586.0501449108124 25.592913923123856 0.5
288 588.0488746166229 26.417849075215784 0.5
289 590.0555231571198 17.36177876481597 0.5
290 592.0564348697662 17.307647035670357 0.5
291 594.0603761672974 16.25175940520446 0.5
291 596.0633878707886 16.626614453366276 0.5
292 598.0667977333069 17.357720773549595 0.5
293 600.072375535965 16.514153279402613 0.5
294 602.0740253925323 16.453665648665424 0.5
295 604.0791487693787 17.00574479049406 0.5
295 606.0811474323273 17.724405892634206 0.5
296 608.0844430923462 16.086143501557633 0.5
297 610.087968826294 16.9288609856519 0.5
298 612.0930504798889 16.338203854818524 0.5
298 614.095071554184 16.172317808219177 0.5
299 616.1005835533142 16.943397014925374 0.5
300 618.1028456687927 0.1754742144638404 0.5
300 620.107084274292 0.18536852336448598 0.5
300 622.1118638515472 0.16714165413533835 0.5
300 624.1162149906158 0.16385199250468457 0.5
300 626.1199009418488 0.15926569999999998 0.5
300 628.1240963935852 0.15893573033707867 0.5
300 630.1278133392334 0.1678867292057536 0.5
300 632.1316995620728 0.16863749843652281 0.5
300 634.1349942684174 0.15741958724202626 0.5
300 636.1384916305542 0.1558371018113679 0.5
300 638.1426322460175 0.17739735330836454 0.5
300 640.1461317539215 0.177503 0.5
300 642.1497755050659 0.1815539575530587 0.5
300 644.1535949707031 0.1784781488430269 0.5
300 646.1571893692017 0.1748357829070493 0.5
300 648.1608300209045 0.1804699937460913 0.5
300 650.1646897792816 0.18266236397748592 0.5
300 652.1694457530975 0.18131875156054933 0.5
300 654.1729516983032 0.1751968980612883 0.5
300 656.1769413948059 0.1755446845721424 0.5
300 658.1806704998016 0.1811717 0.5
300 660.1841945648193 0.17958975640224858 0.5
300 662.1878118515015 0.17944155096935585 0.5
300 664.1912686824799 0.1841082 0.5
300 666.1944916248322 0.17727680598877105 0.5
300 668.1985008716583 0.1840743 0.5
300 670.2024188041687 0.1804215 0.5
300 672.205849647522 0.17571797626483449 0.5
300 674.2099986076355 0.17517203495630462 0.5
300 676.21360039711 0.1742506066291432 0.5
300 678.2171764373779 0.180753 0.5
300 680.220920085907 0.1753764896939413 0.5
300 682.2248253822327 0.1756935 0.5
300 684.2287328243256 0.1775455319148936 0.5
300 686.2316339015961 0.17885798624140087 0.5
300 688.2365691661835 0.1753395744680851 0.5
300 690.2402954101562 0.17684427232979388 0.5
300 692.2442967891693 0.18345018726591758 0.5
300 694.2476322650909 0.17327099999999998 0.5
300 696.251620054245 0.17980584269662922 0.5
300 698.2547361850739 0.1785579 0.5
300 700.2584948539734 0.17372880000000002 0.5
300 702.261955499649 0.2008106 0.5
300 704.2658648490906 0.17749968808484093 0.5
300 706.2690608501434 0.1774598 0.5
300 708.2729227542877 0.1944520325203252 0.5
300 710.2766211032867 0.22062266750156545 0.5
300 712.2803664207458 0.18068489999999998 0.5
300 714.2838106155396 0.11245118198874296 0.5
300 716.2869911193848 0.17437156445556948 0.5
300 718.2904553413391 0.15858331457160724 0.5
300 720.2940895557404 0.18302111180512182 0.5
300 722.2987101078033 0.1983493582554517 0.5
300 724.3019270896912 0.1122005253283302 0.5
300 726.305734872818 0.18252542161149282 0.5
300 728.3089933395386 0.17255634771732334 0.5
300 730.3131923675537 0.1768776 0.5
300 732.3170170783997 0.20066661663539712 0.5
300 734.3211832046509 0.17660255319148938 0.5
300 736.325026512146 0.1594991 0.5
300 738.3289818763733 0.15025632040050063 0.5
300 740.3329555988312 0.17298565190268247 0.5
300 742.3369243144989 0.1557049 0.5
300 744.3409955501556 0.1534732584269663 0.5
300 746.3450200557709 0.15286958698372966 0.5
300 748.3492224216461 0.1491296939412867 0.5
300 750.35302567482 0.16650137328339576 0.5
300 752.3567342758179 0.15435222985633978 0.5
300 754.3607559204102 0.15334834271419637 0.5
300 756.3645277023315 0.1524279 0.5
300 758.3691534996033 0.15927035602748282 0.5
300 760.3729562759399 0.1667790738423029 0.5
300 762.3765769004822 0.15386157303370787 0.5
300 764.3806445598602 0.1554826 0.5
300 766.3842513561249 0.1538806982543641 0.5
300 768.3881430625916 0.15919610486891383 0.5
300 770.3921422958374 0.16519261845386535 0.5
300 772.3964622020721 0.1533068335419274 0.5
300 774.4004352092743 0.1508871 0.5
300 776.4041349887848 0.15336835522201375 0.5
300 778.4081575870514 0.1689943066585217 0.5
300 780.412125825882 0.18373650594865373 0.5
300 782.4160997867584 0.1762445 0.5
300 784.4196798801422 0.1742660349127182 0.5
300 786.4234366416931 0.1745336494073612 0.5
300 788.4271059036255 0.17602365564566438 0.5
300 790.4314937591553 0.17766003752345216 0.5
300 792.43603348732 0.17782538172715895 0.5
300 794.4396452903748 0.17556729999999998 0.5
300 796.4430441856384 0.17585250781738587 0.5
300 798.4472095966339 0.1754542 0.5
300 800.450882434845 0.18892564294631708 0.5
300 802.4547619819641 0.1749725156445557 0.5
300 804.458676815033 0.17431839799749688 0.5
300 806.4623320102692 0.17817603997501563 0.5
300 808.4661440849304 0.17542544090056283 0.5
300 810.4699947834015 0.17530516572858035 0.5
300 812.4738729000092 0.17938157303370786 0.5
300 814.4772939682007 0.1742943320848939 0.5
300 816.4805631637573 0.18052622889305817 0.5
300 818.4835896492004 0.1854971642723298 0.5
300 820.4876506328583 0.17760180225281602 0.5
300 822.4909105300903 0.17663349593495936 0.5
300 824.4947209358215 0.18240059925093635 0.5
300 826.4992680549622 0.17879620947630923 0.5
300 828.5026233196259 0.17882052565707135 0.5
300 830.5063102245331 0.17703076731129133 0.5
300 832.5094864368439 0.17596997506234413 0.5
300 834.5127124786377 0.17449501877346685 0.5
300 836.5155861377716 0.1758839 0.5
300 838.5191209316254 0.17644497811131957 0.5
300 840.5227816104889 0.17911825109306684 0.5
300 842.5258226394653 0.17382822942643392 0.5
300 844.5288980007172 0.17753424109931293 0.5
300 846.5325846672058 0.1753474078700812 0.5
300 848.536627292633 0.17454971927635682 0.5
300 850.5397303104401 0.1824762 0.5
300 852.5433740615845 0.17741411617738914 0.5
300 854.5467536449432 0.17495624765478424 0.5
300 856.550036907196 0.17646173424828446 0.5
300 858.5533459186554 0.17812833020637897 0.5
300 860.5567448139191 0.17658362953692114 0.5
300 862.5611312389374 0.1860338288569644 0.5
300 864.5645227432251 0.17464364772017488 0.5
300 866.5683472156525 0.17586355889724312 0.5
300 868.571451663971 0.1857994 0.5
300 870.5753555297852 0.1757427 0.5
300 872.5787575244904 0.17680399500624222 0.5
300 874.5822849273682 0.1761956 0.5
300 876.5854895114899 0.17427917551530295 0.5
300 878.5890197753906 0.17461579538365565 0.5
300 880.5929884910583 0.17420608478802993 0.5
300 882.5961916446686 0.1747277096370463 0.5
300 884.5997357368469 0.17351485963817842 0.5
300 886.6028523445129 0.17475465667915108 0.5
300 888.6064925193787 0.17282465377417344 0.5
300 890.6105601787567 0.1750516072545341 0.5
300 892.6141221523285 0.1834311111111111 0.5
300 894.6174597740173 0.1815419274092616 0.5
300 896.6220083236694 0.173460484773151 0.5
300 898.625324010849 0.1750886088583905 0.5
300 900.6288115978241 0.1737995752654591 0.5
300 902.6319742202759 0.1749801 0.5
300 904.6359617710114 0.1761515 0.5
300 906.6392271518707 0.1811556777014366 0.5
300 908.6428389549255 0.17338496878901374 0.5
300 910.6469852924347 0.17444595638629284 0.5
300 912.65056848526 0.18003637726420987 0.5
300 914.6535851955414 0.1766300062460962 0.5
300 916.6573617458344 0.17754394014962593 0.5
300 918.6605439186096 0.1808482 0.5
300 920.6642982959747 0.17500747967479674 0.5
300 922.66730427742 0.17715625468164795 0.5
300 924.670508146286 0.1733873644859813 0.5
300 926.6735045909882 0.17287416822429907 0.5
300 928.6768188476562 0.17659052369077308 0.5
300 930.6799468994141 0.1775226384567517 0.5
300 932.6843500137329 0.17598851435705368 0.5
300 934.6877777576447 0.1778485 0.5
300 936.6914012432098 0.17621977584059775 0.5
300 938.6954998970032 0.1767711639549437 0.5
300 940.6991908550262 0.17874668332292315 0.5
300 942.7029197216034 0.17477473420888054 0.5
300 944.7066864967346 0.17535420724094883 0.5
300 946.7102618217468 0.17634063551401868 0.5
300 948.713751077652 0.1739052 0.5
300 950.7178373336792 0.1750459962523423 0.5
300 952.7208776473999 0.17477883677298311 0.5
300 954.7239644527435 0.1741367 0.5
300 956.727433681488 0.18057401752190239 0.5
300 958.7312190532684 0.17473480925578486 0.5
300 960.7349100112915 0.1734151 0.5
300 962.7382352352142 0.1904039024390244 0.5
300 964.7414085865021 0.17571920199501248 0.5
300 966.7458572387695 0.17734795752654592 0.5
300 968.7496535778046 0.17438789243277047 0.5
300 970.7531735897064 0.1760850531582239 0.5
300 972.7567365169525 0.18168990000000002 0.5
300 974.7602710723877 0.17493596502186134 0.5
300 976.7636067867279 0.17680829481574015 0.5
300 978.7673885822296 0.18049946081504703 0.5
300 980.7706489562988 0.17894670000000001 0.5
300 982.7747054100037 0.17709416770963707 0.5
300 984.7779996395111 0.1768383760149906 0.5
300 986.7813465595245 0.18021009999999998 0.5
300 988.7852194309235 0.17451877729257642 0.5
300 990.7890360355377 0.1772004 0.5
300 992.7926530838013 0.177138177278402 0.5
300 994.796765089035 0.18497927590511862 0.5
300 996.800276517868 0.17770916823014385 0.5
300 998.803765296936 0.1835752 0.5
300 1000.8079071044922 0.18557388367729832 0.5
300 1002.8119008541107 0.1749742 0.5
300 1004.8153817653656 0.17328030056355667 0.5
300 1006.819450378418 0.1763567 0.5
300 1008.8226592540741 0.20043690000000003 0.5
300 1010.8265917301178 0.1769218 0.5
300 1012.8301231861115 0.1701903689806129 0.5
300 1014.8337640762329 0.1933636 0.5
300 1016.8379058837891 0.17163199999999998 0.5
300 1018.841320514679 0.1751555 0.5
300 1020.845162153244 0.14535424640400252 0.5
300 1022.8482542037964 0.19859967520299812 0.5
300 1024.8519930839539 0.17722509705698186 0.5
300 1026.855263710022 0.19876294631710362 0.5
300 1028.85906124115 0.1738536414740787 0.5
300 1030.8627681732178 0.1843607 0.5
300 1032.8661274909973 0.1996631421446384 0.5
300 1034.8700952529907 0.18650643347907558 0.5
300 1036.8748722076416 0.1831355 0.5
300 1038.8785648345947 0.18545377417342482 0.5
300 1040.8819875717163 0.17422294264339153 0.5
300 1042.8855593204498 0.20361677902621722 0.5
300 1044.888785123825 0.1997206508135169 0.5
300 1046.8925819396973 0.17402152690863582 0.5
300 1048.8957059383392 0.1808226282853567 0.5
300 1050.8994495868683 0.1763076923076923 0.5
300 1052.9029245376587 0.19802986866791747 0.5
300 1054.9069993495941 0.17754466541588493 0.5
300 1056.910579442978 0.17967890137328338 0.5
300 1058.9141042232513 0.17687439299123905 0.5
300 1060.9178972244263 0.17814924327704815 0.5
300 1062.9216599464417 0.17675322923173017 0.5
300 1064.9249050617218 0.17654424015009382 0.5
300 1066.9285187721252 0.1780139 0.5
300 1068.9315707683563 0.18079670617592014 0.5
300 1070.9367134571075 0.007136579275905119 0.5
300 1072.9414553642273 0.20166146158650844 0.5
300 1074.9452390670776 0.18905260000000002 0.5
300 1076.9491896629333 0.18135955140186916 0.5
300 1078.9529070854187 0.17557530000000002 0.5
300 1080.9572339057922 0.1770985866166354 0.5
300 1082.9608323574066 0.18263365396627107 0.5
300 1084.9641909599304 0.17857559025608996 0.5
300 1086.9679713249207 0.17480174672489082 0.5
300 1088.9722442626953 0.17849717852684147 0.5
300 1090.9761555194855 0.1766794 0.5
300 1092.9797177314758 0.1768146 0.5
300 1094.98295378685 0.1757339662710806 0.5
300 1096.9868104457855 0.17456369307548347 0.5
300 1098.9904973506927 0.17745722152690863 0.5
300 1100.9937179088593 0.1792432 0.5
300 1102.9973101615906 0.17485298311444653 0.5
300 1105.0022277832031 0.17520319800124923 0.5
300 1107.0063393115997 0.17389275109170307 0.5
300 1109.0097315311432 0.17307972517176765 0.5
300 1111.013599872589 0.17675967560823455 0.5
300 1113.0168857574463 0.19617330831769855 0.5
300 1115.0204064846039 0.1740378263585259 0.5
300 1117.0240993499756 0.18433668956901936 0.5
300 1119.0277693271637 0.1786234396497811 0.5
300 1121.0313003063202 0.18010943160524673 0.5
300 1123.0345809459686 0.17980903870162296 0.5
300 1125.0378785133362 0.1793273 0.5
300 1127.0410854816437 0.17750764227642277 0.5
300 1129.0445251464844 0.1857514 0.5
300 1131.0482337474823 0.1805577972465582 0.5
300 1133.0519728660583 0.1745914 0.5
300 1135.0553283691406 0.18064409743910056 0.5
300 1137.05916929245 0.1800611235955056 0.5
300 1139.0639345645905 0.17430790000000002 0.5
300 1141.0675823688507 0.17551509999999998 0.5
300 1143.0711393356323 0.1757907 0.5
300 1145.074537038803 0.17495934959349593 0.5
300 1147.0778217315674 0.17762501563477173 0.5
300 1149.0814833641052 0.17451568309419838 0.5
300 1151.0848290920258 0.1743557723577236 0.5
300 1153.088208913803 0.173779 0.5
300 1155.0914635658264 0.17573350000000001 0.5
300 1157.094735622406 0.1774828 0.5
300 1159.098304271698 0.17538121325828643 0.5
300 1161.102142572403 0.17545301627033794 0.5
300 1163.1056034564972 0.1792645193508115 0.5
300 1165.1089878082275 0.1773121200750469 0.5
300 1167.1128041744232 0.178612467207995 0.5
300 1169.1161365509033 0.1869802626641651 0.5
300 1171.1198480129242 0.17618666666666666 0.5
300 1173.1234316825867 0.17929234228607122 0.5
300 1175.1279792785645 0.1840308421709295 0.5
300 1177.1314027309418 0.17620929242329367 0.5
300 1179.1354434490204 0.17879366188396756 0.5
300 1181.1392948627472 0.17831013149655603 0.5
300 1183.142900943756 0.17696641604010027 0.5
300 1185.1467905044556 0.1766061211742661 0.5
300 1187.1501376628876 0.17338693316677076 0.5
300 1189.153864145279 0.17584609618988134 0.5
300 1191.1577668190002 0.18129409999999999 0.5
300 1193.1613235473633 0.17471679799874923 0.5
300 1195.164849281311 0.17604619999999999 0.5
300 1197.1693842411041 0.1835687695190506 0.5
300 1199.1727526187897 0.1545733916302311 0.5
300 1201.1770412921906 0.1525152220137586 0.5
300 1203.1809196472168 0.15346846441947565 0.5
300 1205.1854860782623 0.16250806491885145 0.5
300 1207.1893038749695 0.17597831355402874 0.5
300 1209.1928503513336 0.1524189 0.5
300 1211.1969912052155 0.16995172069825437 0.5
300 1213.2009546756744 0.1528582635852592 0.5
300 1215.2045104503632 0.15166349999999998 0.5
300 1217.2080886363983 0.1516378263585259 0.5
300 1219.2123675346375 0.16510470955652717 0.5
300 1221.2162759304047 0.17372617886178862 0.5
300 1223.2203073501587 0.15624698254364092 0.5
300 1225.22394657135 0.15221156777014366 0.5
300 1227.2282526493073 0.16018866416978778 0.5
300 1229.2319104671478 0.1581706 0.5
300 1231.2359399795532 0.16799189493433395 0.5
300 1233.2393546104431 0.1632174781523096 0.5
300 1235.2428472042084 0.1582059 0.5
300 1237.246636390686 0.15716782989368355 0.5
300 1239.2508525848389 0.17820037523452156 0.5
300 1241.254471063614 0.17728710444027518 0.5
300 1243.2595660686493 0.17585303482587064 0.5
300 1245.2634019851685 0.17511064415259536 0.5
300 1247.2670738697052 0.1769918397997497 0.5
300 1249.2709488868713 0.17644623669380086 0.5
300 1251.274659395218 0.1734102 0.5
300 1253.2786507606506 0.1799344 0.5
300 1255.2824130058289 0.1756042 0.5
300 1257.2860448360443 0.1748439 0.5
300 1259.2898864746094 0.18093230000000002 0.5
300 1261.2935934066772 0.1784896319401123 0.5
300 1263.2970309257507 0.1735630538172716 0.5
300 1265.3016517162323 0.17905995012468828 0.5
300 1267.3052299022675 0.1774257 0.5
300 1269.3086731433868 0.17407730337078653 0.5
300 1271.3120384216309 0.1751655 0.5
300 1273.315423965454 0.1751655 0.5
300 1275.3192682266235 0.17537662077596997 0.5
300 1277.3223390579224 0.17398170716510902 0.5
300 1279.3268692493439 0.1793534 0.5
300 1281.3304014205933 0.17377738913179264 0.5
300 1283.3340194225311 0.1758020237351655 0.5
300 1285.3373036384583 0.17388666250779788 0.5
300 1287.3406705856323 0.17329467248908295 0.5
300 1289.3436243534088 0.1730566 0.5
300 1291.3473892211914 0.17464469999999999 0.5
300 1293.3511171340942 0.17323575530586766 0.5
300 1295.3548760414124 0.17483397123202002 0.5
300 1297.358160495758 0.18029735660847881 0.5
300 1299.3613545894623 0.17236209476309228 0.5
300 1301.3646619319916 0.1757305 0.5
300 1303.3679130077362 0.17616440275171982 0.5
300 1305.3722085952759 0.17693356695869836 0.5
300 1307.3754436969757 0.17729077978789767 0.5
300 1309.378987312317 0.18142958698372966 0.5
300 1311.383026599884 0.1799305 0.5
300 1313.3877687454224 0.1727626699937617 0.5
300 1315.3911261558533 0.1832695695570805 0.5
300 1317.3946130275726 0.17368898876404493 0.5
300 1319.3981456756592 0.1728787016229713 0.5
300 1321.4016642570496 0.1809865 0.5
300 1323.4055197238922 0.1764753262896209 0.5
300 1325.4089064598083 0.17551680598877106 0.5
300 1327.4126994609833 0.2352673 0.5
300 1329.417083978653 0.19533907384230287 0.5
300 1331.4204442501068 0.14606408010012514 0.5
300 1333.4238572120667 0.17543855090568394 0.5
300 1335.4271869659424 0.1980955 0.5
300 1337.4306015968323 0.1747216010006254 0.5
300 1339.4340982437134 0.173791 0.5
300 1341.4376831054688 0.42036117426608366 0.5
300 1343.440819978714 0.1743129 0.5
300 1345.4438774585724 0.1966782478097622 0.5
300 1347.4483811855316 0.17865746091307066 0.5
300 1349.451566696167 0.19631110000000002 0.5
300 1351.4555830955505 0.20211897564022485 0.5
300 1353.459314584732 0.17882073703935042 0.5
300 1355.4632313251495 0.3432612147777082 0.5
300 1357.4664421081543 0.17607440699126092 0.5
300 1359.4699375629425 0.18383649781113195 0.5
300 1361.4732880592346 0.177507 0.5
300 1363.4768152236938 0.18073214241099314 0.5
300 1365.4798243045807 0.17776559300873906 0.5
300 1367.4834420681 0.17864454715802622 0.5
300 1369.4870953559875 0.1720531339563863 0.5
300 1371.4909536838531 0.1986257766687461 0.5
300 1373.494402885437 0.1740494382022472 0.5
300 1375.4979202747345 0.1747216968184654 0.5
300 1377.501505613327 0.1743645443196005 0.5
300 1379.5053968429565 0.1779548 0.5
300 1381.5093886852264 0.17697467248908297 0.5
300 1383.513876914978 0.18502867124142233 0.5
300 1385.5171360969543 0.1770816760475297 0.5
300 1387.5203847885132 0.14444597873671045 0.5
300 1389.5240769386292 0.18141638524077547 0.5
300 1391.5272114276886 0.17678579111944967 0.5
300 1393.5304870605469 0.1741991255465334 0.5
300 1395.5336413383484 0.1767194 0.5
300 1397.5368223190308 0.174827066916823 0.5
300 1399.5406794548035 0.17597678549093182 0.5
300 1401.5438659191132 0.17661148217636022 0.5
300 1403.5472378730774 0.17739845193508114 0.5
300 1405.550252199173 0.17571922451532207 0.5
300 1407.5533871650696 0.1751915 0.5
300 1409.5568180084229 0.17834133666458463 0.5
300 1411.5601766109467 0.188221 0.5
300 1413.5632088184357 0.17743198497182217 0.5
300 1415.5675148963928 0.1776431 0.5
300 1417.5707573890686 0.17656079900124844 0.5
300 1419.5747418403625 0.1753609 0.5
300 1421.5783174037933 0.18790316052467207 0.5
300 1423.5820615291595 0.17729228464419475 0.5
300 1425.5853984355927 0.17830474046278924 0.5
300 1427.589197397232 0.18335019387116946 0.5
300 1429.5924043655396 0.17565346683354194 0.5
300 1431.5959658622742 0.17636372732958097 0.5
300 1433.5993602275848 0.1786151 0.5
300 1435.6026916503906 0.17738803504380476 0.5
300 1437.6067373752594 0.1784286 0.5
300 1439.610161781311 0.1788806 0.5
300 1441.614096879959 0.17769943785134293 0.5
300 1443.6174442768097 0.1750642 0.5
300 1445.6212148666382 0.17723625468164794 0.5
300 1447.625140428543 0.17500394506866418 0.5
300 1449.6286799907684 0.17575695190505933 0.5
300 1451.6340465545654 0.17593472239550842 0.5
300 1453.6376359462738 0.17633459088069958 0.5
300 1455.6412632465363 0.17453838649155723 0.5
300 1457.6451606750488 0.17593737827715356 0.5
300 1459.6488738059998 0.17431364602876798 0.5
300 1461.6529071331024 0.1757357907845579 0.5
300 1463.6562945842743 0.17920629606495941 0.5
300 1465.660501241684 0.17658996254681647 0.5
300 1467.6637253761292 0.17593961322520274 0.5
300 1469.6678302288055 0.1751576 0.5
300 1471.671019077301 0.18065377417342482 0.5
300 1473.6747229099274 0.17441738913179264 0.5
300 1475.678364276886 0.18226843554443053 0.5
300 1477.6824643611908 0.1809394 0.5
300 1479.6857657432556 0.1741440599625234 0.5
300 1481.6895892620087 0.17682038725796378 0.5
300 1483.693209886551 0.18044434456928837 0.5
300 1485.6980555057526 0.1732797005614473 0.5
300 1487.7018492221832 0.1781957829070493 0.5
300 1489.7060506343842 0.176805296689569 0.5
300 1491.7100176811218 0.17481078651685392 0.5
300 1493.7130494117737 0.17598661672908864 0.5
300 1495.7164916992188 0.17644266999376168 0.5
300 1497.720537662506 0.1759276356830942 0.5
300 1499.7241351604462 0.1807240897755611 0.5
300 1501.727695941925 0.17419136079900124 0.5
300 1503.731645822525 0.1711574531835206 0.5
300 1505.7356505393982 0.1579945601996257 0.5
300 1507.7394268512726 0.1527244 0.5
300 1509.743315935135 0.15984779999999998 0.5
300 1511.7472367286682 0.1525109 0.5
300 1513.7511129379272 0.1505383864915572 0.5
300 1515.7549006938934 0.16369532874139012 0.5
300 1517.758903503418 0.15807879849812265 0.5
300 1519.7629363536835 0.16206599124452784 0.5
300 1521.7677636146545 0.1772214 0.5
300 1523.7719457149506 0.15984090169067 0.5
300 1525.7756683826447 0.1578011970074813 0.5
300 1527.779554605484 0.1635137 0.5
300 1529.7830498218536 0.1543817543859649 0.5
300 1531.786906003952 0.16066304320601127 0.5
300 1533.7902135849 0.15572022514071293 0.5
300 1535.7939059734344 0.1608667 0.5
300 1537.7973248958588 0.15698331457160725 0.5
300 1539.8019490242004 0.15500502186133666 0.5
300 1541.805668592453 0.15845492834890965 0.5
300 1543.8090872764587 0.16126527238572325 0.5
300 1545.8123846054077 0.15877690670006261 0.5
300 1547.8162295818329 0.16959950062421975 0.5
300 1549.8199489116669 0.15777349156777015 0.5
300 1551.8239736557007 0.1569653033145716 0.5
300 1553.8274714946747 0.16155812617114304 0.5
300 1555.8319218158722 0.15769241551939925 0.5
300 1557.8354744911194 0.1580514 0.5
300 1559.8395011425018 0.15990089999999998 0.5
300 1561.8433949947357 0.15609669999999998 0.5
300 1563.8474688529968 0.15605046307884857 0.5
300 1565.8515448570251 0.15496135084427767 0.5
300 1567.855297088623 0.15697257641921397 0.5
300 1569.8595974445343 0.15788257661038146 0.5
300 1571.8630540370941 0.1533343339587242 0.5
300 1573.8668355941772 0.16293713570981863 0.5
300 1575.8705339431763 0.1569895 0.5
300 1577.874758720398 0.1648773 0.5
300 1579.8785672187805 0.1733372 0.5
300 1581.8826785087585 0.1751582261086821 0.5
300 1583.8862414360046 0.1761824 0.5
300 1585.8903563022614 0.1771663 0.5
300 1587.8944327831268 0.1786712 0.5
300 1589.8978850841522 0.17738580162195883 0.5
300 1591.901948928833 0.17804494382022473 0.5
300 1593.9053363800049 0.1777462914321451 0.5
300 1595.908876657486 0.17763191994996874 0.5
300 1597.913484096527 0.1743978041172801 0.5
300 1599.917008638382 0.17717416458852867 0.5
300 1601.9212410449982 0.1742594903666874 0.5
300 1603.9248497486115 0.17655133250311333 0.5
300 1605.928301334381 0.17431865588052273 0.5
300 1607.9317717552185 0.18389878976918278 0.5
300 1609.9351620674133 0.17366344139650872 0.5
300 1611.9389207363129 0.17614460961898815 0.5
300 1613.9420528411865 0.17430316052467207 0.5
300 1615.9458475112915 0.17378076107298815 0.5
300 1617.9487988948822 0.18325203252032518 0.5
300 1619.952088356018 0.17480779999999999 0.5
300 1621.9553298950195 0.1746646 0.5
300 1623.95862698555 0.18273875862068967 0.5
300 1625.9633269309998 0.17746304320601125 0.5
300 1627.9670224189758 0.1842155 0.5
300 1629.9706885814667 0.17774518147684606 0.5
300 1631.973777294159 0.17520329793878825 0.5
300 1633.9782962799072 0.1828088888888889 0.5
300 1635.982150554657 0.17789662921348315 0.5
300 1637.9859428405762 0.1758188 0.5
300 1639.9901645183563 0.17919151061173533 0.5
300 1641.9938242435455 0.17540903870162297 0.5
300 1643.9971241950989 0.1826395497185741 0.5
300 1646.0009264945984 0.17421533083645444 0.5
300 1648.004576921463 0.17609988728866624 0.5
300 1650.0087568759918 0.19844365456821028 0.5
300 1652.011864900589 0.17772264669163546 0.5
300 1654.015888929367 0.1762234396497811 0.5
300 1656.0194885730743 0.1834592 0.5
300 1658.0229606628418 0.1752268167604753 0.5
300 1660.0285663604736 0.1707151 0.5
300 1662.0319814682007 0.20041773891317927 0.5
300 1664.0355904102325 0.1728877354959451 0.5
300 1666.0392384529114 0.17753424109931293 0.5
300 1668.0425577163696 0.1715567540574282 0.5
300 1670.0463571548462 0.17982572676232064 0.5
300 1672.0500583648682 0.18084781035558328 0.5
300 1674.0538957118988 0.17388514357053683 0.5
300 1676.057549238205 0.11779405742821474 0.5
300 1678.0616154670715 0.17507728348909657 0.5
300 1680.0653331279755 0.1601965 0.5
300 1682.0687878131866 0.15318675827607744 0.5
300 1684.0725955963135 0.1535722173641474 0.5
300 1686.0770406723022 0.14442183635227981 0.5
300 1688.0807020664215 0.1833208 0.5
300 1690.084724664688 0.20448160200250312 0.5
300 1692.0880749225616 0.17776959400374767 0.5
300 1694.092933177948 0.17818846779237021 0.5
300 1696.0967531204224 0.1721449 0.5
300 1698.1009097099304 0.1733888319800125 0.5
300 1700.104689836502 0.1821265 0.5
300 1702.108276128769 0.17831464665415886 0.5
300 1704.1116983890533 0.182342236102436 0.5
300 1706.1156225204468 0.18594760000000002 0.5
300 1708.1191654205322 0.17795070000000002 0.5
300 1710.1235926151276 0.18349622971285892 0.5
300 1712.12717628479 0.1775269825436409 0.5
300 1714.1314270496368 0.17658586766541823 0.5
300 1716.1348502635956 0.11492959298685035 0.5
300 1718.1385941505432 0.17600981226533166 0.5
300 1720.1427285671234 0.17722802992518702 0.5
300 1722.1464202404022 0.1765529544034978 0.5
300 1724.1503098011017 0.2007922097378277 0.5
300 1726.1538298130035 0.1777273 0.5
300 1728.1572823524475 0.17748863039399623 0.5
300 1730.161239862442 0.1789115 0.5
300 1732.1646931171417 0.17633269206745783 0.5
300 1734.1685972213745 0.17371905118601746 0.5
300 1736.1722478866577 0.1769445096814491 0.5
300 1738.17671251297 0.11069051842598376 0.5
300 1740.1803884506226 0.17850270000000001 0.5
300 1742.1845271587372 0.19675522798251094 0.5
300 1744.1880609989166 0.1857785115697311 0.5
300 1746.1916677951813 0.17712669581511556 0.5
300 1748.195175409317 0.1750454 0.5
300 1750.199060201645 0.1757978 0.5
300 1752.202986240387 0.1819968519675203 0.5
300 1754.2067821025848 0.17594613366645845 0.5
300 1756.2105736732483 0.1747798 0.5
300 1758.2138562202454 0.17491775280898875 0.5
300 1760.2189602851868 0.17285586034912717 0.5
300 1762.2226555347443 0.17488369538077403 0.5
300 1764.22647356987 0.17413133583021223 0.5
300 1766.2298576831818 0.19944936756418286 0.5
300 1768.2335016727448 0.18223018773466831 0.5
300 1770.237719297409 0.1745274203622736 0.5
300 1772.2419111728668 0.17297167810355585 0.5
300 1774.2460386753082 0.17370706616729087 0.5
300 1776.2497329711914 0.1737008 0.5
300 1778.25390291214 0.17368499375780275 0.5
300 1780.2572762966156 0.1741154556803995 0.5
300 1782.2609627246857 0.17239366188396757 0.5
300 1784.2645223140717 0.17471359599749844 0.5
300 1786.268164396286 0.17524625782227785 0.5
300 1788.2725901603699 0.18140084893882646 0.5
300 1790.2762863636017 0.1732658088694566 0.5
300 1792.2803518772125 0.1747618 0.5
300 1794.283686876297 0.18248873362445414 0.5
300 1796.288834810257 0.1736744139650873 0.5
300 1798.2923119068146 0.17933065502183407 0.5
300 1800.296293258667 0.2020877902621723 0.5
300 1802.2998728752136 0.17294940662086195 0.5
300 1804.3034374713898 0.1750103 0.5
300 1806.3075232505798 0.17551460337289193 0.5
300 1808.3112025260925 0.17872769519050594 0.5
300 1810.3152675628662 0.18241310000000002 0.5
300 1812.3188433647156 0.1756052933832709 0.5
300 1814.3226597309113 0.1779277048155097 0.5
300 1816.3260686397552 0.17744189881324174 0.5
300 1818.330069065094 0.17619014925373133 0.5
300 1820.3337676525116 0.1753148 0.5
300 1822.3372583389282 0.17656004996876953 0.5
300 1824.340830564499 0.1729974 0.5
300 1826.3443620204926 0.178634 0.5
300 1828.3477368354797 0.17468765957446808 0.5
300 1830.3532185554504 0.1777343 0.5
300 1832.3570098876953 0.18266167290886393 0.5
300 1834.360778093338 0.1764028963795256 0.5
300 1836.3648154735565 0.17506928169893815 0.5
300 1838.3686254024506 0.17967799874921825 0.5
300 1840.372322320938 0.11602986267166043 0.5
300 1842.3758096694946 0.17640584634603373 0.5
300 1844.379769563675 0.1789636 0.5
300 1846.383421421051 0.17464664584634604 0.5
300 1848.3874654769897 0.17537287925696593 0.5
300 1850.3912217617035 0.17729410881801128 0.5
300 1852.395075559616 0.17358952618453866 0.5
300 1854.3986876010895 0.1767431355402873 0.5
300 1856.402465581894 0.17394217228464418 0.5
300 1858.4061126708984 0.17377167810355584 0.5
300 1860.4098517894745 0.17562942128189174 0.5
300 1862.413234949112 0.17526236102435977 0.5
300 1864.41774392128 0.1807697567061759 0.5
300 1866.4216973781586 0.17742352059925093 0.5
300 1868.4250781536102 0.1745161726078799 0.5
300 1870.4290299415588 0.17648030037546933 0.5
300 1872.432237148285 0.1750798501872659 0.5
300 1874.4359698295593 0.17337677902621723 0.5
300 1876.4393367767334 0.17877083176985614 0.5
300 1878.4433538913727 0.17681738913179262 0.5
300 1880.4470369815826 0.175230337922403 0.5
300 1882.4507644176483 0.18284157205240176 0.5
300 1884.454339981079 0.18322811214953272 0.5
300 1886.458144903183 0.1770166645846346 0.5
300 1888.4617500305176 0.1847339825218477 0.5
300 1890.4661643505096 0.17641174266083698 0.5
300 1892.4696452617645 0.17949185277604493 0.5
300 1894.4731349945068 0.17802483447845097 0.5
300 1896.4766392707825 0.1789971072319202 0.5
300 1898.4812548160553 0.17957662305295952 0.5
300 1900.4851474761963 0.1763587515605493 0.5
300 1902.4895164966583 0.1781608988764045 0.5
300 1904.493438243866 0.17694302122347066 0.5
300 1906.4967477321625 0.17563872579637727 0.5
300 1908.5004782676697 0.17689988785046729 0.5
300 1910.5044074058533 0.17792360225140713 0.5
300 1912.5084524154663 0.17562480349344978 0.5
300 1914.5120315551758 0.1768807 0.5
300 1916.5155959129333 0.17543355402873204 0.5
300 1918.5195384025574 0.1769666874610106 0.5
300 1920.5231750011444 0.182646783042394 0.5
300 1922.526932477951 0.17899935081148566 0.5
300 1924.5304024219513 0.17427417863835104 0.5
300 1926.5340662002563 0.1836452867830424 0.5
300 1928.5372653007507 0.17553625935162093 0.5
300 1930.5412924289703 0.1730355 0.5
300 1932.5447883605957 0.18496319600499375 0.5
300 1934.5493743419647 0.1737081647940075 0.5
300 1936.5527243614197 0.17283038101186757 0.5
300 1938.5562427043915 0.1816553653966271 0.5
300 1940.5597264766693 0.17888879450343537 0.5
300 1942.5634984970093 0.17694041224234852 0.5
300 1944.5672099590302 0.17465460000000002 0.5
300 1946.570885181427 0.1764891056910569 0.5
300 1948.5742304325104 0.17822101186758277 0.5
300 1950.5781769752502 0.17697159275452842 0.5
300 1952.5816473960876 0.17720673736743606 0.5
300 1954.5850081443787 0.17576125078173857 0.5
300 1956.5883848667145 0.18552390000000002 0.5
300 1958.5923001766205 0.17759569461827285 0.5
300 1960.595831155777 0.1816464837905237 0.5
300 1962.5995864868164 0.1769259 0.5
300 1964.6030049324036 0.1763856768558952 0.5
300 1966.6068170070648 0.24736906600249065 0.5
300 1968.611238002777 0.1733336658354115 0.5
300 1970.615348815918 0.19830130841121496 0.5
300 1972.6191194057465 0.16559590511860175 0.5
300 1974.6232361793518 0.16928400250156347 0.5
300 1976.6271188259125 0.18537615960099751 0.5
300 1978.6311213970184 0.1747496814490943 0.5
300 1980.6348996162415 0.1731266916354557 0.5
300 1982.63876414299 0.19792069956277328 0.5
300 1984.6430351734161 0.1693146350592639 0.5
300 1986.6466012001038 0.18594282866043613 0.5
300 1988.6504616737366 0.177411072319202 0.5
300 1990.6544411182404 0.1766966936993138 0.5
300 1992.657987356186 0.18096968184653775 0.5
300 1994.6620166301727 0.17485873986275732 0.5
300 1996.6658833026886 0.18170208099688473 0.5
300 1998.6696243286133 0.17560618453865337 0.5
300 2000.673244714737 0.14446762320648784 0.5
300 2002.67715549469 0.17554465377417344 0.5
300 2004.6815280914307 0.17449616010006253 0.5
300 2006.6853020191193 0.21068301557632402 0.5
300 2008.688972711563 0.20116077451592754 0.5
300 2010.6928992271423 0.1742945976294448 0.5
300 2012.6966037750244 0.17908334581772783 0.5
300 2014.7000637054443 0.17605736414740789 0.5
300 2016.7033777236938 0.1745823139462164 0.5
300 2018.7074015140533 0.1827076077451593 0.5
300 2020.711375951767 0.1758711805121799 0.5
300 2022.7148427963257 0.1753908719851577 0.5
300 2024.718055009842 0.18076332292317301 0.5
300 2026.7217180728912 0.17665618988132417 0.5
300 2028.7252266407013 0.19632969394128671 0.5
300 2030.7291707992554 0.17756566437928883 0.5
300 2032.732913017273 0.17482993129294191 0.5
300 2034.736243724823 0.17497836147592244 0.5
300 2036.7400925159454 0.174344 0.5
300 2038.744720697403 0.1754902 0.5
300 2040.7482154369354 0.17641698184095178 0.5
300 2042.752025127411 0.17408899437851344 0.5
300 2044.7556903362274 0.18116976889444097 0.5
300 2046.7598185539246 0.17590877105427324 0.5
300 2048.763786315918 0.1729625 0.5
300 2050.76717543602 0.18920583905177793 0.5
300 2052.7709019184113 0.17442974422956956 0.5
300 2054.774487733841 0.174205443196005 0.5
300 2056.7775750160217 0.18134196127420363 0.5
300 2058.7811155319214 0.17678772301933873 0.5
300 2060.78453707695 0.18588257018091078 0.5
300 2062.787943124771 0.17666218613366647 0.5
300 2064.7913546562195 0.17704009987515604 0.5
300 2066.7945783138275 0.17652187382885695 0.5
300 2068.798127889633 0.1834041448189763 0.5
300 2070.8017678260803 0.1761954 0.5
300 2072.805280685425 0.1996898938163648 0.5
300 2074.809895515442 0.177562 0.5
300 2076.8138930797577 0.1748146225826575 0.5
300 2078.8172631263733 0.17780742964352722 0.5
300 2080.8209114074707 0.1983049 0.5
300 2082.824323654175 0.17833986241400876 0.5
300 2084.828278541565 0.1776291181988743 0.5
300 2086.8318107128143 0.1787321847690387 0.5
300 2088.8352992534637 0.1760620387742339 0.5
300 2090.8392481803894 0.17486100000000002 0.5
300 2092.8428027629852 0.1770762 0.5
300 2094.8464052677155 0.17452542161149281 0.5
300 2096.8503770828247 0.17424259513412352 0.5
300 2098.8535344600677 0.1808069825436409 0.5
300 2100.857397556305 0.17958372034956305 0.5
300 2102.8609743118286 0.17420833957553059 0.5
300 2104.8644490242004 0.17846278228321896 0.5
300 2106.867932319641 0.17857040650406503 0.5
300 2108.8728795051575 0.17317976264834478 0.5
300 2110.8767330646515 0.1760534332084894 0.5
300 2112.880287885666 0.17895260000000002 0.5
300 2114.8844273090363 0.17829473420888053 0.5
300 2116.8885338306427 0.1771352 0.5
300 2118.8930401802063 0.17908562851782364 0.5
300 2120.8972589969635 0.17416710888610762 0.5
300 2122.900801897049 0.176473 0.5
300 2124.9049124717712 0.17461553470919325 0.5
300 2126.9089002609253 0.17819402873204246 0.5
300 2128.9126727581024 0.17702037359900372 0.5
300 2130.916400194168 0.1753769 0.5
300 2132.919775247574 0.17528905565978736 0.5
300 2134.9238002300262 0.17591975046787273 0.5
300 2136.927345275879 0.174546191369606 0.5
300 2138.9310212135315 0.1742801748906933 0.5
300 2140.934445142746 0.18147650872817955 0.5
300 2142.9388751983643 0.17305985037406485 0.5
300 2144.94269323349 0.1744081 0.5
300 2146.946580171585 0.1804043 0.5
300 2148.950496673584 0.1751257535959975 0.5
300 2150.954638004303 0.18015650218613366 0.5
300 2152.9581260681152 0.18432760951188987 0.5
300 2154.96160030365 0.1798508135168961 0.5
300 2156.965721130371 0.18194188632104935 0.5
300 2158.96923661232 0.1743731 0.5
300 2160.9730536937714 0.17473967540574284 0.5
300 2162.97705245018 0.18323205992509364 0.5
300 2164.9804542064667 0.17480164691203992 0.5
300 2166.9841632843018 0.17475663131628197 0.5
300 2168.9880096912384 0.1739873 0.5
300 2170.9916083812714 0.1790147 0.5
300 2172.995457649231 0.17782444027517197 0.5
300 2174.998845100403 0.1797683 0.5
300 2177.0035724639893 0.17875935081148564 0.5
300 2179.007966041565 0.1760796004993758 0.5
300 2181.0120084285736 0.17717533083645443 0.5
300 2183.0158586502075 0.1773576 0.5
300 2185.0195982456207 0.17339093066833228 0.5
300 2187.0233702659607 0.1742150156152405 0.5
300 2189.026985168457 0.18490316447779864 0.5
300 2191.0307965278625 0.17510253908692933 0.5
300 2193.0341942310333 0.1736243847595253 0.5
300 2195.037807703018 0.17546516853932584 0.5
300 2197.041332960129 0.17489688944409745 0.5
300 2199.044696331024 0.17466969999999998 0.5
300 2201.048373222351 0.18329305816135083 0.5
300 2203.05176281929 0.17467272954403498 0.5
300 2205.055684328079 0.1746326 0.5
300 2207.0590891838074 0.18035576706324358 0.5
300 2209.0626652240753 0.17490533166458072 0.5
300 2211.0675315856934 0.1738832459425718 0.5
300 2213.0713708400726 0.18441606003752345 0.5
300 2215.075297355652 0.17699093867334167 0.5
300 2217.078558444977 0.17374819262038774 0.5
300 2219.0819709300995 0.18170480349344978 0.5
300 2221.0858142375946 0.1730667663551402 0.5
300 2223.0892667770386 0.17276598503740648 0.5
300 2225.092753171921 0.1826847 0.5
300 2227.095883846283 0.17567390381011866 0.5
300 2229.0993876457214 0.1766032770481551 0.5
300 2231.1031601428986 0.18414729999999999 0.5
300 2233.1069548130035 0.1770846662507798 0.5
300 2235.110659599304 0.17330321450906816 0.5
300 2237.114565849304 0.17467673520249222 0.5
300 2239.1179921627045 0.1751178027465668 0.5
300 2241.1214447021484 0.1772534 0.5
300 2243.124988555908 0.1784497 0.5
300 2245.1287882328033 0.17744739076154808 0.5
300 2247.133399248123 0.18136579275905118 0.5
300 2249.1368901729584 0.17800774515927545 0.5
300 2251.1409590244293 0.17578803247970018 0.5
300 2253.144510746002 0.17527210986267167 0.5
300 2255.1486687660217 0.18158543640897754 0.5
300 2257.15252494812 0.17470062421972535 0.5
300 2259.156535387039 0.1777634 0.5
300 2261.1602807044983 0.1788394 0.5
300 2263.163647890091 0.17604237351655214 0.5
300 2265.1674864292145 0.18590948685857323 0.5
300 2267.171248435974 0.17528244846970645 0.5
300 2269.1751973629 0.17889760000000002 0.5
300 2271.178807735443 0.18192010012515644 0.5
300 2273.1826062202454 0.17702178415470993 0.5
300 2275.1861579418182 0.17642196372732957 0.5
300 2277.1900799274445 0.20025092950717405 0.5
300 2279.1935703754425 0.19427595505617978 0.5
300 2281.197247505188 0.21810933667083854 0.5
300 2283.201682329178 0.17362591619762352 0.5
300 2285.205266237259 0.1755934 0.5
300 2287.2087841033936 0.1752474703310431 0.5
300 2289.2128450870514 0.3936188117573483 0.5
300 2291.216394662857 0.5725216739537788 0.5
300 2293.2199816703796 0.18372271990018715 0.5
300 2295.223297357559 0.2336547684605757 0.5
300 2297.2267615795135 0.17672404747033105 0.5
300 2299.2304837703705 0.17995322923173016 0.5
300 2301.2340807914734 0.18557021861336664 0.5
300 2303.237686395645 0.17593937578027466 0.5
300 2305.241435289383 0.1762616729088639 0.5
300 2307.245228767395 0.18201715710723193 0.5
300 2309.2490680217743 0.1992817 0.5
300 2311.2531564235687 0.19604502814258912 0.5
300 2313.256551027298 0.1773993746091307 0.5
300 2315.259730577469 0.1779398123827392 0.5
300 2317.262861967087 0.12099103879849812 0.5
300 2319.267874479294 0.17487990006246096 0.5
300 2321.2717723846436 0.10615660424469413 0.5
300 2323.2754821777344 0.17709571517801373 0.5
300 2325.278547525406 0.1790187 0.5
300 2327.2820398807526 0.177250081300813 0.5
300 2329.285613298416 0.1846082 0.5
300 2331.28963470459 0.17448089775561096 0.5
300 2333.29327249527 0.1814706191369606 0.5
300 2335.297006368637 0.18201698184095177 0.5
300 2337.3004863262177 0.177218961851157 0.5
300 2339.3038849830627 0.179197301686446 0.5
300 2341.307628631592 0.17459334167709636 0.5
300 2343.3108372688293 0.17471679999999998 0.5
300 2345.3146636486053 0.10560200125078174 0.5
300 2347.3180203437805 0.17863188986232792 0.5
300 2349.321527004242 0.17414431960049936 0.5
300 2351.3251025676727 0.11978169067000627 0.5
300 2353.328938484192 0.17277831355402873 0.5
300 2355.332442998886 0.17528105065666041 0.5
300 2357.335917234421 0.1788679075577764 0.5
300 2359.3398237228394 0.17520790494058786 0.5
300 2361.343595266342 0.1787247029393371 0.5
300 2363.3474192619324 0.17573306683322923 0.5
300 2365.350836277008 0.1874466916354557 0.5
300 2367.3540484905243 0.1815202498438476 0.5
300 2369.3571016788483 0.17875872420262665 0.5
300 2371.36088013649 0.17921329169269207 0.5
300 2373.364236831665 0.1750342 0.5
300 2375.3674488067627 0.17475272045028142 0.5
300 2377.370740890503 0.19823392278953922 0.5
300 2379.3745114803314 0.18012042473454093 0.5
300 2381.3780040740967 0.17476074906367042 0.5
300 2383.3816084861755 0.1759953029356652 0.5
300 2385.3848009109497 0.1756921075672295 0.5
300 2387.387848854065 0.17765820000000002 0.5
300 2389.393044233322 0.1779857766687461 0.5
300 2391.3968999385834 0.1751428072364317 0.5
300 2393.400447368622 0.1789667 0.5
300 2395.403463602066 0.199727229518449 0.5
300 2397.406887292862 0.11971970074812967 0.5
300 2399.410088777542 0.17540699999999998 0.5
300 2401.413674592972 0.1745491932457786 0.5
300 2403.4165811538696 0.17550000000000002 0.5
300 2405.4197070598602 0.17613728580362725 0.5
300 2407.4233310222626 0.1701716145181477 0.5
300 2409.4277238845825 0.15395467832604623 0.5
300 2411.431496620178 0.159967779862414 0.5
300 2413.4352571964264 0.1528378816199377 0.5
300 2415.4395072460175 0.1525558052434457 0.5
300 2417.442965745926 0.15232970606629145 0.5
300 2419.4472608566284 0.1583009 0.5
300 2421.4508163928986 0.17185088639201 0.5
300 2423.4552459716797 0.1634118730553827 0.5
300 2425.458738565445 0.1571595516811955 0.5
300 2427.4628500938416 0.1537205739238927 0.5
300 2429.466837644577 0.15728159700561448 0.5
300 2431.470690011978 0.1533226 0.5
300 2433.4743020534515 0.1572709 0.5
300 2435.478121995926 0.15573083645443195 0.5
300 2437.482041835785 0.15468865876481597 0.5
300 2439.4857864379883 0.1532200498753117 0.5
300 2441.4896869659424 0.15144653774173425 0.5
300 2443.493232727051 0.15481640000000002 0.5
300 2445.4966928958893 0.15519720174890694 0.5
300 2447.500396966934 0.15436694132334583 0.5
300 2449.5049316883087 0.15597006257822277 0.5
300 2451.5087881088257 0.16062691635455678 0.5
300 2453.512533903122 0.1574087390761548 0.5
300 2455.51642370224 0.1569535 0.5
300 2457.5211787223816 0.1631942036227358 0.5
300 2459.5248849391937 0.1558679349186483 0.5
300 2461.529449939728 0.1633125296689569 0.5
300 2463.533601284027 0.1581326013724267 0.5
300 2465.537758588791 0.15729177791640672 0.5
300 2467.5415184497833 0.15890475358702433 0.5
300 2469.545509338379 0.1588278 0.5
300 2471.5490171909332 0.15831764853033145 0.5
300 2473.552877664566 0.16094519074421515 0.5
300 2475.5566549301147 0.16802238600874453 0.5
300 2477.5606231689453 0.1773851342910681 0.5
300 2479.5643956661224 0.17708472204871956 0.5
300 2481.568211078644 0.17429816364772016 0.5
300 2483.571264743805 0.18229116395494369 0.5
300 2485.5746932029724 0.17777757802746566 0.5
300 2487.5779616832733 0.1785769 0.5
300 2489.5818037986755 0.17702168434185903 0.5
300 2491.5851607322693 0.1791359 0.5
300 2493.589060306549 0.17712976947040499 0.5
300 2495.5927124023438 0.17605646470955652 0.5
300 2497.596824645996 0.17852490965732087 0.5
300 2499.6009933948517 0.1752819975031211 0.5
300 2501.605219602585 0.18232334790755778 0.5
300 2503.608948945999 0.17849098626716603 0.5
300 2505.6122443675995 0.17971997501561524 0.5
300 2507.6159002780914 0.1830561898813242 0.5
300 2509.6194393634796 0.17684337289194252 0.5
300 2511.623323917389 0.1734694 0.5
300 2513.627025127411 0.18067397876327296 0.5
300 2515.6302120685577 0.1744833 0.5
300 2517.633637905121 0.17421016270337925 0.5
300 2519.636778116226 0.17449847690387016 0.5
300 2521.6401438713074 0.17775260923845193 0.5
300 2523.6435689926147 0.1785597005614473 0.5
300 2525.647531270981 0.17428761072988147 0.5
300 2527.6518516540527 0.17718565896314803 0.5
300 2529.6559178829193 0.1793805 0.5
300 2531.65949511528 0.18604908067542214 0.5
300 2533.663340806961 0.17791479674796748 0.5
300 2535.6666860580444 0.1770139 0.5
300 2537.6705827713013 0.17543864915572233 0.5
300 2539.6741399765015 0.1762877201748907 0.5
300 2541.6782965660095 0.17687366188396755 0.5
300 2543.682016849518 0.17684129675810475 0.5
300 2545.685542821884 0.1798457071339174 0.5
300 2547.689067840576 0.17748097683155917 0.5
300 2549.6923925876617 0.17259136960600374 0.5
300 2551.695513486862 0.18430268918073797 0.5
300 2553.6983909606934 0.1789857 0.5
300 2555.7021119594574 0.17574695815115554 0.5
300 2557.7055649757385 0.18102256089943786 0.5
300 2559.7088310718536 0.18190572676232067 0.5
300 2561.7140140533447 0.17830344139650872 0.5
300 2563.7173936367035 0.17395925093632958 0.5
300 2565.7211797237396 0.200241797752809 0.5
300 2567.7246828079224 0.1750544 0.5
300 2569.728500366211 0.1738131 0.5
300 2571.7319757938385 0.17930847117794488 0.5
300 2573.7352435588837 0.17369906191369605 0.5
300 2575.7386345863342 0.17439899937460912 0.5
300 2577.7419633865356 0.17636766169154228 0.5
300 2579.745483160019 0.17306549780839073 0.5
300 2581.7487988471985 0.1747288110137672 0.5
300 2583.7525432109833 0.17773707133917396 0.5
300 2585.755695581436 0.1733872670419012 0.5
300 2587.758980512619 0.1736903128911139 0.5
300 2589.762509584427 0.17554723404255318 0.5
300 2591.7654235363007 0.17296630393996248 0.5
300 2593.7688047885895 0.1741476 0.5
300 2595.772118330002 0.1765811 0.5
300 2597.7754080295563 0.29893630557294926 0.5
300 2599.7784881591797 0.19878687461010605 0.5
300 2601.781805038452 0.17689807740324595 0.5
300 2603.784874677658 0.19643592754528422 0.5
300 2605.7881231307983 0.1747437 0.5
300 2607.7913937568665 0.1741440599625234 0.5
300 2609.7952258586884 0.1466866043613707 0.5
300 2611.798595190048 0.1690501 0.5
300 2613.802009820938 0.17533928705440902 0.5
300 2615.8053770065308 0.173544765478424 0.5
300 2617.8085079193115 0.1750384 0.5
300 2619.81213927269 0.17997868667917447 0.5
300 2621.8157205581665 0.17391260462211117 0.5
300 2623.8190546035767 0.17130656679151063 0.5
300 2625.822273492813 0.179878152309613 0.5
300 2627.825652360916 0.16992669163545568 0.5
300 2629.830248117447 0.16232514678326046 0.5
300 2631.833879709244 0.15930769806612602 0.5
300 2633.8376507759094 0.15412346417445483 0.5
300 2635.8413779735565 0.15493160324391766 0.5
300 2637.8453443050385 0.16015470991890204 0.5
300 2639.8496792316437 0.15593588014981272 0.5
300 2641.853700876236 0.1575809238451935 0.5
300 2643.8572754859924 0.159883 0.5
300 2645.861046075821 0.1576954403497814 0.5
300 2647.8650999069214 0.15873067997504678 0.5
300 2649.8689563274384 0.15347317926296067 0.5
300 2651.8734726905823 0.17725065502183407 0.5
300 2653.877439022064 0.17516996245306632 0.5
300 2655.8810188770294 0.17453695679398873 0.5
300 2657.8847196102142 0.1826386525265128 0.5
300 2659.8884568214417 0.1970504565353346 0.5
300 2661.8920233249664 0.17551069418386492 0.5
300 2663.8962128162384 0.1734371018113679 0.5
300 2665.899889230728 0.17681360000000002 0.5
300 2667.9031100273132 0.17378048719550282 0.5
300 2669.906901359558 0.1806228 0.5
300 2671.910280942917 0.17426446941323345 0.5
300 2673.9138984680176 0.18227772925764194 0.5
300 2675.917400598526 0.17471969962453066 0.5
300 2677.9206063747406 0.17784274828232355 0.5
300 2679.924288749695 0.17422841448189763 0.5
300 2681.927920818329 0.1741570518425984 0.5
300 2683.931449651718 0.17525013732833958 0.5
300 2685.9349348545074 0.1766985 0.5
300 2687.9383642673492 0.17598268918073795 0.5
300 2689.9421191215515 0.17426322741433023 0.5
300 2691.946291208267 0.17568129837702873 0.5
300 2693.9494976997375 0.18294495940037475 0.5
300 2695.953241109848 0.17473071339173968 0.5
300 2697.9564456939697 0.17313672090112642 0.5
300 2699.961506128311 0.18137325828642903 0.5
300 2701.9650797843933 0.1731538 0.5
300 2703.96963763237 0.1736099875156055 0.5
300 2705.973093509674 0.1784517 0.5
300 2707.9769752025604 0.18047409631019387 0.5
300 2709.9812576770782 0.17426008744534666 0.5
300 2711.9845077991486 0.17630959349593497 0.5
300 2713.988064289093 0.1742208 0.5
300 2715.9916155338287 0.17327809762202753 0.5
300 2717.9957225322723 0.1761170610211706 0.5
300 2719.999394416809 0.17578459999999999 0.5
300 2722.0031208992004 0.17441158551810237 0.5
300 2724.0066549777985 0.17514749999999998 0.5
300 2726.010301589966 0.17378774797255145 0.5
300 2728.0136291980743 0.17319960099750625 0.5
300 2730.0179147720337 0.1783515 0.5
300 2732.020939350128 0.18080229856339788 0.5
300 2734.024649143219 0.17672190237797247 0.5
300 2736.0290813446045 0.17749637046307884 0.5
300 2738.032294988632 0.1870853716427233 0.5
300 2740.0360102653503 0.1773008260325407 0.5
300 2742.03932929039 0.1767951939924906 0.5
300 2744.043452978134 0.18810307116104868 0.5
300 2746.0473897457123 0.1521254216114928 0.5
300 2748.051367044449 0.15336801001251563 0.5
300 2750.055631875992 0.14982501872659176 0.5
300 2752.059616088867 0.15473654828660435 0.5
300 2754.06299161911 0.15176636815920397 0.5
300 2756.0669457912445 0.15530380536494073 0.5
300 2758.070764064789 0.15314117353308365 0.5
300 2760.074236392975 0.1542124688279302 0.5
300 2762.0776278972626 0.1533339662710806 0.5
300 2764.0813915729523 0.1607373391630231 0.5
300 2766.0854301452637 0.15490992518703242 0.5
300 2768.0891613960266 0.1617045692883895 0.5
300 2770.093186378479 0.1527288888888889 0.5
300 2772.0968329906464 0.1770792 0.5
300 2774.1011753082275 0.17725749999999998 0.5
300 2776.1049876213074 0.1564795 0.5
300 2778.1086010932922 0.1511330418488445 0.5
300 2780.1126956939697 0.1564400750469043 0.5
300 2782.1165578365326 0.17497435897435898 0.5
300 2784.120789527893 0.17562643304130163 0.5
300 2786.1241779327393 0.17600090056285178 0.5
300 2788.127991437912 0.1761074 0.5
300 2790.131662607193 0.1734474 0.5
300 2792.135106563568 0.1769689 0.5
300 2794.138820171356 0.17698906367041198 0.5
300 2796.143266916275 0.16486187734668334 0.5
300 2798.1469025611877 0.1554253591505309 0.5
300 2800.151695251465 0.15871570000000002 0.5
300 2802.155688524246 0.15544155096935583 0.5
300 2804.1595916748047 0.158112220137586 0.5
300 2806.163561820984 0.15281529044347283 0.5
300 2808.167620897293 0.15502910680824483 0.5
300 2810.171721935272 0.16878699186991872 0.5
300 2812.17556142807 0.17585026791277258 0.5
300 2814.179437160492 0.1750805253283302 0.5
300 2816.1827397346497 0.1837637 0.5
300 2818.1862156391144 0.17297086604361372 0.5
300 2820.189924478531 0.17446352059925094 0.5
300 2822.1938886642456 0.1818344209215442 0.5
300 2824.1974227428436 0.17360269494697442 0.5
300 2826.200846672058 0.1776721450906817 0.5
300 2828.2039103507996 0.18378903629536922 0.5
300 2830.207793235779 0.17953977528089887 0.5
300 2832.2112953662872 0.1759491 0.5
300 2834.216581106186 0.1748302420856611 0.5
300 2836.220366716385 0.17490666666666665 0.5
300 2838.2239751815796 0.17830798498122655 0.5
300 2840.2273485660553 0.1757791380387258 0.5
300 2842.2307229042053 0.17371877729257643 0.5
300 2844.234107017517 0.17301456589631478 0.5
300 2846.237649202347 0.17197926479750777 0.5
300 2848.2416729927063 0.17854128830519075 0.5
300 2850.245385169983 0.1745927386150967 0.5
300 2852.2492871284485 0.17553167810355583 0.5
300 2854.252683877945 0.1831924047470331 0.5
300 2856.2560086250305 0.17670211646837822 0.5
300 2858.2592470645905 0.1724630894308943 0.5
300 2860.2630791664124 0.18175350405996255 0.5
300 2862.2668528556824 0.1735596 0.5
300 2864.2702946662903 0.17626473815461347 0.5
300 2866.2736003398895 0.17390122347066167 0.5
300 2868.2784175872803 0.1763816458852868 0.5
300 2870.2821831703186 0.17389065502183407 0.5
300 2872.2866208553314 0.1775347223955084 0.5
300 2874.289881467819 0.1757185 0.5
300 2876.2941932678223 0.17631860349127182 0.5
300 2878.297733783722 0.1778047880299252 0.5
300 2880.3013865947723 0.17775550561797754 0.5
300 2882.3046820163727 0.17740312304809494 0.5
300 2884.3084671497345 0.1779849 0.5
300 2886.312252998352 0.1800286462882096 0.5
300 2888.3160905838013 0.17542277847309137 0.5
300 2890.3198025226593 0.1748148592870544 0.5
300 2892.323572874069 0.1777054341036852 0.5
300 2894.327396631241 0.17585009369144286 0.5
300 2896.3310132026672 0.1732047 0.5
300 2898.3348412513733 0.16961129294191132 0.5
300 2900.338794231415 0.151273769470405 0.5
300 2902.344158887863 0.15129305816135086 0.5
300 2904.3483538627625 0.1622072 0.5
300 2906.3519892692566 0.15301346658338538 0.5
300 2908.3555414676666 0.1537922604884158 0.5
300 2910.359228849411 0.17968399750156153 0.5
300 2912.363247871399 0.15327058823529413 0.5
300 2914.366596221924 0.1530417445482866 0.5
300 2916.370142698288 0.1661881351689612 0.5
300 2918.3737955093384 0.15324314606741574 0.5
300 2920.3781316280365 0.15077369931378665 0.5
300 2922.381256341934 0.15296730456535335 0.5
300 2924.3853397369385 0.17948162398500936 0.5
300 2926.3888833522797 0.17839519399249062 0.5
300 2928.3923649787903 0.18122002503128912 0.5
300 2930.3962783813477 0.17511264540337712 0.5
300 2932.400317668915 0.1765802 0.5
300 2934.404208421707 0.1756965 0.5
300 2936.4082839488983 0.1787116844082655 0.5
300 2938.4117228984833 0.17473281602002502 0.5
300 2940.4155728816986 0.17136179551122196 0.5
300 2942.419092655182 0.1750357080474111 0.5
300 2944.422367811203 0.19771452841973766 0.5
300 2946.4261960983276 0.1721485071830106 0.5
300 2948.429109811783 0.17559929999999999 0.5
300 2950.433307647705 0.1711066416510319 0.5
300 2952.4363162517548 0.17522548407245472 0.5
300 2954.439932823181 0.1713764 0.5
300 2956.443149805069 0.17625158551810238 0.5
300 2958.4470553398132 0.17538463078848562 0.5
300 2960.4505858421326 0.1734588764044944 0.5
300 2962.4544858932495 0.1786465540963102 0.5
300 2964.4578676223755 0.17450353529044346 0.5
300 2966.4617075920105 0.1856351 0.5
300 2968.464934825897 0.17395887288666248 0.5
300 2970.4698119163513 0.17498503435352902 0.5
300 2972.473194360733 0.17734232209737827 0.5
300 2974.476419687271 0.17496935584740464 0.5
300 2976.4802837371826 0.10576340000000001 0.5
300 2978.483497619629 0.17584739076154807 0.5
300 2980.4872381687164 0.1046509931292942 0.5
300 2982.49071598053 0.17452117573483428 0.5
300 2984.4945347309113 0.18587452841973764 0.5
300 2986.497905254364 0.17292887780548627 0.5
300 2988.5016796588898 0.1975817 0.5
300 2990.5053317546844 0.17594943160524673 0.5
300 2992.5083751678467 0.10787252032520327 0.5
300 2994.5124473571777 0.1737668 0.5
300 2996.516321182251 0.17445003126954345 0.5
300 2998.5197286605835 0.1741138423028786 0.5
300 3000.5236642360687 0.18090846441947567 0.5
300 3002.5285651683807 0.1753608 0.5
300 3004.5323741436005 0.18105087281795512 0.5
300 3006.535987854004 0.1816808 0.5
300 3008.5403583049774 0.18110969355847403 0.5
300 3010.543712377548 0.18226357053682896 0.5
300 3012.547765016556 0.18276278606965174 0.5
300 3014.5512528419495 0.17585048689138577 0.5
300 3016.5552229881287 0.1178671 0.5
300 3018.559129714966 0.12102742642454603 0.5
300 3020.5627617836 0.17380032520325203 0.5
300 3022.5665185451508 0.17411625468164793 0.5
300 3024.5699734687805 0.17691106117353309 0.5
300 3026.5738348960876 0.1853917903930131 0.5
300 3028.5772199630737 0.17798994371482177 0.5
300 3030.580628633499 0.17685403377110695 0.5
300 3032.583983898163 0.1861782 0.5
300 3034.5876047611237 0.17386153653966271 0.5
300 3036.5921845436096 0.1816130081300813 0.5
300 3038.595801115036 0.18278176139912555 0.5
300 3040.599741458893 0.17411078076202374 0.5
300 3042.6033384799957 0.1760782 0.5
300 3044.607224702835 0.1748310694183865 0.5
300 3046.6112530231476 0.17406468085106383 0.5
300 3048.614956140518 0.17505808869456588 0.5
300 3050.6186983585358 0.19894681647940074 0.5
300 3052.622287750244 0.17569459999999998 0.5
300 3054.6259682178497 0.17374550905683947 0.5
300 3056.629973888397 0.177005 0.5
300 3058.633440256119 0.1757176 0.5
300 3060.637362241745 0.1763127182044888 0.5
300 3062.6408138275146 0.17729499063085571 0.5
300 3064.6444959640503 0.1740273 0.5
300 3066.6478402614594 0.17373218261413384 0.5
300 3068.651486158371 0.11068765957446809 0.5
300 3070.6550917625427 0.1791102560899438 0.5
300 3072.6598420143127 0.17729988757026857 0.5
300 3074.663181066513 0.17457931207004376 0.5
300 3076.666447162628 0.18317774173424828 0.5
300 3078.670014858246 0.1770594621638524 0.5
300 3080.6733705997467 0.17230173424828446 0.5
300 3082.676813364029 0.17458092154420923 0.5
300 3084.6802604198456 0.17362711694809255 0.5
300 3086.6834785938263 0.17495443957420162 0.5
300 3088.6864812374115 0.17684027482823236 0.5
300 3090.6900770664215 0.1852079549718574 0.5
300 3092.6930730342865 0.17407200499687694 0.5
300 3094.6972098350525 0.17417325828642902 0.5
300 3096.7008583545685 0.1755513 0.5
300 3098.704158306122 0.1795887 0.5
300 3100.707635164261 0.17778277153558053 0.5
300 3102.711407184601 0.1772565 0.5
300 3104.715223789215 0.1799097435897436 0.5
300 3106.719811439514 0.1734643 0.5
300 3108.7238330841064 0.1788313 0.5
300 3110.727963209152 0.17586304239401496 0.5
300 3112.7319083213806 0.17444227357901312 0.5
300 3114.7356798648834 0.18155096129837703 0.5
300 3116.739624977112 0.1772997629444791 0.5
300 3118.7430050373077 0.1782448938826467 0.5
300 3120.7464439868927 0.18989068167604753 0.5
300 3122.749970436096 0.1773107423580786 0.5
300 3124.7533411979675 0.17804697936210132 0.5
300 3126.7566690444946 0.20266663335415366 0.5
300 3128.760340452194 0.1750733 0.5
300 3130.763489961624 0.1757803627267042 0.5
300 3132.766808271408 0.17510515927545284 0.5
300 3134.7703144550323 0.1752329205753596 0.5
300 3136.7736678123474 0.1741991255465334 0.5
300 3138.7768399715424 0.17938915466499686 0.5
300 3140.7807097434998 0.17439040599625233 0.5
300 3142.7842206954956 0.1736836 0.5
300 3144.7877798080444 0.17878667498440426 0.5
300 3146.791214466095 0.1775139 0.5
300 3148.794680595398 0.1767284 0.5
300 3150.7980432510376 0.1755498186366479 0.5
300 3152.801579475403 0.1725329675810474 0.5
300 3154.8051249980927 0.17311481619937694 0.5
300 3156.808875799179 0.17822800749531545 0.5
300 3158.8124725818634 0.1840899123904881 0.5
300 3160.81578373909 0.17984180225281604 0.5
300 3162.819230556488 0.1766082 0.5
300 3164.8226199150085 0.18504808988764046 0.5
300 3166.8265628814697 0.17491712320200126 0.5
300 3168.830027103424 0.17767560549313358 0.5
300 3170.834000110626 0.18319410736579275 0.5
300 3172.8372983932495 0.17866750156543518 0.5
300 3174.8418731689453 0.17959485963817842 0.5
300 3176.8459062576294 0.18333896573208724 0.5
300 3178.8491950035095 0.1759786733416771 0.5
300 3180.8531954288483 0.17765769182782284 0.5
300 3182.8566012382507 0.18807935040599627 0.5
300 3184.8599162101746 0.18082538413491567 0.5
300 3186.863358736038 0.1778364433312461 0.5
300 3188.867424726486 0.1840772 0.5
300 3190.8708741664886 0.1807931 0.5
300 3192.8747453689575 0.17356649999999998 0.5
300 3194.878626346588 0.15588307307932542 0.5
300 3196.8827199935913 0.15414051346274266 0.5
300 3198.886438369751 0.1566532833957553 0.5
300 3200.8901784420013 0.15704445278298937 0.5
300 3202.89364027977 0.15414795752654592 0.5
300 3204.897834777832 0.1569274 0.5
300 3206.9014422893524 0.17683505617977527 0.5
300 3208.9061818122864 0.17542865708931918 0.5
300 3210.909569501877 0.1771372 0.5
300 3212.91335606575 0.17714465377417343 0.5
300 3214.9169878959656 0.17330913642052567 0.5
300 3216.920373916626 0.17806381011867584 0.5
300 3218.923454761505 0.1783265 0.5
300 3220.9275455474854 0.18758080000000002 0.5
300 3222.9311690330505 0.1795938077403246 0.5
300 3224.935064315796 0.17773941286695816 0.5
300 3226.9385421276093 0.1847685 0.5
300 3228.942715406418 0.17924997506234414 0.5
300 3230.946572780609 0.1806114357053683 0.5
300 3232.9502794742584 0.18563683094198377 0.5
300 3234.9545533657074 0.17864473520249222 0.5
300 3236.9582765102386 0.1768176668746101 0.5
300 3238.9620826244354 0.1859338 0.5
300 3240.965953350067 0.18095480973175296 0.5
300 3242.9701726436615 0.17912881144990664 0.5
300 3244.9740953445435 0.17793077306733168 0.5
300 3246.977767467499 0.1840773516552155 0.5
300 3248.981618642807 0.17694395015576325 0.5
300 3250.984962463379 0.2065712140175219 0.5
300 3252.9883663654327 0.1999942 0.5
300 3254.9920814037323 0.177256329588015 0.5
300 3256.995950937271 0.15277353383458647 0.5
300 3258.9998803138733 0.1636609 0.5
300 3261.003399848938 0.17761148564294632 0.5
300 3263.007486343384 0.1760372767020612 0.5
300 3265.0109219551086 0.17295760299625468 0.5
300 3267.013909816742 0.17786177278401996 0.5
300 3269.0178594589233 0.1772109431605247 0.5
300 3271.0216629505157 0.18011207004377736 0.5
300 3273.025433778763 0.18121067331670823 0.5
300 3275.0289936065674 0.18447309136420525 0.5
300 3277.0331649780273 0.1763438 0.5
300 3279.0367772579193 0.17727000624609618 0.5
300 3281.040062904358 0.17865455909943714 0.5
300 3283.043616294861 0.17776821026282852 0.5
300 3285.047574043274 0.44737997503121096 0.5
300 3287.0516595840454 0.17827317926296066 0.5
300 3289.0551471710205 0.17400708229426434 0.5
300 3291.059262037277 0.1757098813241724 0.5
300 3293.0629229545593 0.1737868335419274 0.5
300 3295.0670936107635 0.18393676047529706 0.5
300 3297.070815563202 0.18040484697064335 0.5
300 3299.074597597122 0.17322586766541823 0.5
300 3301.078370809555 0.1805757 0.5
300 3303.081617832184 0.1785701872659176 0.5
300 3305.0858125686646 0.1770898940809969 0.5
300 3307.089357614517 0.18596474406991262 0.5
300 3309.093259334564 0.17371368683718028 0.5
300 3311.0978741645813 0.173784 0.5
300 3313.101078748703 0.1754841 0.5
300 3315.1048953533173 0.1779568 0.5
300 3317.108555316925 0.1772600875547217 0.5
300 3319.1126670837402 0.1858977139287945 0.5
300 3321.1165511608124 0.17605797246558197 0.5
300 3323.120533466339 0.17617748906933167 0.5
300 3325.1238152980804 0.18432250312891116 0.5
300 3327.1275906562805 0.18022268247036807 0.5
300 3329.131159067154 0.177977763897564 0.5
300 3331.135192155838 0.1780774097135741 0.5
300 3333.138548851013 0.18159860349127183 0.5
300 3335.1418023109436 0.1770811 0.5
300 3337.1449933052063 0.17776659176029963 0.5
300 3339.1486637592316 0.17840180112570359 0.5
300 3341.1518952846527 0.17572534332084894 0.5
300 3343.154753923416 0.17886509068167605 0.5
300 3345.1596159934998 0.17761748906933167 0.5
300 3347.162909269333 0.17540823970037453 0.5
300 3349.166491985321 0.17611143035602747 0.5
300 3351.170485973358 0.1762425 0.5
300 3353.1735095977783 0.1190614 0.5
300 3355.176864385605 0.1773225 0.5
300 3357.180255651474 0.1766524 0.5
300 3359.18434548378 0.17673766103814884 0.5
300 3361.1878345012665 0.18019373674360575 0.5
300 3363.191454410553 0.18283314142678347 0.5
300 3365.195141553879 0.17536740462789244 0.5
300 3367.1986453533173 0.1751094 0.5
300 3369.202609539032 0.18150687461010603 0.5
300 3371.205984354019 0.17673301627033794 0.5
300 3373.209303855896 0.17485425172197872 0.5
300 3375.212793827057 0.18095560274828232 0.5
300 3377.2163190841675 0.17428644194756554 0.5
300 3379.22092962265 0.175948 0.5
300 3381.2252094745636 0.1770776793512165 0.5
300 3383.229076862335 0.1779877 0.5
300 3385.232644557953 0.17570741433021805 0.5
300 3387.2363324165344 0.17370650062266502 0.5
300 3389.239776134491 0.176445921299188 0.5
300 3391.24352312088 0.17676160000000002 0.5
300 3393.247462749481 0.11943390761548064 0.5
300 3395.251076698303 0.18113778888194879 0.5
300 3397.254422903061 0.17665567061759202 0.5
300 3399.258464574814 0.18367520599250936 0.5
300 3401.2617428302765 0.17606078602620087 0.5
300 3403.2651200294495 0.17860689999999999 0.5
300 3405.2687253952026 0.17808110068792996 0.5
300 3407.2728068828583 0.18286172284644195 0.5
300 3409.2769045829773 0.176770936329588 0.5
300 3411.2812509536743 0.17559121098626715 0.5
300 3413.2858164310455 0.18150563591022445 0.5
300 3415.2892026901245 0.1768578 0.5
300 3417.2928595542908 0.17749206982543642 0.5
300 3419.2965066432953 0.1810956 0.5
300 3421.2996814250946 0.17495924953095685 0.5
300 3423.302992105484 0.17490288569643975 0.5
300 3425.3065955638885 0.17794878201124298 0.5
300 3427.3102424144745 0.175454358974359 0.5
300 3429.313801050186 0.17712738154613467 0.5
300 3431.317288160324 0.17570974422956956 0.5
300 3433.321113348007 0.1764966583541147 0.5
300 3435.3245301246643 0.17644392254840724 0.5
300 3437.3278632164 0.17387647279549717 0.5
300 3439.330990552902 0.17830263914946842 0.5
300 3441.3343119621277 0.18051287945034353 0.5
300 3443.338309288025 0.17559402241594024 0.5
300 3445.3422594070435 0.1785677757009346 0.5
300 3447.3459510803223 0.1759782136164897 0.5
300 3449.350827693939 0.18087545284197376 0.5
300 3451.354800224304 0.17526334164588528 0.5
300 3453.3586735725403 0.1778156304619226 0.5
300 3455.3626322746277 0.18618020000000002 0.5
300 3457.366005420685 0.17723339999999999 0.5
300 3459.369843482971 0.17955184029943855 0.5
300 3461.373847723007 0.17890974422956957 0.5
300 3463.37775683403 0.17382299999999998 0.5
300 3465.3810772895813 0.17350154613466334 0.5
300 3467.3850045204163 0.17588579962663348 0.5
300 3469.3888561725616 0.174337 0.5
300 3471.3922345638275 0.17394368519675202 0.5
300 3473.3960704803467 0.1771746974422957 0.5
300 3475.3995654582977 0.1757747 0.5
300 3477.4034729003906 0.17444450528935906 0.5
300 3479.4068422317505 0.1781219475655431 0.5
300 3481.4105257987976 0.17449591989987484 0.5
300 3483.415024280548 0.17534772301933874 0.5
300 3485.4188482761383 0.1811236976889444 0.5
300 3487.4227015972137 0.18535105559025608 0.5
300 3489.4265036582947 0.1746645 0.5
300 3491.4305217266083 0.1760453716427233 0.5
300 3493.4342415332794 0.18131322076297687 0.5
300 3495.4376907348633 0.17725832709113606 0.5
300 3497.441871404648 0.17715977514053716 0.5
300 3499.445589542389 0.1845641525953721 0.5
300 3501.449606180191 0.1773616 0.5
300 3503.4533829689026 0.17582568054692355 0.5
300 3505.4572377204895 0.17917553058676655 0.5
300 3507.4613406658173 0.17492059553349876 0.5
300 3509.464946746826 0.17773275109170306 0.5
300 3511.4692516326904 0.1785979 0.5
300 3513.472496509552 0.17491261845386533 0.5
300 3515.4765133857727 0.1770977139287945 0.5
300 3517.480964899063 0.1802662 0.5
300 3519.4844722747803 0.1779678 0.5
300 3521.488216638565 0.17985009369144284 0.5
300 3523.4919381141663 0.17423051186017477 0.5
300 3525.4952454566956 0.1742148 0.5
300 3527.4984815120697 0.1750887086712414 0.5
300 3529.50213432312 0.17405498436522826 0.5
300 3531.505925178528 0.17410826466916354 0.5
300 3533.5097150802612 0.1835452 0.5
300 3535.5131793022156 0.17651712320200125 0.5
300 3537.516692638397 0.17782046221111805 0.5
300 3539.520071744919 0.177055559724828 0.5
300 3541.5237698554993 0.17444347282948158 0.5
300 3543.526803255081 0.18338390000000002 0.5
300 3545.5303943157196 0.1763147132169576 0.5
300 3547.534116268158 0.17993462258265752 0.5
300 3549.5376019477844 0.18597463171036205 0.5
300 3551.541116476059 0.17641194253591505 0.5
300 3553.5459015369415 0.17232129675810473 0.5
300 3555.5495364665985 0.18667225967540574 0.5
300 3557.554070711136 0.15494485946283573 0.5
300 3559.557839870453 0.1543000624609619 0.5
300 3561.5617260932922 0.15721986241400876 0.5
300 3563.565281152725 0.1619127 0.5
300 3565.568929195404 0.1619447690387016 0.5
300 3567.5725467205048 0.1608896 0.5
300 3569.5763895511627 0.19736114928169896 0.5
300 3571.5800988674164 0.15733886321049342 0.5
300 3573.583792448044 0.15629961274203624 0.5
300 3575.5873816013336 0.16053006870705808 0.5
300 3577.5916488170624 0.15475515605493134 0.5
300 3579.595158100128 0.1537232 0.5
300 3581.59858250618 0.15204002501563477 0.5
300 3583.6028735637665 0.15365926296064958 0.5
300 3585.6066403388977 0.1527287554721701 0.5
