0 1.0196421146392822 28.045146733668343 0.2
1 3.0233500003814697 28.80743454094293 0.2
3 5.028570890426636 27.60990381909548 0.2
4 7.0320751667022705 29.155677105427323 0.2
5 9.035837411880493 28.274939149722734 0.2
7 11.03984546661377 28.425149334990678 0.2
8 13.043294906616211 29.324648806431664 0.2
9 15.047410011291504 27.869168861076343 0.2
11 17.05139994621277 29.321706234413963 0.2
12 19.055158615112305 28.71669406620862 0.2
13 21.05963444709778 28.943890390576566 0.2
15 23.063222885131836 29.234563271375464 0.2
0 1.0187947750091553 29.59676306930693 0.2
1 3.0220487117767334 29.813654556726597 0.2
3 5.026283502578735 27.978389776674938 0.2
4 7.030080795288086 26.93947865838509 0.2
6 9.034695625305176 24.391556540136904 0.2
7 11.03949499130249 29.246977794392524 0.2
8 13.043500185012817 31.443057943925233 0.2
9 15.04879355430603 27.293675955610357 0.2
0 1.3797636032104492 28.238184 0.2
2 3.3852553367614746 28.82047841584158 0.2
3 5.392447471618652 27.98402316831683 0.2
4 7.399616718292236 29.094893990147785 0.2
6 9.407983303070068 29.25357111521873 0.2
7 11.413663625717163 28.49468443361754 0.2
8 13.421708822250366 28.765282962962964 0.2
9 15.429129600524902 0.18442062266500622 0.3
9 17.435505867004395 28.74455062616243 0.3
