0 1.0176031589508057 9.181333366521468 0.2
2 3.0215888023376465 10.103117103620475 0.2
4 5.025262832641602 10.2818020474407 0.2
6 7.029200077056885 9.199938038725797 0.2
7 9.033026695251465 10.09363215930305 0.2
9 11.037003993988037 9.527569162011174 0.2
11 13.041132688522339 8.882685630354956 0.2
13 15.046087980270386 10.1195563099631 0.2
15 17.04978036880493 10.025751970260224 0.2
16 19.053618907928467 9.321662139764996 0.2
18 21.057276725769043 9.55073179677819 0.2
20 23.061611890792847 9.897748321896444 0.2
22 25.06519603729248 9.532286063630693 0.2
23 27.069178342819214 9.845525739238926 0.2
25 29.073144674301147 9.759235788161993 0.2
27 31.076366424560547 10.227918407960198 0.2
29 33.079869985580444 9.746991830106182 0.2
30 35.08349871635437 9.446805824517735 0.2
32 37.087236642837524 9.546821628340584 0.2
34 39.0904815196991 10.076673872976338 0.2
36 41.09476184844971 9.909155533374921 0.2
37 43.09833264350891 10.283965308411215 0.2
39 45.102285861968994 9.351645265127885 0.2
41 47.10598063468933 10.144218054862844 0.2
43 49.11023950576782 8.608363437110835 0.2
44 51.114500284194946 9.999352709113609 0.2
46 53.11806917190552 10.22319800249688 0.2
48 55.12197804450989 9.784364560747663 0.2
50 57.12597846984863 9.136506832917705 0.2
51 59.12997031211853 9.5739873 0.2
53 61.13377356529236 8.852758979464841 0.2
55 63.137160539627075 10.229528567870485 0.2
57 65.14155387878418 8.920676354556804 0.2
58 67.14493346214294 10.002001443683884 0.2
60 69.14918375015259 9.952204 0.2
62 71.15294003486633 9.897378576779026 0.2
64 73.1558129787445 10.162818591900312 0.2
65 75.15995907783508 9.630672049844238 0.2
67 77.16387367248535 10.158151565814098 0.2
69 79.16778182983398 10.467525293383272 0.2
71 81.1712076663971 9.02292104607721 0.2
72 83.17536544799805 9.628857830130192 0.2
74 85.1793258190155 9.990303760149907 0.2
76 87.18298554420471 8.928823312577833 0.2
78 89.1864881515503 9.64480610086101 0.2
79 91.19003653526306 9.631027337423314 0.2
81 93.1936194896698 9.639338839675608 0.2
83 95.19752764701843 9.139742063001853 0.2
85 97.20129346847534 9.501819851116625 0.2
86 99.2053337097168 9.994022072409487 0.2
88 101.20874571800232 9.799614007398274 0.2
90 103.21311163902283 9.86738552024922 0.2
92 105.21706485748291 9.95981593536358 0.2
93 107.22033190727234 9.976660049627792 0.2
95 109.22352695465088 9.822295487880671 0.2
97 111.22731137275696 9.355237779133619 0.2
98 113.23087477684021 9.714811189155883 0.2
100 115.23565673828125 8.883455921133702 0.2
102 117.23837542533875 9.40915102850062 0.2
104 119.24303412437439 9.833667462686567 0.2
105 121.2477285861969 9.704626177750155 0.2
107 123.25168204307556 8.302879900187149 0.2
109 125.25603318214417 9.53752686567164 0.2
111 127.25923275947571 9.769243451272501 0.2
112 129.26388955116272 9.555593685518955 0.2
114 131.26766681671143 9.012613084112148 0.2
116 133.27024817466736 8.723076494717215 0.2
117 135.27428913116455 8.81678478097622 0.2
119 137.27860617637634 9.015552759051186 0.2
121 139.2818088531494 9.965994919053548 0.2
123 141.285875082016 9.534468414481898 0.2
124 143.28941869735718 9.892436209476308 0.2
126 145.29394102096558 10.06433202484472 0.2
128 147.29776310920715 8.73248938826467 0.2
129 149.30086708068848 8.631847695190507 0.2
131 151.3048346042633 8.383255296319401 0.2
133 153.30900883674622 8.627304965603502 0.2
135 155.3138768672943 8.775113054341038 0.2
136 157.31592655181885 9.4201309 0.2
138 159.31994199752808 10.2491638 0.2
140 161.32410860061646 9.7375242 0.2
141 163.3275363445282 9.424417777777776 0.2
143 165.33231234550476 8.808687632069608 0.2
145 167.33586287498474 8.79996698254364 0.2
146 169.33845043182373 8.798181246882793 0.2
148 171.34274005889893 8.781752428393524 0.2
150 173.3464274406433 9.065943985009369 0.2
152 175.35021448135376 8.788226045934202 0.2
153 177.35523104667664 8.40067727670206 0.2
155 179.35792350769043 9.218356681222707 0.2
157 181.3608741760254 8.725699713038054 0.2
158 183.36498188972473 8.9892791 0.2
160 185.369478225708 8.875974228855721 0.2
162 187.3740475177765 10.09079157116451 0.2
164 189.37730526924133 9.456341885397412 0.2
165 191.3801462650299 9.679665758133824 0.2
167 193.38540267944336 10.002123349753694 0.2
169 195.38857316970825 9.259193842333953 0.2
171 197.39118552207947 7.924635118306352 0.2
172 199.39541721343994 9.0808636795995 0.2
174 201.39971828460693 9.221914996873046 0.2
176 203.40415000915527 8.762995583281349 0.2
177 205.40795302391052 8.7415073 0.2
179 207.41001152992249 9.469376779026216 0.2
181 209.4143843650818 9.544847422166875 0.2
182 211.417715549469 10.123207875389408 0.2
184 213.42213916778564 10.249061945137157 0.2
186 215.4256865978241 8.411394257178527 0.2
187 217.4297490119934 8.961955898073338 0.2
189 219.43302154541016 9.06203744680851 0.2
191 221.43810844421387 9.926721494396014 0.2
192 223.44052743911743 8.801894857142857 0.2
194 225.4440040588379 9.1059012345679 0.2
196 227.4482717514038 9.17006479049406 0.2
197 229.4522681236267 10.107586958151156 0.2
199 231.45547652244568 10.1652834 0.2
201 233.45858430862427 9.6758016 0.2
202 235.46223878860474 8.788513794392523 0.2
204 237.46552205085754 8.985364441671866 0.2
206 239.4689486026764 8.453966988102692 0.2
208 241.4721405506134 10.476826466916354 0.2
209 243.47589635849 9.413038902743143 0.2
211 245.48017930984497 10.046089993753904 0.2
213 247.4829125404358 9.04738092154421 0.2
214 249.4867868423462 9.15504509681449 0.2
216 251.4901885986328 9.931138683229813 0.2
218 253.50008606910706 9.725784592408214 0.2
219 255.4982888698578 8.83622045991299 0.2
221 257.50262784957886 8.845442986932172 0.2
223 259.5054728984833 9.944723088418431 0.2
224 261.50913095474243 10.083999098873592 0.2
226 263.5121684074402 9.781016264834479 0.2
228 265.5154776573181 8.789866433479075 0.2
229 267.51964926719666 9.164657700000001 0.2
231 269.5238537788391 9.830415280898878 0.2
233 271.525497674942 10.010943680598878 0.2
234 273.5288381576538 8.994043690773067 0.2
236 275.5345904827118 8.7758327 0.2
238 277.54034543037415 9.928770700000001 0.2
239 279.5408079624176 8.215927970479704 0.2
241 281.54347252845764 9.612880739371535 0.2
243 283.5501914024353 10.244241093167702 0.2
245 285.55279898643494 9.800496009882643 0.2
246 287.55571603775024 8.957128899876391 0.2
248 289.5595552921295 10.214025404732254 0.2
250 291.56359910964966 9.754150879801735 0.2
252 293.5676176548004 9.008716875387476 0.2
253 295.571329832077 8.772369514321294 0.2
255 297.5758044719696 9.963762143302182 0.2
257 299.57986402511597 10.058856703841387 0.2
258 301.58316445350647 8.346050756923077 0.2
260 303.58934259414673 9.907553933415535 0.2
262 305.59297227859497 9.910999383857055 0.2
264 307.596382856369 9.341825841584159 0.2
265 309.6003031730652 8.894211793916822 0.2
267 311.60418486595154 9.885566985705408 0.2
269 313.607515335083 9.62072029593095 0.2
271 315.61204075813293 8.731538579369982 0.2
272 317.6164643764496 9.659304721878863 0.2
274 319.6194005012512 9.90590110627719 0.2
276 321.6229763031006 10.050624735860783 0.2
277 323.627564907074 8.563769185185185 0.2
279 325.63241505622864 8.612156332094175 0.2
281 327.6343593597412 9.936618190830234 0.2
283 329.639182806015 9.738354737492278 0.2
284 331.64230608940125 9.087431440940012 0.2
286 333.6454803943634 8.85036495049505 0.2
288 335.64994621276855 8.185193991309745 0.2
289 337.65761947631836 8.40246500616523 0.2
291 339.6606442928314 9.313568478802994 0.2
293 341.6608953475952 7.712578660049628 0.2
294 343.66523814201355 8.909929429280398 0.2
296 345.6708610057831 8.603685885959536 0.2
298 347.67641854286194 8.507333117610454 0.2
299 349.6762387752533 9.4123566 0.2
300 351.67990803718567 0.16710102372034957 0.2
300 353.6845233440399 0.1459246970643348 0.2
300 355.68761706352234 0.13589749220212102 0.2
300 357.6915180683136 0.13805754210854645 0.2
300 359.6948347091675 0.1384589263420724 0.2
300 361.69867491722107 0.1599832104934416 0.2
300 363.7024574279785 0.13974942643391522 0.2
300 365.705689907074 0.13507785268414482 0.2
300 367.7093744277954 0.1384899 0.2
300 369.71274042129517 0.13539547782635852 0.2
300 371.71645855903625 0.1355629268292683 0.2
300 373.7194197177887 0.14211622263914947 0.2
300 375.72262501716614 0.13725508442776735 0.2
300 377.72620368003845 0.13569489069331667 0.2
300 379.7298481464386 0.13581932584269663 0.2
300 381.7335307598114 0.14192479700187383 0.2
300 383.737256526947 0.1397121793275218 0.2
300 385.74043798446655 0.1462372 0.2
300 387.74501276016235 0.16848789013732834 0.2
300 389.7510223388672 0.1918338 0.2
300 391.7559959888458 0.18552924422236103 0.2
300 393.76136350631714 0.1698977417342483 0.2
300 395.76633739471436 0.17653413383364602 0.2
300 397.7712347507477 0.18455554164057608 0.2
300 399.7765691280365 0.1726075187969925 0.2
300 401.78085064888 0.18677927409261577 0.2
300 403.7863976955414 0.19075889999999998 0.2
300 405.79129672050476 0.19387225078369907 0.2
300 407.79676628112793 0.17190991260923846 0.2
300 409.8009521961212 0.18871859824780976 0.2
300 411.8054168224335 0.17992850000000002 0.2
300 413.8090159893036 0.16000739537788883 0.2
300 415.8119959831238 0.14336636815920398 0.2
300 417.8155086040497 0.14240360676268002 0.2
300 419.81926941871643 0.1556169 0.2
300 421.82285714149475 0.16582654158849283 0.2
300 423.8270559310913 0.14486523690773068 0.2
300 425.83113718032837 0.1597016593886463 0.2
300 427.8346378803253 0.1461473420888055 0.2
300 429.83840703964233 0.14707108057464086 0.2
300 431.8415834903717 0.14270552713661885 0.2
300 433.8450448513031 0.1521456089943785 0.2
300 435.84884572029114 0.1429358650843223 0.2
300 437.85235500335693 0.1441101688555347 0.2
300 439.85564064979553 0.13989563477173234 0.2
300 441.85918498039246 0.14582454033771108 0.2
300 443.86262464523315 0.1450415490318551 0.2
300 445.86606884002686 0.14911070580886945 0.2
300 447.8694643974304 0.13950153462258266 0.2
300 449.8734664916992 0.14075581047381544 0.2
300 451.8774333000183 0.13961468164794008 0.2
300 453.8809804916382 0.14650533416614614 0.2
300 455.8850567340851 0.13966343106674983 0.2
300 457.8886480331421 0.142557401623985 0.2
300 459.8928723335266 0.14794187265917602 0.2
300 461.89675188064575 0.1425824859462836 0.2
300 463.9001524448395 0.1427919 0.2
300 465.9035406112671 0.1519968980612883 0.2
300 467.9067325592041 0.14151674796747968 0.2
300 469.9105031490326 0.1406798 0.2
300 471.9147267341614 0.1625208 0.2
300 473.91876101493835 0.1382278152309613 0.2
300 475.9222149848938 0.13991280898876404 0.2
300 477.9255986213684 0.14295924953095684 0.2
300 479.92930030822754 0.1473113 0.2
300 481.9332654476166 0.16552189762796504 0.2
300 483.9374523162842 0.17062867124142234 0.2
300 485.94192695617676 0.17150271080574642 0.2
300 487.94705057144165 0.1900217364147408 0.2
300 489.95223212242126 0.1739213 0.2
300 491.95697116851807 0.1881499812147777 0.2
300 493.96252059936523 0.16173441599000626 0.2
300 495.9662961959839 0.14774824265165729 0.2
300 497.9698224067688 0.1430520924422236 0.2
300 499.97335481643677 0.13880134579439252 0.2
300 501.97700810432434 0.14143580524344568 0.2
300 503.9803194999695 0.14297100000000001 0.2
300 505.98387598991394 0.14245126795752655 0.2
300 507.9884316921234 0.171908257339163 0.2
300 509.9930338859558 0.1693597 0.2
300 511.9973840713501 0.1708424 0.2
300 514.0022995471954 0.16909506883604505 0.2
300 516.0072920322418 0.18757393483709273 0.2
300 518.0119059085846 0.18325883677298313 0.2
300 520.0167112350464 0.18971317073170732 0.2
300 522.0218050479889 0.1678313946216385 0.2
300 524.0266296863556 0.17383789737171465 0.2
300 526.0317466259003 0.18625209244222363 0.2
300 528.0374250411987 0.1895075 0.2
300 530.042338848114 0.16974618272841052 0.2
300 532.0475294589996 0.16362833855799372 0.2
300 534.0509760379791 0.14116082551594747 0.2
300 536.0544650554657 0.15784065040650408 0.2
300 538.0582845211029 0.14226541588492808 0.2
300 540.061803817749 0.13842559999999998 0.2
300 542.0662832260132 0.15942467872738614 0.2
300 544.0695385932922 0.13784355222013758 0.2
300 546.0736935138702 0.15495805121798875 0.2
300 548.0767199993134 0.13820464419475656 0.2
300 550.0803310871124 0.13682555208983158 0.2
300 552.0838749408722 0.1387215990006246 0.2
300 554.0879113674164 0.14881019362898187 0.2
300 556.0919291973114 0.16247183469004384 0.2
300 558.097095489502 0.1865097 0.2
300 560.1019439697266 0.16265763897564023 0.2
300 562.1061904430389 0.14033730267246738 0.2
300 564.1098442077637 0.1384065876481597 0.2
300 566.1129145622253 0.1373907 0.2
300 568.1163446903229 0.13979402873204247 0.2
300 570.1197299957275 0.13734258265751714 0.2
300 572.1228542327881 0.14190680824484697 0.2
300 574.1266210079193 0.13794281425891183 0.2
300 576.130124092102 0.13846525921299188 0.2
300 578.1339025497437 0.13858406991260924 0.2
300 580.1371853351593 0.1417798 0.2
300 582.1405885219574 0.1420495 0.2
300 584.1443185806274 0.14175089999999999 0.2
300 586.1479034423828 0.13904740462789245 0.2
300 588.1507976055145 0.14106356472795498 0.2
300 590.1540281772614 0.14105445903689806 0.2
300 592.1573915481567 0.11946999999999999 0.2
300 594.160582780838 0.13789659999999998 0.2
300 596.1649169921875 0.1386580548628429 0.2
300 598.1688034534454 0.16119004377736085 0.2
300 600.1725537776947 0.14144579275905117 0.2
300 602.1761627197266 0.16665055659787367 0.2
300 604.180172920227 0.14102553615960098 0.2
300 606.1836357116699 0.14108567854909318 0.2
300 608.1875071525574 0.14064430538172717 0.2
300 610.1906187534332 0.13958798498122654 0.2
300 612.1942303180695 0.1387222 0.2
300 614.197719335556 0.14250247191011237 0.2
300 616.2012839317322 0.1444379 0.2
300 618.2047185897827 0.14357113607990013 0.2
300 620.207661151886 0.14006470000000001 0.2
300 622.2113614082336 0.14150173858661663 0.2
300 624.2143929004669 0.13891093867334167 0.2
300 626.219137430191 0.17162006253908693 0.2
300 628.2239158153534 0.1862679524107702 0.2
300 630.2298665046692 0.18724803001876172 0.2
300 632.2350630760193 0.1698506866416979 0.2
300 634.2391650676727 0.16142841448189763 0.2
300 636.2424845695496 0.15841171464330414 0.2
300 638.246659040451 0.14602373516552156 0.2
300 640.2497894763947 0.1425595 0.2
300 642.2535729408264 0.13762428482198627 0.2
300 644.2565145492554 0.13640095059412133 0.2
300 646.259922504425 0.15437291536050157 0.2
300 648.2629418373108 0.13672579275905117 0.2
300 650.2660446166992 0.13818362953692115 0.2
300 652.2698404788971 0.1612700938086304 0.2
300 654.2734241485596 0.13705008739076155 0.2
300 656.2770836353302 0.16598885696439725 0.2
300 658.2805328369141 0.1420996631316282 0.2
300 660.2838561534882 0.14172227642276422 0.2
300 662.2881863117218 0.16319930043722672 0.2
300 664.2926607131958 0.14164451653150342 0.2
300 666.2964918613434 0.15723103879849815 0.2
300 668.3000292778015 0.14462382022471912 0.2
300 670.3050348758698 0.18754168644597127 0.2
300 672.3097674846649 0.177516 0.2
300 674.3152236938477 0.16805613508442777 0.2
300 676.3202493190765 0.170515427857589 0.2
300 678.3247787952423 0.1704987 0.2
300 680.3292737007141 0.1694239 0.2
300 682.3326246738434 0.13826365564566437 0.2
300 684.3355808258057 0.1378525156445557 0.2
300 686.3395116329193 0.1439561 0.2
300 688.3433134555817 0.1377122 0.2
300 690.3464112281799 0.13823300437226732 0.2
300 692.3497803211212 0.1397833646028768 0.2
300 694.3535463809967 0.14490243597751407 0.2
300 696.3564813137054 0.13699 0.2
300 698.3611960411072 0.14112958801498127 0.2
300 700.3643953800201 0.1373166 0.2
300 702.3681497573853 0.14006159999999998 0.2
300 704.3715660572052 0.13669106808244846 0.2
300 706.3750126361847 0.13953893550407015 0.2
300 708.3789081573486 0.13915757953836555 0.2
300 710.3824579715729 0.1376439549436796 0.2
300 712.386866569519 0.1484173 0.2
300 714.3901610374451 0.13774317897371713 0.2
300 716.3934323787689 0.13813523452157597 0.2
300 718.3973577022552 0.1421917 0.2
300 720.4013695716858 0.156834556803995 0.2
300 722.4053809642792 0.14769 0.2
300 724.4087674617767 0.14045539999999998 0.2
300 726.4124004840851 0.1448797 0.2
300 728.4157953262329 0.137536379525593 0.2
300 730.420538187027 0.14130410000000002 0.2
300 732.4241478443146 0.1384923422860712 0.2
300 734.4281482696533 0.13988916926920675 0.2
300 736.4320640563965 0.14183155527795127 0.2
300 738.4356300830841 0.1379525593008739 0.2
300 740.4393997192383 0.13959565814098565 0.2
300 742.4427998065948 0.1370050563204005 0.2
300 744.4460468292236 0.13791969962453066 0.2
300 746.4497797489166 0.1406520924422236 0.2
300 748.4537332057953 0.1405717 0.2
300 750.4569668769836 0.13963196998123828 0.2
300 752.4603090286255 0.1372404 0.2
300 754.463958978653 0.13821411617738913 0.2
300 756.4673533439636 0.1564044 0.2
300 758.4711475372314 0.14502110000000001 0.2
300 760.474315404892 0.14324392745465916 0.2
300 762.477457523346 0.14324394506866417 0.2
300 764.4819791316986 0.13971752963194012 0.2
300 766.4854996204376 0.1399535870243294 0.2
300 768.4886562824249 0.13903419274092615 0.2
300 770.4922823905945 0.14146718301061836 0.2
300 772.4959676265717 0.1529939 0.2
300 774.4998435974121 0.14434893617021277 0.2
300 776.5032999515533 0.1374422027534418 0.2
300 778.5065643787384 0.1475207004377736 0.2
300 780.5107340812683 0.15750206121174265 0.2
300 782.5143778324127 0.1449458 0.2
300 784.518294095993 0.13781336664584634 0.2
300 786.52219581604 0.1410757 0.2
300 788.5257399082184 0.13788354556803994 0.2
300 790.5290808677673 0.13680748596381784 0.2
300 792.5326993465424 0.1349803 0.2
300 794.5362060070038 0.1372614 0.2
300 796.5397107601166 0.14982343964978112 0.2
300 798.5442662239075 0.13713270794246404 0.2
300 800.5481343269348 0.14620147592245153 0.2
300 802.551191329956 0.13805181761399127 0.2
300 804.5546653270721 0.13748806995627733 0.2
300 806.5580613613129 0.134881 0.2
300 808.5614051818848 0.14174979999999998 0.2
300 810.5645935535431 0.1366613 0.2
300 812.5683240890503 0.12058310000000001 0.2
300 814.5722389221191 0.15505019362898187 0.2
300 816.5760202407837 0.15692887780548628 0.2
300 818.579206943512 0.13702834271419637 0.2
300 820.5830054283142 0.1383235 0.2
300 822.5865638256073 0.14176430268918075 0.2
300 824.5902779102325 0.1409334 0.2
300 826.593887090683 0.14004192620387743 0.2
300 828.5978260040283 0.17000290362953693 0.2
300 830.6026995182037 0.1702372 0.2
300 832.6064505577087 0.16193570000000002 0.2
300 834.6113200187683 0.15309565435190983 0.2
300 836.6146700382233 0.14920985616010005 0.2
300 838.6182818412781 0.14561737827715357 0.2
300 840.6219699382782 0.13981748592870544 0.2
300 842.6263182163239 0.16172252342286073 0.2
300 844.6297399997711 0.1417114909544604 0.2
300 846.6334109306335 0.14456094940662084 0.2
300 848.6368026733398 0.14244800000000002 0.2
300 850.6400382518768 0.1375701 0.2
300 852.6439316272736 0.14300956195244055 0.2
300 854.6471395492554 0.1461702 0.2
300 856.6500084400177 0.13834803247970018 0.2
300 858.6535737514496 0.13879784865540962 0.2
300 860.6568267345428 0.13760029981261712 0.2
300 862.6600935459137 0.1417041651031895 0.2
300 864.6636064052582 0.1421175 0.2
300 866.6668293476105 0.1395999 0.2
300 868.6712007522583 0.14475277048155097 0.2
300 870.6743612289429 0.13830096189881325 0.2
300 872.6778995990753 0.14450555208983157 0.2
300 874.6812717914581 0.13717749220212103 0.2
300 876.6855220794678 0.1552993 0.2
300 878.6888377666473 0.14061701436602125 0.2
300 880.6923792362213 0.14150282147315854 0.2
300 882.6957256793976 0.13996284644194756 0.2
300 884.6993432044983 0.1423741 0.2
300 886.7025067806244 0.1394825701809108 0.2
300 888.7057328224182 0.13940943089430893 0.2
300 890.7099430561066 0.13921791119449656 0.2
300 892.7138299942017 0.1618726 0.2
300 894.7172226905823 0.14046322097378278 0.2
300 896.720641374588 0.1450379974968711 0.2
300 898.7246911525726 0.13928154709918902 0.2
300 900.7280957698822 0.1405986 0.2
300 902.7323749065399 0.16341675810473816 0.2
300 904.7374210357666 0.1597256 0.2
300 906.7408580780029 0.14790705808869456 0.2
300 908.7445425987244 0.13687370000000001 0.2
300 910.747638463974 0.1376842 0.2
300 912.7511606216431 0.1376432 0.2
300 914.7550854682922 0.1388444 0.2
300 916.7592036724091 0.17884297686053785 0.2
300 918.7624709606171 0.13713008739076155 0.2
300 920.7660720348358 0.13836797998749217 0.2
300 922.7695410251617 0.1393743910056215 0.2
300 924.7732870578766 0.14229632958801497 0.2
300 926.776474237442 0.1417268 0.2
300 928.7800223827362 0.1392771 0.2
300 930.7838335037231 0.14286244389027433 0.2
300 932.7872760295868 0.16262170716510904 0.2
300 934.7913854122162 0.16416558951965066 0.2
