0.0057086944580078125
0.009907960891723633
0.010139226913452148
0.009936809539794922
0.009554862976074219
0.00950479507446289
0.009439468383789062
0.010058879852294922
0.009347915649414062
0.008800029754638672
0.009284257888793945
0.010069847106933594
0.010074615478515625
0.009816408157348633
0.00967264175415039
0.009454488754272461
0.010050773620605469
0.010073184967041016
0.009845972061157227
0.009470701217651367
0.008872509002685547
0.010038137435913086
0.010073184967041016
0.009828567504882812
0.009578704833984375
0.009462356567382812
0.010506629943847656
0.009788036346435547
0.009551525115966797
0.008914947509765625
0.01026296615600586
0.008671045303344727
0.010376691818237305
0.009555339813232422
0.008130073547363281
0.01162409782409668
0.009244441986083984
0.010551691055297852
0.010106801986694336
0.009648561477661133
0.009337902069091797
0.007983922958374023
0.010284900665283203
0.00955963134765625
0.009827375411987305
0.009743928909301758
0.009267330169677734
0.010502099990844727
0.009900093078613281
0.011005401611328125
0.009922027587890625
0.008700847625732422
0.009859085083007812
0.0052280426025390625
0.008489847183227539
0.011002540588378906
0.008139610290527344
0.008842945098876953
0.010213375091552734
0.009887218475341797
0.009700536727905273
0.010583162307739258
0.00926518440246582
0.011148214340209961
0.008917570114135742
0.009386301040649414
0.010097026824951172
0.00856328010559082
0.009811639785766602
0.010161161422729492
0.00820469856262207
0.005269765853881836
0.010515213012695312
0.009613513946533203
0.010417938232421875
0.009159564971923828
0.009730339050292969
0.010951042175292969
0.009536027908325195
0.006532907485961914
0.009820222854614258
0.010714292526245117
0.008942604064941406
0.009653091430664062
0.00887918472290039
0.010024070739746094
0.010320901870727539
0.009792089462280273
0.01000833511352539
0.009672403335571289
0.010246992111206055
0.010326147079467773
0.009845733642578125
0.009507894515991211
0.009432315826416016
0.01023721694946289
0.01028299331665039
0.01032567024230957
0.010261774063110352
0.009881258010864258
0.009825468063354492
0.009847164154052734
0.010445594787597656
0.01042318344116211
0.010092496871948242
0.009322643280029297
0.009416818618774414
0.009443283081054688
0.010381221771240234
0.010375499725341797
0.009588956832885742
0.009484291076660156
0.0103759765625
0.009460926055908203
0.009846687316894531
0.00962376594543457
0.009388208389282227
0.008292675018310547
0.008332490921020508
0.008297443389892578
0.008330821990966797
0.008307218551635742
0.00524139404296875
0.010410785675048828
0.010037899017333984
0.009629011154174805
0.010264396667480469
0.010294914245605469
0.009385108947753906
0.009531974792480469
0.00940561294555664
0.009793519973754883
0.010282278060913086
0.00962209701538086
0.010269641876220703
0.010229349136352539
0.009737730026245117
0.010275840759277344
0.010288238525390625
0.009905099868774414
0.009598493576049805
0.010269641876220703
0.00934290885925293
0.010115623474121094
0.009425640106201172
0.010269880294799805
0.010252714157104492
0.01023554801940918
0.010271549224853516
0.009953975677490234
0.00960540771484375
0.010323286056518555
0.00988912582397461
0.009175300598144531
0.010269641876220703
0.010288238525390625
0.00944209098815918
0.009552001953125
0.010278463363647461
0.01027822494506836
0.01034688949584961
0.009533882141113281
0.01060032844543457
0.009760141372680664
0.009611129760742188
0.010433435440063477
0.009799480438232422
0.00950169563293457
0.009572982788085938
0.010412454605102539
0.009645223617553711
0.009356021881103516
0.010473489761352539
0.010324239730834961
0.010394811630249023
0.009446859359741211
0.010280847549438477
0.009727239608764648
0.010406494140625
0.010113954544067383
0.009563684463500977
0.010860919952392578
0.010380029678344727
0.00970315933227539
0.010399103164672852
0.010243892669677734
0.009785652160644531
0.006280183792114258
0.0074462890625
0.008361101150512695
0.008348464965820312
0.005281686782836914
0.00834965705871582
0.008371114730834961
0.008335590362548828
0.008364439010620117
0.008424758911132812
0.008332252502441406
0.00837397575378418
0.008364677429199219
0.008336544036865234
0.00836634635925293
0.008378028869628906
0.008392095565795898
0.005221843719482422
0.010970354080200195
0.010061979293823242
0.009679317474365234
0.009722471237182617
0.008527278900146484
0.011199235916137695
0.010298490524291992
0.009732246398925781
0.009088754653930664
0.009519100189208984
0.010264158248901367
0.009974002838134766
0.009396553039550781
0.010094881057739258
0.010655641555786133
0.010234355926513672
0.010113000869750977
0.009775161743164062
0.010716915130615234
0.010297060012817383
0.00962376594543457
0.009157180786132812
0.01026606559753418
0.010058879852294922
0.010056495666503906
0.008451223373413086
0.009776830673217773
0.008416891098022461
0.00844717025756836
0.005274295806884766
0.010294675827026367
0.009680509567260742
0.011196136474609375
0.010155916213989258
0.010071277618408203
0.010099411010742188
0.010086536407470703
0.010200977325439453
0.008955001831054688
0.008844614028930664
0.009593486785888672
0.010272979736328125
0.010301589965820312
0.009121179580688477
0.010308504104614258
0.009525299072265625
0.010262489318847656
0.010317802429199219
0.010295867919921875
0.010097265243530273
0.00966954231262207
0.010274648666381836
0.010043621063232422
0.00978851318359375
0.011141538619995117
0.009574174880981445
0.009514093399047852
0.010588884353637695
0.010291099548339844
0.009569644927978516
0.010290384292602539
0.009842872619628906
0.009359598159790039
0.009578943252563477
0.009689092636108398
0.009725809097290039
0.009335756301879883
0.009712457656860352
0.009873151779174805
0.010065078735351562
0.010286569595336914
0.009354114532470703
0.010293722152709961
0.00945138931274414
0.010251998901367188
0.009662151336669922
0.01023411750793457
0.009958505630493164
0.009564399719238281
0.010283231735229492
0.010006189346313477
0.009416818618774414
0.009480476379394531
0.010297298431396484
0.009715795516967773
0.010281562805175781
0.00956273078918457
0.01026296615600586
0.009537458419799805
0.010132312774658203
0.00937199592590332
0.010312080383300781
0.01028299331665039
0.010303258895874023
0.009259939193725586
0.010266780853271484
0.009908914566040039
0.010339736938476562
0.01026296615600586
0.010321378707885742
0.009755849838256836
0.009638071060180664
0.010271072387695312
0.01026606559753418
0.00969076156616211
0.01166224479675293
0.010371208190917969
0.009848594665527344
0.010268211364746094
0.009796380996704102
0.010268926620483398
0.00965428352355957
0.010289430618286133
0.010273456573486328
0.010295391082763672
0.00995635986328125
0.009806632995605469
0.010280609130859375
0.010256052017211914
0.009690999984741211
0.0102691650390625
0.009393930435180664
0.010297775268554688
0.010277271270751953
0.009781599044799805
0.010266780853271484
0.009331941604614258
0.010295391082763672
0.010288476943969727
0.009547948837280273
0.010261058807373047
0.010371923446655273
0.009615898132324219
0.010269880294799805
0.010277032852172852
0.010256767272949219
0.010265588760375977
0.009599447250366211
0.010267257690429688
0.010265111923217773
0.00946354866027832
0.010336875915527344
0.010271072387695312
0.00976419448852539
0.010324954986572266
0.010288476943969727
0.009749412536621094
0.010308980941772461
0.010282039642333984
0.009605884552001953
0.00957036018371582
0.009845733642578125
0.010019779205322266
0.01016855239868164
0.010271072387695312
0.010280609130859375
0.009826421737670898
0.009530782699584961
0.010303497314453125
0.010318517684936523
0.009608030319213867
0.010269403457641602
0.010300159454345703
0.010312557220458984
0.009845256805419922
0.010328292846679688
0.00956583023071289
0.010309696197509766
0.006701946258544922
0.009604454040527344
0.00999140739440918
0.00999307632446289
0.010310173034667969
0.009523153305053711
0.010296821594238281
0.009927988052368164
0.009740591049194336
0.009515523910522461
0.01030731201171875
0.010324954986572266
0.009878873825073242
0.010331392288208008
0.009247303009033203
0.009149789810180664
0.009330511093139648
0.010345220565795898
0.009373664855957031
0.010283946990966797
0.009979009628295898
0.009858131408691406
0.010313272476196289
0.009920358657836914
0.00955653190612793
0.010284662246704102
0.010034799575805664
0.010279178619384766
0.010336875915527344
0.00999903678894043
0.010276317596435547
0.01011347770690918
0.009375333786010742
0.010284662246704102
0.009321928024291992
0.009964704513549805
0.008986234664916992
0.010275602340698242
0.009934186935424805
0.010292291641235352
0.010299921035766602
0.010254621505737305
0.010080337524414062
0.010281085968017578
0.01024174690246582
0.009021759033203125
0.010256052017211914
0.009748458862304688
0.010291576385498047
0.010239124298095703
0.010263681411743164
0.010251760482788086
0.01010894775390625
0.010303735733032227
0.009878873825073242
0.010259866714477539
0.009803533554077148
0.010264396667480469
0.01027059555053711
0.010299921035766602
0.009587526321411133
0.010291337966918945
0.009476661682128906
0.009883880615234375
0.009254217147827148
0.010369539260864258
0.010320901870727539
0.010140180587768555
0.01034235954284668
0.007890939712524414
0.010212898254394531
0.009520292282104492
0.010250568389892578
0.009648799896240234
0.01028585433959961
0.010257244110107422
0.01026606559753418
0.009530067443847656
0.010306358337402344
0.009289741516113281
0.010283470153808594
0.009829044342041016
0.010249853134155273
0.010037660598754883
0.010282278060913086
0.010302305221557617
0.010260581970214844
0.009937763214111328
0.009393453598022461
0.010407686233520508
0.010149478912353516
0.010287761688232422
0.00963592529296875
0.01024317741394043
0.009755134582519531
0.010332345962524414
0.009187936782836914
0.010265827178955078
0.009696006774902344
0.010334253311157227
0.009393453598022461
0.010303974151611328
0.00986170768737793
0.010294437408447266
0.010461091995239258
0.010316848754882812
0.009577274322509766
0.010340690612792969
0.009615182876586914
0.010216236114501953
0.010341405868530273
0.010281801223754883
0.009902715682983398
0.009239435195922852
0.010306835174560547
0.009523391723632812
0.008694648742675781
0.011004447937011719
0.010322332382202148
0.010289669036865234
0.009761571884155273
0.01024937629699707
0.010299921035766602
0.010291099548339844
0.009500503540039062
0.010272026062011719
0.010107040405273438
0.010266780853271484
0.00959920883178711
0.01027679443359375
0.00995635986328125
0.010286092758178711
0.009535551071166992
0.010271072387695312
0.0098876953125
0.010275840759277344
0.010143756866455078
0.010257244110107422
0.009613752365112305
0.010332107543945312
0.009660959243774414
0.010279417037963867
0.009848833084106445
0.010277032852172852
0.010272502899169922
0.010294198989868164
0.009577274322509766
0.010286092758178711
0.010632514953613281
0.010300874710083008
0.009877920150756836
0.010277032852172852
0.010257720947265625
0.009492635726928711
0.01031351089477539
0.009639263153076172
0.009212493896484375
0.010297775268554688
0.009546041488647461
0.010353565216064453
0.009740829467773438
0.0093841552734375
0.010273456573486328
0.010300159454345703
0.009385824203491211
0.010287046432495117
0.010124921798706055
0.009945869445800781
0.010299205780029297
0.010311365127563477
0.009685754776000977
0.010284185409545898
0.010360956192016602
0.009671449661254883
0.010284662246704102
0.009646415710449219
0.009531497955322266
0.010298728942871094
0.009402990341186523
0.010288476943969727
0.009741783142089844
0.01026153564453125
0.009960651397705078
0.010367155075073242
0.009521007537841797
0.009476184844970703
0.009905576705932617
0.009893178939819336
0.010289907455444336
0.010178804397583008
0.009467840194702148
0.010326623916625977
0.009501457214355469
0.01030111312866211
0.009640932083129883
0.010286808013916016
0.010326862335205078
0.009329080581665039
0.010290861129760742
0.009628057479858398
0.009027481079101562
0.011156320571899414
0.009850263595581055
0.010305643081665039
0.010299205780029297
0.010286569595336914
0.009271383285522461
0.010274171829223633
0.010253190994262695
0.010228395462036133
0.00942850112915039
0.009906291961669922
0.010298728942871094
0.009666204452514648
0.010313987731933594
0.010296106338500977
0.009567737579345703
0.010303020477294922
0.010285615921020508
0.010086774826049805
0.010021686553955078
0.010262012481689453
0.009932994842529297
0.01028299331665039
0.010288238525390625
0.010641336441040039
0.0102691650390625
0.01033639907836914
0.010315179824829102
0.010293245315551758
0.010054826736450195
0.010121345520019531
0.010308265686035156
0.010269641876220703
0.00935673713684082
0.010312080383300781
0.010212898254394531
0.010317802429199219
0.010290384292602539
0.010294437408447266
0.01026773452758789
0.009593725204467773
0.00982356071472168
0.009250640869140625
0.010279655456542969
0.009499073028564453
0.00966954231262207
0.0103302001953125
0.009581804275512695
0.01031637191772461
0.009610414505004883
0.009829998016357422
0.01112675666809082
0.00977182388305664
0.010313034057617188
0.009975433349609375
0.010304927825927734
0.010101556777954102
0.010440587997436523
0.009617805480957031
0.010364770889282227
0.009362220764160156
0.010378837585449219
0.00983881950378418
0.011185884475708008
0.010362625122070312
0.009597539901733398
0.010318517684936523
0.009611845016479492
0.010323286056518555
0.009429216384887695
0.010301589965820312
0.009560823440551758
0.01011967658996582
0.01040506362915039
0.009132623672485352
0.009908437728881836
0.010318994522094727
0.010168075561523438
0.010337352752685547
0.010320901870727539
0.009904861450195312
0.010308027267456055
0.01005864143371582
0.010391473770141602
0.010329723358154297
0.010277509689331055
0.010334491729736328
0.008514881134033203
0.005286693572998047
0.010529041290283203
0.010258197784423828
0.010445833206176758
0.009693145751953125
0.010661602020263672
0.010297298431396484
0.010122537612915039
0.009100914001464844
0.009567499160766602
0.009854793548583984
0.01006937026977539
0.010052919387817383
0.010221481323242188
0.010412931442260742
0.01036977767944336
0.010206937789916992
0.009360313415527344
0.01055908203125
0.010424375534057617
0.01007843017578125
0.00879526138305664
0.009532451629638672
0.010437488555908203
0.007925987243652344
0.009362936019897461
0.008304119110107422
0.009921789169311523
0.010191679000854492
0.01071310043334961
0.01008462905883789
0.010091304779052734
0.009330034255981445
0.010123729705810547
0.010303020477294922
0.010443687438964844
0.008931398391723633
0.01059722900390625
0.01046133041381836
0.00880122184753418
0.047885894775390625
0.010979890823364258
0.008549690246582031
0.008171796798706055
0.010478973388671875
0.010556936264038086
0.009732723236083984
0.008193016052246094
0.010083913803100586
0.010520458221435547
0.008185148239135742
0.009041786193847656
0.011411905288696289
0.00961160659790039
0.010149955749511719
0.010045766830444336
0.008710861206054688
0.009479522705078125
0.008783102035522461
0.0077021121978759766
0.009350061416625977
0.011223077774047852
0.008506298065185547
0.008433818817138672
0.010455131530761719
0.009442806243896484
0.011935710906982422
0.011759281158447266
0.010309934616088867
0.010202884674072266
0.007963418960571289
0.011041879653930664
0.011269569396972656
0.010367393493652344
0.008432149887084961
0.01006174087524414
0.010309219360351562
0.009507894515991211
0.010636091232299805
0.009833574295043945
0.009756088256835938
0.010436773300170898
0.010318279266357422
0.009998798370361328
0.010403156280517578
0.010375261306762695
0.00771021842956543
0.010175228118896484
0.008564233779907227
0.009866714477539062
0.010420560836791992
0.01038050651550293
0.01038217544555664
0.008422136306762695
0.010393857955932617
0.008766412734985352
0.010516166687011719
0.010614633560180664
0.01056051254272461
0.01047968864440918
0.010090112686157227
0.008853435516357422
0.009814262390136719
0.00901174545288086
0.0100555419921875
0.010053396224975586
0.010579586029052734
0.010582447052001953
0.009230375289916992
0.010154008865356445
0.010517358779907227
0.009422779083251953
0.010578632354736328
0.010293245315551758
0.010298490524291992
0.01027989387512207
0.010476112365722656
0.008922576904296875
0.00903177261352539
0.01037907600402832
0.009420156478881836
0.009857654571533203
0.010361909866333008
0.010357379913330078
0.009627342224121094
0.009893417358398438
0.009600400924682617
0.01049041748046875
0.009799957275390625
0.006737947463989258
0.011400938034057617
0.009460210800170898
0.010416507720947266
0.01044774055480957
0.009333610534667969
0.008328914642333984
0.00986933708190918
0.010597467422485352
0.009557962417602539
0.011041879653930664
0.010379314422607422
0.010342597961425781
0.010292768478393555
0.010743856430053711
0.0103759765625
0.01035761833190918
0.010410308837890625
0.009976387023925781
0.010718107223510742
0.010050058364868164
0.010304450988769531
0.010306596755981445
0.01004338264465332
0.010295867919921875
0.009702444076538086
0.01032876968383789
0.009284734725952148
0.010400056838989258
0.010412216186523438
0.010364770889282227
0.010414600372314453
0.009530782699584961
0.010373353958129883
0.010354995727539062
0.010355949401855469
0.009281396865844727
0.010364532470703125
0.01038217544555664
0.01035761833190918
0.009536027908325195
0.010200977325439453
0.010390520095825195
0.010679960250854492
0.007861137390136719
0.010336637496948242
0.010030984878540039
0.010300159454345703
0.009429931640625
0.010319232940673828
0.010290145874023438
0.010262489318847656
0.01028585433959961
0.011007308959960938
0.010126590728759766
0.009556770324707031
0.009863138198852539
0.010351896286010742
0.009495258331298828
0.010334491729736328
0.009374856948852539
0.01034855842590332
0.009367227554321289
0.008712291717529297
0.010348796844482422
0.010368824005126953
0.009746789932250977
0.010389566421508789
0.009483575820922852
0.010367393493652344
0.009466171264648438
0.01032876968383789
0.009350061416625977
0.01035308837890625
0.010065078735351562
0.010562658309936523
0.009419918060302734
0.010416746139526367
0.009547710418701172
0.010512351989746094
0.011118412017822266
0.010391712188720703
0.010419845581054688
0.010470151901245117
0.009532690048217773
0.010439395904541016
0.009566783905029297
0.010411739349365234
0.010416984558105469
0.010383129119873047
0.010419368743896484
0.009966850280761719
0.010391950607299805
0.009856939315795898
0.01042318344116211
0.010410308837890625
0.009551525115966797
0.01040339469909668
0.010445117950439453
0.010446548461914062
0.010400056838989258
0.009586334228515625
0.01029348373413086
0.010461807250976562
0.010379791259765625
0.009495019912719727
0.010972261428833008
0.010367631912231445
0.010427713394165039
0.009301185607910156
0.010432720184326172
0.010236740112304688
0.009633064270019531
0.009891033172607422
0.009874582290649414
0.010063648223876953
0.009614944458007812
0.009469032287597656
0.009831666946411133
0.010097026824951172
0.010421991348266602
0.009623050689697266
0.009184598922729492
0.009818553924560547
0.010415792465209961
0.009677648544311523
0.010194063186645508
0.010427236557006836
0.009324789047241211
0.010454654693603516
0.010409832000732422
0.00946664810180664
0.010459423065185547
0.010259866714477539
0.009883403778076172
0.010590076446533203
0.010415792465209961
0.009344100952148438
0.009855985641479492
0.010469436645507812
0.009578943252563477
0.01043081283569336
0.010476827621459961
0.009649038314819336
0.010164022445678711
0.00929117202758789
0.009729385375976562
0.010008811950683594
0.01045680046081543
0.010168075561523438
0.010440826416015625
0.010472774505615234
0.009895801544189453
0.010233402252197266
0.010230302810668945
0.010522127151489258
0.009502172470092773
0.010515689849853516
0.010432958602905273
0.010447025299072266
0.010888338088989258
0.010451316833496094
0.009165763854980469
0.009621381759643555
0.010469198226928711
0.010456562042236328
0.010488033294677734
0.010450601577758789
0.00970149040222168
0.00911259651184082
0.010415315628051758
0.011651039123535156
0.010460615158081055
0.010484933853149414
0.010447502136230469
0.010489702224731445
0.009705543518066406
0.009182929992675781
0.009312152862548828
0.01046895980834961
0.010436058044433594
0.010507345199584961
0.01048135757446289
0.009386777877807617
0.010429859161376953
0.010435819625854492
0.009058713912963867
0.010457038879394531
0.010452508926391602
0.010497808456420898
0.010716676712036133
0.010423898696899414
0.010506153106689453
0.010490179061889648
0.008402347564697266
0.010460615158081055
0.010482311248779297
0.009867429733276367
0.010445356369018555
0.009114742279052734
0.010466575622558594
0.010450363159179688
0.0104522705078125
0.009509801864624023
0.009773969650268555
0.010498285293579102
0.01044321060180664
0.010458707809448242
0.009276151657104492
0.010371208190917969
0.010452032089233398
0.010465383529663086
0.01122426986694336
0.01042485237121582
0.010424613952636719
0.010504484176635742
0.0095062255859375
0.010241270065307617
0.010452985763549805
0.009393692016601562
0.010525226593017578
0.010496854782104492
0.010484457015991211
0.010543107986450195
0.010469675064086914
0.010469198226928711
0.009509801864624023
0.010442018508911133
0.010336160659790039
0.011056900024414062
0.010165929794311523
0.010482549667358398
0.010528802871704102
0.01051187515258789
0.0104522705078125
0.01047825813293457
0.009449005126953125
0.010374069213867188
0.010518789291381836
0.010478973388671875
0.010484695434570312
0.010465621948242188
0.010504961013793945
0.009820699691772461
0.009710311889648438
0.01020669937133789
0.0105133056640625
0.010507345199584961
0.01047062873840332
0.010455846786499023
0.009019613265991211
0.009968280792236328
0.010553836822509766
0.010489463806152344
0.010526180267333984
0.009549856185913086
0.010519027709960938
0.009601593017578125
0.010342121124267578
0.010506153106689453
0.009386301040649414
0.009801864624023438
0.010506629943847656
0.010495901107788086
0.01050567626953125
0.009758234024047852
0.010535955429077148
0.010478496551513672
0.009420633316040039
0.010180950164794922
0.010489940643310547
0.009593486785888672
0.009716272354125977
0.009758710861206055
0.010387659072875977
0.010455608367919922
0.010504484176635742
0.010494232177734375
0.010476112365722656
0.010476350784301758
0.010469913482666016
0.00923013687133789
0.009877920150756836
0.010374784469604492
0.010516166687011719
0.010521411895751953
0.010941028594970703
0.010478496551513672
0.0104522705078125
0.010480403900146484
0.010462045669555664
0.009373664855957031
0.011134147644042969
0.009541749954223633
0.010559797286987305
0.010485172271728516
0.010821104049682617
0.010475397109985352
0.009221076965332031
0.00986480712890625
0.010544538497924805
0.010514497756958008
0.010990142822265625
0.010473012924194336
0.010502338409423828
0.010491371154785156
0.010454893112182617
0.01051020622253418
0.009299755096435547
0.013302326202392578
0.005236148834228516
0.010098934173583984
0.010051250457763672
0.009729862213134766
0.009701013565063477
0.009772539138793945
0.011210918426513672
0.009904623031616211
0.008969545364379883
0.009181737899780273
0.010087728500366211
0.010126113891601562
0.009948015213012695
0.009273052215576172
0.010606050491333008
0.009722232818603516
0.010028600692749023
0.00963139533996582
0.010203838348388672
0.010062694549560547
0.01037454605102539
0.008584022521972656
0.009215593338012695
0.01021885871887207
0.01020669937133789
0.008768796920776367
0.009523868560791016
0.00941920280456543
0.008001089096069336
0.010160446166992188
0.010031938552856445
0.01020503044128418
0.010570049285888672
0.010997772216796875
0.008981943130493164
0.009893655776977539
0.010097742080688477
0.010086774826049805
0.011471986770629883
0.011800289154052734
0.009704113006591797
0.01018214225769043
0.009379386901855469
0.010126829147338867
0.009390592575073242
0.010631799697875977
0.009114980697631836
0.010114908218383789
0.010150909423828125
0.010278463363647461
0.009602785110473633
0.0094757080078125
0.009574413299560547
0.01069951057434082
0.010095834732055664
0.009156465530395508
0.009246587753295898
0.008687496185302734
0.010088443756103516
0.01047372817993164
0.009938240051269531
0.009471416473388672
0.011879920959472656
0.009981393814086914
0.010342597961425781
0.008558511734008789
0.009016275405883789
0.009530067443847656
0.010342121124267578
0.009542226791381836
0.009528398513793945
0.009890079498291016
0.009903192520141602
0.011101961135864258
0.010828018188476562
0.009096145629882812
0.008451700210571289
0.010422945022583008
0.010016202926635742
0.009975671768188477
0.009718656539916992
0.01046609878540039
0.01004648208618164
0.008713245391845703
0.008860588073730469
0.006182670593261719
0.0101165771484375
0.011648416519165039
0.011400699615478516
0.006982088088989258
0.009986400604248047
0.011722326278686523
0.010547876358032227
0.009985208511352539
0.01049351692199707
0.008429765701293945
0.010988712310791016
0.008762121200561523
0.010811090469360352
0.009625434875488281
0.009328365325927734
0.009557485580444336
0.009633302688598633
0.009526968002319336
0.00984644889831543
0.010230064392089844
0.009938240051269531
0.010918140411376953
0.010491132736206055
0.010239601135253906
0.009579896926879883
0.009046792984008789
0.009879112243652344
0.010832071304321289
0.009634971618652344
0.01089167594909668
0.009968757629394531
0.010378360748291016
0.010426759719848633
0.009778976440429688
0.009767532348632812
0.010092020034790039
0.010218381881713867
0.009505748748779297
0.009633541107177734
0.012208938598632812
0.0113677978515625
0.009768962860107422
0.011885404586791992
0.010900020599365234
0.01073145866394043
0.01000356674194336
0.009312629699707031
0.007949352264404297
0.010391712188720703
0.009881734848022461
0.010341644287109375
0.01133108139038086
0.01042318344116211
0.009554862976074219
0.01016378402709961
0.010421991348266602
0.010102987289428711
0.008939981460571289
0.010756254196166992
0.008272886276245117
0.009208917617797852
0.01038217544555664
0.006434440612792969
0.007843255996704102
0.005426883697509766
0.008759737014770508
0.008794784545898438
0.008121490478515625
0.01043701171875
0.009102344512939453
0.011905908584594727
0.009443998336791992
0.009345531463623047
0.00989389419555664
0.009192466735839844
0.024736642837524414
0.007988929748535156
0.009315013885498047
0.009132146835327148
0.009201765060424805
0.010683059692382812
0.009816646575927734
0.00915980339050293
0.008991479873657227
0.009104013442993164
0.005389213562011719
0.008098125457763672
0.00930643081665039
0.010729074478149414
0.009735584259033203
0.009710550308227539
0.009212493896484375
0.008754730224609375
0.010532140731811523
0.00596165657043457
0.009508848190307617
0.010678768157958984
0.00844717025756836
0.009879589080810547
0.010681867599487305
0.009596586227416992
0.01031041145324707
0.00904989242553711
0.010347604751586914
0.010263442993164062
0.007037639617919922
0.009521722793579102
0.0101165771484375
0.00913548469543457
0.008152008056640625
0.010907888412475586
0.01070094108581543
0.009086370468139648
0.009847402572631836
0.009246587753295898
0.009711742401123047
0.011361360549926758
0.011455297470092773
0.010067224502563477
0.01172780990600586
0.010212182998657227
0.010333061218261719
0.010778665542602539
0.009247303009033203
0.00724482536315918
0.009655952453613281
0.011717557907104492
0.009681463241577148
0.007517337799072266
0.01050114631652832
0.01065206527709961
0.009987831115722656
0.007063150405883789
0.01070547103881836
0.012189388275146484
0.009866476058959961
0.009512901306152344
0.010051965713500977
0.009680032730102539
0.010045051574707031
0.010813236236572266
0.009799957275390625
0.01014256477355957
0.010519027709960938
0.010854959487915039
0.009200572967529297
0.01019740104675293
0.010326385498046875
0.009842634201049805
0.010096311569213867
0.009626626968383789
0.010591268539428711
0.009556770324707031
0.009822368621826172
0.01163482666015625
0.008609771728515625
0.00982666015625
0.010729074478149414
0.00988912582397461
0.009476661682128906
0.009653568267822266
0.010708808898925781
0.01043844223022461
0.007966995239257812
0.01060795783996582
0.009946346282958984
0.010544776916503906
0.009975194931030273
0.009496450424194336
0.01094675064086914
0.009914875030517578
0.01055455207824707
0.009922981262207031
0.009507179260253906
0.010059595108032227
0.011866092681884766
0.011530876159667969
0.009918212890625
0.010695934295654297
0.010143280029296875
0.009333372116088867
0.009641885757446289
0.009348869323730469
0.008797168731689453
0.008512735366821289
0.01071310043334961
0.009227275848388672
0.008491754531860352
0.011805057525634766
0.00885152816772461
0.010185003280639648
0.007973194122314453
0.010528326034545898
0.010898590087890625
0.009544610977172852
0.005253791809082031
0.009455680847167969
0.010086536407470703
0.011188507080078125
0.01008152961730957
0.010363340377807617
0.00948476791381836
0.011003971099853516
0.010802268981933594
0.009548187255859375
0.006520509719848633
0.010083198547363281
0.00954437255859375
0.00996708869934082
0.009553670883178711
0.010261058807373047
0.009688854217529297
0.00599360466003418
0.00928640365600586
0.007241249084472656
0.009842157363891602
0.009981393814086914
0.00950002670288086
0.008527278900146484
0.01056361198425293
0.010250568389892578
0.00926351547241211
0.010536432266235352
0.009717464447021484
0.01035928726196289
0.01021718978881836
0.010630369186401367
0.009922266006469727
0.009823799133300781
0.011967658996582031
0.010544538497924805
0.010979652404785156
0.010355710983276367
0.009423494338989258
0.010822772979736328
0.012026548385620117
0.009376049041748047
0.010355234146118164
0.009623527526855469
0.010381698608398438
0.010469675064086914
0.01054835319519043
0.01061558723449707
0.010399341583251953
0.009870529174804688
0.009763717651367188
0.009422540664672852
0.009579181671142578
0.011332511901855469
0.011590242385864258
0.008754968643188477
0.010472297668457031
0.010718345642089844
0.008518695831298828
0.009547710418701172
0.00894784927368164
0.009964466094970703
0.006974220275878906
0.011047601699829102
0.010139942169189453
0.010402679443359375
0.010296344757080078
0.01014399528503418
0.010553121566772461
0.010495185852050781
0.010472536087036133
0.009128093719482422
0.008741378784179688
0.008908987045288086
0.010591268539428711
0.007947206497192383
0.010200738906860352
0.010376453399658203
0.010668516159057617
0.00732421875
0.010183334350585938
0.009389400482177734
0.009393692016601562
0.01008296012878418
0.008757829666137695
0.010262727737426758
0.009751081466674805
0.010404348373413086
0.010590076446533203
0.011022329330444336
0.011376142501831055
0.010797739028930664
0.011307001113891602
0.009935617446899414
0.009705543518066406
0.010106086730957031
0.01025390625
0.009404420852661133
0.01083230972290039
0.0057489871978759766
0.009012222290039062
0.007979154586791992
0.010071039199829102
0.011353492736816406
0.005362272262573242
0.011499404907226562
0.010731935501098633
0.00791788101196289
0.005612850189208984
0.008396148681640625
0.0086822509765625
0.010178089141845703
0.011560678482055664
0.009273767471313477
0.010035276412963867
0.009128093719482422
0.01021122932434082
0.011220216751098633
0.011075258255004883
0.008048534393310547
0.0065975189208984375
0.010530471801757812
0.010387182235717773
0.009219169616699219
0.00904393196105957
0.009546041488647461
0.010691165924072266
0.009512662887573242
0.008373737335205078
0.01011037826538086
0.007554769515991211
0.010140419006347656
0.007268667221069336
0.00795435905456543
0.007929563522338867
0.0054895877838134766
0.010155200958251953
0.008990049362182617
0.010576963424682617
0.009960174560546875
0.009768962860107422
0.01062917709350586
0.009737491607666016
0.008607149124145508
0.011171817779541016
0.011150836944580078
0.008679866790771484
0.00979471206665039
0.010528564453125
0.009121179580688477
0.011677026748657227
0.008880615234375
0.011124610900878906
0.011046171188354492
0.00938272476196289
0.009573221206665039
0.009588479995727539
0.010043621063232422
0.011164426803588867
0.009395599365234375
0.009527206420898438
0.008016586303710938
0.01058197021484375
0.010774850845336914
0.010053873062133789
0.010382890701293945
0.010518789291381836
0.010437250137329102
0.011641263961791992
0.011263608932495117
0.012116432189941406
0.007892131805419922
0.010901689529418945
0.005966663360595703
0.006492137908935547
0.007714509963989258
0.006014108657836914
0.0075647830963134766
0.007306814193725586
0.00903940200805664
0.010464191436767578
0.01058053970336914
0.011912822723388672
0.006574153900146484
0.009069204330444336
0.010430097579956055
0.010138273239135742
0.010250091552734375
0.010731697082519531
0.008789300918579102
0.008364677429199219
0.00874185562133789
0.010106563568115234
0.009085655212402344
0.007863521575927734
0.010779380798339844
0.010766744613647461
0.012010335922241211
0.009081363677978516
0.009870290756225586
0.009719610214233398
0.010662555694580078
0.011629581451416016
0.009196281433105469
0.005502939224243164
0.009521484375
0.009480714797973633
0.011221170425415039
0.009381294250488281
0.010619878768920898
0.010319709777832031
0.011646032333374023
0.009420394897460938
0.009264230728149414
0.005442619323730469
0.00568389892578125
0.0070514678955078125
0.008147001266479492
0.00746464729309082
0.008632421493530273
0.01016545295715332
0.010042428970336914
0.010093450546264648
0.009227991104125977
0.010845661163330078
0.009297609329223633
0.010314464569091797
0.009257078170776367
0.009025335311889648
0.010817527770996094
0.00933218002319336
0.011259794235229492
0.01025700569152832
0.010361433029174805
0.010551929473876953
0.011796712875366211
0.009727239608764648
0.01061248779296875
0.009646177291870117
0.008065223693847656
0.010178327560424805
0.010848283767700195
0.009968042373657227
0.0069904327392578125
0.00959634780883789
0.009791135787963867
0.008814573287963867
0.00946497917175293
0.010071992874145508
0.009479999542236328
0.010204792022705078
0.01015162467956543
0.010210037231445312
0.010463953018188477
0.010451316833496094
0.01049041748046875
0.010477304458618164
0.010472774505615234
0.00968790054321289
0.010980606079101562
0.01128840446472168
0.009727716445922852
0.008561849594116211
0.010081052780151367
0.008889913558959961
0.010824441909790039
0.007962226867675781
0.009820222854614258
0.007951498031616211
0.009564876556396484
0.010762214660644531
0.009656667709350586
0.010646581649780273
0.010647773742675781
0.010713577270507812
0.01020359992980957
0.010063886642456055
0.008295774459838867
0.011158227920532227
0.010807514190673828
0.00948190689086914
0.010411739349365234
0.008514642715454102
0.01001429557800293
0.009994745254516602
0.010583162307739258
0.0110931396484375
0.009731531143188477
0.009421586990356445
0.009274005889892578
0.005237102508544922
0.009259700775146484
0.008166074752807617
0.005609035491943359
0.006539106369018555
0.005614519119262695
0.007964134216308594
0.009341239929199219
0.010738849639892578
0.010117053985595703
0.009204864501953125
0.011325597763061523
0.011312246322631836
0.010519027709960938
0.010425806045532227
0.008706808090209961
0.009372472763061523
0.010112762451171875
0.011553287506103516
0.009888172149658203
0.010941743850708008
0.010200738906860352
0.010761737823486328
0.00948643684387207
0.008188486099243164
0.008435249328613281
0.010278463363647461
0.010437488555908203
0.009489297866821289
0.010150671005249023
0.010422468185424805
0.010732889175415039
0.00800633430480957
0.01060795783996582
0.010604143142700195
0.00933074951171875
0.01076960563659668
0.009649276733398438
0.009568214416503906
0.011804342269897461
0.0052335262298583984
0.010562658309936523
0.010117769241333008
0.010009050369262695
0.008477210998535156
0.009425163269042969
0.009045124053955078
0.01066136360168457
0.010564088821411133
0.010622262954711914
0.008504867553710938
0.01028752326965332
0.006577253341674805
0.005224704742431641
0.007875442504882812
0.0065648555755615234
0.00686335563659668
0.0062792301177978516
0.010730743408203125
0.009219646453857422
0.010692834854125977
0.011600494384765625
0.008247613906860352
0.005454063415527344
0.006302595138549805
0.009931564331054688
0.010076284408569336
0.010959386825561523
0.009360313415527344
0.010807037353515625
0.009354829788208008
0.010106325149536133
0.007932901382446289
0.008008718490600586
0.008388280868530273
0.009041070938110352
0.005751371383666992
0.008481025695800781
0.01038813591003418
0.009376764297485352
0.00796818733215332
0.009314537048339844
0.01093602180480957
0.009396076202392578
0.011063337326049805
0.010587453842163086
0.010622501373291016
0.011422395706176758
0.010722160339355469
0.009840965270996094
0.009160041809082031
0.01012277603149414
0.009326457977294922
0.010318994522094727
0.010193109512329102
0.009844541549682617
0.010462522506713867
0.008931159973144531
0.008100271224975586
0.00883626937866211
0.010253190994262695
0.009630680084228516
0.009559392929077148
0.006648540496826172
0.011678695678710938
0.009240150451660156
0.009943246841430664
0.01080012321472168
0.0062863826751708984
0.008594274520874023
0.008649349212646484
0.011204242706298828
0.009184837341308594
0.009520292282104492
0.010756969451904297
0.011037349700927734
0.01188516616821289
0.008986473083496094
0.009770870208740234
0.00897836685180664
0.011454105377197266
0.010059595108032227
0.011442899703979492
0.01022028923034668
0.009746313095092773
0.00992131233215332
0.008376836776733398
0.009372949600219727
0.010804414749145508
0.011658906936645508
0.010192155838012695
0.011936664581298828
0.008569955825805664
0.008029937744140625
0.009008169174194336
0.011837005615234375
0.008931398391723633
0.010920047760009766
0.009385347366333008
0.011380672454833984
0.009642362594604492
0.009954214096069336
0.010106086730957031
0.01036834716796875
0.009624242782592773
0.011739969253540039
0.009694576263427734
0.00928354263305664
0.009552001953125
0.009712934494018555
0.009054422378540039
0.009847164154052734
0.009881019592285156
0.011319160461425781
0.01079702377319336
0.010672807693481445
0.011669158935546875
0.00852656364440918
0.006590843200683594
0.008732318878173828
0.010117053985595703
0.011303186416625977
0.009955644607543945
0.009386301040649414
0.008781909942626953
0.006002187728881836
0.010771512985229492
0.009514331817626953
0.00949859619140625
0.009905338287353516
0.009672880172729492
0.010080099105834961
0.009150505065917969
0.010807275772094727
0.00953817367553711
0.009398460388183594
0.010519266128540039
0.010459184646606445
0.011329412460327148
0.010568618774414062
0.009285449981689453
0.008563756942749023
0.00903010368347168
0.005480051040649414
0.006911516189575195
0.008019208908081055
0.005265951156616211
0.013346672058105469
0.00853586196899414
0.005286455154418945
0.00961756706237793
0.010448694229125977
0.010211706161499023
0.010158538818359375
0.010159015655517578
0.010440587997436523
0.010239362716674805
0.010432720184326172
0.010417461395263672
0.007289409637451172
0.005258083343505859
0.00970149040222168
0.00976872444152832
0.009814023971557617
0.010646820068359375
0.009446382522583008
0.009298324584960938
0.010417699813842773
0.009000062942504883
0.010492324829101562
0.010479927062988281
0.00988459587097168
0.01043844223022461
0.010404586791992188
0.009167194366455078
0.01050877571105957
0.009631156921386719
0.009341716766357422
0.010453939437866211
0.009769439697265625
0.009923934936523438
0.010022401809692383
0.010499715805053711
0.009771585464477539
0.00906682014465332
0.010680675506591797
0.010472297668457031
0.010454416275024414
0.010483026504516602
0.008497953414916992
0.010105371475219727
0.010524272918701172
0.010354757308959961
0.010382890701293945
0.010154485702514648
0.010475873947143555
0.010494470596313477
0.010336875915527344
0.010239362716674805
0.010475635528564453
0.010603666305541992
0.010229825973510742
0.005300283432006836
0.010061979293823242
0.0080108642578125
0.010511636734008789
0.009526729583740234
0.009638071060180664
0.009481430053710938
0.010429859161376953
0.010380029678344727
0.010012149810791016
0.010454416275024414
0.010464668273925781
0.01007390022277832
0.010406494140625
0.010432720184326172
0.010447502136230469
0.009971380233764648
0.009782075881958008
0.00930333137512207
0.009792089462280273
0.01014852523803711
0.010457754135131836
0.010297298431396484
0.010427474975585938
0.010166406631469727
0.010427474975585938
0.010019063949584961
0.010303258895874023
0.011270999908447266
0.00971221923828125
0.010290861129760742
0.009814739227294922
0.010277509689331055
0.010463714599609375
0.010499954223632812
0.010660648345947266
0.009842634201049805
0.009836673736572266
0.009735345840454102
0.01046895980834961
0.01044154167175293
0.01039743423461914
0.010068416595458984
0.010256290435791016
0.01044321060180664
0.010084390640258789
0.010040521621704102
0.01007986068725586
0.010426044464111328
0.010494232177734375
0.01049947738647461
0.010459184646606445
0.0105438232421875
0.010562419891357422
0.010184049606323242
0.010521173477172852
0.010506629943847656
0.010445356369018555
0.010506153106689453
0.010490655899047852
0.010520696640014648
0.010485172271728516
0.01044321060180664
0.010614156723022461
0.010455608367919922
0.009821653366088867
0.009839773178100586
0.009462118148803711
0.010274410247802734
0.010430097579956055
0.010460376739501953
0.010422706604003906
0.01038980484008789
0.010046005249023438
0.009833812713623047
0.009723663330078125
0.009816646575927734
0.010173797607421875
0.01002812385559082
0.00976109504699707
0.009901762008666992
0.009523868560791016
0.01014089584350586
0.010414361953735352
0.010227203369140625
0.01044154167175293
0.009701728820800781
0.009503841400146484
0.010432243347167969
0.009801149368286133
0.010547399520874023
0.009665727615356445
0.010445117950439453
0.010123014450073242
0.010464668273925781
0.009764432907104492
0.009517908096313477
0.00999593734741211
0.01005244255065918
0.009407758712768555
0.010446786880493164
0.01050257682800293
0.010535717010498047
0.008898019790649414
0.009488344192504883
0.010375022888183594
0.00995182991027832
0.009575128555297852
0.009815216064453125
0.009263753890991211
0.010114192962646484
0.009850025177001953
0.00933527946472168
0.007714033126831055
0.010444879531860352
0.010534048080444336
0.010203123092651367
0.009977579116821289
0.010459184646606445
0.01048421859741211
0.010458230972290039
0.010502338409423828
0.009859561920166016
0.009917259216308594
0.01013493537902832
0.009899139404296875
0.009994268417358398
0.010027408599853516
0.010063409805297852
0.009968757629394531
0.009332418441772461
0.009839057922363281
0.010867595672607422
0.009833574295043945
0.009884119033813477
0.009827136993408203
0.009463310241699219
0.009610176086425781
0.010469913482666016
0.009838581085205078
0.009457826614379883
0.009857416152954102
0.010088443756103516
0.009881734848022461
0.009038448333740234
0.009258747100830078
0.009927034378051758
0.009940624237060547
0.010452508926391602
0.010030746459960938
0.010527372360229492
0.010432004928588867
0.010529518127441406
0.01052236557006836
0.010491371154785156
0.010430335998535156
0.010467052459716797
0.01048135757446289
0.010411262512207031
0.010438919067382812
0.01046299934387207
0.010457277297973633
0.01047062873840332
0.010074615478515625
0.010443687438964844
0.010178804397583008
0.009555578231811523
0.010002374649047852
0.009981393814086914
0.009985923767089844
0.010112762451171875
0.010441064834594727
0.010044097900390625
0.009698629379272461
0.010691404342651367
0.00985097885131836
0.009553909301757812
0.010013103485107422
0.009904861450195312
0.010181427001953125
0.010068893432617188
0.00957179069519043
0.00966191291809082
0.009695768356323242
0.009778022766113281
0.009132623672485352
0.010447502136230469
0.010039091110229492
0.009985923767089844
0.009749412536621094
0.009644269943237305
0.011567354202270508
0.010453939437866211
0.010474920272827148
0.009768486022949219
0.01055765151977539
0.010497808456420898
0.010455608367919922
0.010550260543823242
0.009736299514770508
0.009719610214233398
0.009824275970458984
0.010229349136352539
0.009767293930053711
0.009726762771606445
0.010523796081542969
0.010527372360229492
0.010516643524169922
0.010014533996582031
0.010523319244384766
0.010522842407226562
0.01051640510559082
0.010457038879394531
0.01050567626953125
0.010206937789916992
0.010057449340820312
0.010245084762573242
0.009327173233032227
0.009906530380249023
0.010500669479370117
0.010051250457763672
0.010025262832641602
0.009330272674560547
0.00971364974975586
0.009851694107055664
0.010192394256591797
0.009282112121582031
0.009437799453735352
0.010155677795410156
0.010370492935180664
0.010347366333007812
0.01034688949584961
0.010531425476074219
0.009221315383911133
0.009888648986816406
0.009080648422241211
0.009566068649291992
0.010014533996582031
0.009438514709472656
0.010423660278320312
0.009340286254882812
0.009911775588989258
0.010305643081665039
0.010462284088134766
0.009873628616333008
0.010070323944091797
0.010075807571411133
0.009939193725585938
0.009639739990234375
0.010479450225830078
0.010483026504516602
0.010474443435668945
0.010535717010498047
0.009627342224121094
0.010462522506713867
0.010457277297973633
0.010269641876220703
0.010426759719848633
0.010270118713378906
0.009816169738769531
0.010065317153930664
0.010500907897949219
0.00986337661743164
0.00997304916381836
0.009827136993408203
0.009773731231689453
0.010024309158325195
0.009695768356323242
0.009881258010864258
0.010023117065429688
0.009997844696044922
0.009618759155273438
0.010226726531982422
0.009673357009887695
0.009910821914672852
0.010431528091430664
0.009746074676513672
0.010447502136230469
0.010410070419311523
0.010490179061889648
0.010458707809448242
0.009494543075561523
0.010470867156982422
0.010411262512207031
0.010454177856445312
0.01025247573852539
0.009939193725585938
0.010433673858642578
0.009577512741088867
0.010039567947387695
0.009563207626342773
0.010072708129882812
0.010474920272827148
0.010477066040039062
0.010369539260864258
0.010022640228271484
0.010465145111083984
0.010565519332885742
0.010550498962402344
0.010512113571166992
0.010506868362426758
0.010529279708862305
0.010527849197387695
0.010454654693603516
0.010456562042236328
0.009927511215209961
0.010088443756103516
0.011350393295288086
0.010474205017089844
0.010077476501464844
0.009773015975952148
0.010268688201904297
0.009799003601074219
0.009374380111694336
0.00749659538269043
0.010454893112182617
0.01046442985534668
0.010291576385498047
0.0101318359375
0.010159730911254883
0.010342836380004883
0.009801149368286133
0.00985407829284668
0.010067939758300781
0.009682178497314453
0.010471820831298828
0.00912332534790039
0.010431051254272461
0.0106201171875
0.010434627532958984
0.009586095809936523
0.010487794876098633
0.010255575180053711
0.010005474090576172
0.010215520858764648
0.010497331619262695
0.010522603988647461
0.010279417037963867
0.009826421737670898
0.010572671890258789
0.011183023452758789
0.009939193725585938
0.010497570037841797
0.01047825813293457
0.010436296463012695
0.009617805480957031
0.01049351692199707
0.009290218353271484
0.01053619384765625
0.00962972640991211
0.010484933853149414
0.010506391525268555
0.01048588752746582
0.01009988784790039
0.010432958602905273
0.010335922241210938
0.010367155075073242
0.01026010513305664
0.009740591049194336
0.010355472564697266
0.009785652160644531
0.010510683059692383
0.009344100952148438
0.0099029541015625
0.008827686309814453
0.010448455810546875
0.009770870208740234
0.009951591491699219
0.010480642318725586
0.010191917419433594
0.009952783584594727
0.009514808654785156
0.009550094604492188
0.009614229202270508
0.010477304458618164
0.010526180267333984
0.010459661483764648
0.010489702224731445
0.010492563247680664
0.010490179061889648
0.009976387023925781
0.010342597961425781
0.010545015335083008
0.01048421859741211
0.01006174087524414
0.009369611740112305
0.009760141372680664
0.01046299934387207
0.010322809219360352
0.01048731803894043
0.008908987045288086
0.009116649627685547
0.009820699691772461
0.010500669479370117
0.0092010498046875
0.010489463806152344
0.010572671890258789
0.010099411010742188
0.009469985961914062
0.010243415832519531
0.010114192962646484
0.010541439056396484
0.010521411895751953
0.009793758392333984
0.010208368301391602
0.010191679000854492
0.010310888290405273
0.009505510330200195
0.009592294692993164
0.010049104690551758
0.010100603103637695
0.011350154876708984
0.009366512298583984
0.011096954345703125
0.010449886322021484
0.010479211807250977
0.009323358535766602
0.010350704193115234
0.009679317474365234
0.010488748550415039
0.010493278503417969
0.009572267532348633
0.010538816452026367
0.010538339614868164
0.010219573974609375
0.009930133819580078
0.009531021118164062
0.010496139526367188
0.010783195495605469
0.010039091110229492
0.010087966918945312
0.009707450866699219
0.009718656539916992
0.010236024856567383
0.009093761444091797
0.010407686233520508
0.010189056396484375
0.010472536087036133
0.00995326042175293
0.008975028991699219
0.00940394401550293
0.009768962860107422
0.010574102401733398
0.009861946105957031
0.009247541427612305
0.010240554809570312
0.009909391403198242
0.01049947738647461
0.01052403450012207
0.010064840316772461
0.009804248809814453
0.010091066360473633
0.010357379913330078
0.010341405868530273
0.010520458221435547
0.010565757751464844
0.009536027908325195
0.010101556777954102
0.009528875350952148
0.010373115539550781
0.008408069610595703
0.010384321212768555
0.009706497192382812
0.010325431823730469
0.010339975357055664
0.010382890701293945
0.009878873825073242
0.009905099868774414
0.010469913482666016
0.010163307189941406
0.010405302047729492
0.009727954864501953
0.010144948959350586
0.00981903076171875
0.00983738899230957
0.009066581726074219
0.009759187698364258
0.00532078742980957
0.009163141250610352
0.01049041748046875
0.009769678115844727
0.010479211807250977
0.010452985763549805
0.01026463508605957
0.009661197662353516
0.009909391403198242
0.009919166564941406
0.010129928588867188
0.01012563705444336
0.00991201400756836
0.010185003280639648
0.007321596145629883
0.007110595703125
0.009729385375976562
0.010295867919921875
0.010498523712158203
0.009635448455810547
0.009761571884155273
0.009544134140014648
0.009958267211914062
0.010245323181152344
0.010280847549438477
0.009725093841552734
0.010462522506713867
0.010447502136230469
0.010204792022705078
0.009629964828491211
0.009392023086547852
0.010055303573608398
0.009854793548583984
0.006978034973144531
0.010021448135375977
0.009713888168334961
0.010248184204101562
0.010666608810424805
0.009943962097167969
0.00990152359008789
0.009996175765991211
0.010384798049926758
0.00989532470703125
0.009996652603149414
0.010043144226074219
0.011222362518310547
0.009650945663452148
0.010088443756103516
0.009589433670043945
0.009891033172607422
0.010433435440063477
0.00967097282409668
0.010533809661865234
0.009676218032836914
0.010518074035644531
0.010360956192016602
0.010461568832397461
0.009562015533447266
0.009697675704956055
0.010448694229125977
0.010646343231201172
0.009959697723388672
0.010409116744995117
0.009859323501586914
0.009578943252563477
0.009520769119262695
0.00991058349609375
0.010324478149414062
0.009981155395507812
0.009548187255859375
0.010985136032104492
0.010141849517822266
0.010462284088134766
0.010133504867553711
0.010079383850097656
0.009295940399169922
0.010353803634643555
0.01050114631652832
0.010456085205078125
0.010159969329833984
0.009719610214233398
0.010372161865234375
0.01053619384765625
0.010643482208251953
0.010243654251098633
0.01046133041381836
0.010137081146240234
0.010046005249023438
0.010251998901367188
0.009876251220703125
0.010478019714355469
0.010426521301269531
0.010473966598510742
0.009354352951049805
0.010271787643432617
0.009897232055664062
0.010405540466308594
0.010117530822753906
0.00941610336303711
0.009780645370483398
0.010004520416259766
0.010479211807250977
0.010087728500366211
0.010553836822509766
0.01012277603149414
0.009982824325561523
0.010298728942871094
0.009318113327026367
0.009844779968261719
0.00969243049621582
0.01019597053527832
0.009869813919067383
0.00916290283203125
0.010493993759155273
0.009891510009765625
0.012147188186645508
0.00968170166015625
0.009969711303710938
0.010519742965698242
0.010484695434570312
0.0101165771484375
0.009993553161621094
0.009476423263549805
0.009873151779174805
0.009963274002075195
0.009171009063720703
0.009854793548583984
0.010436296463012695
0.010469913482666016
0.008177757263183594
0.010509490966796875
0.010532379150390625
0.010498762130737305
0.010263442993164062
0.009622573852539062
0.010322809219360352
0.010117292404174805
0.010476112365722656
0.010098695755004883
0.010256290435791016
0.00953984260559082
0.010479211807250977
0.010478496551513672
0.010114908218383789
0.010158300399780273
0.010533571243286133
0.010473251342773438
0.010495424270629883
0.009145975112915039
0.009917497634887695
0.00982666015625
0.010317325592041016
0.009711265563964844
0.009823083877563477
0.010042190551757812
0.00913858413696289
0.00998997688293457
0.010571002960205078
0.00963592529296875
0.010154008865356445
0.010404109954833984
0.009893655776977539
0.010277271270751953
0.009910106658935547
0.00974416732788086
0.010523557662963867
0.009799957275390625
0.009685516357421875
0.009771585464477539
0.009716510772705078
0.009529352188110352
0.010397195816040039
0.009872674942016602
0.00919198989868164
0.010398626327514648
0.010072469711303711
0.010518789291381836
0.010315656661987305
0.009957075119018555
0.009255647659301758
0.00995016098022461
0.009450435638427734
0.010443925857543945
0.010409355163574219
0.009718656539916992
0.010490894317626953
0.010504722595214844
0.010503530502319336
0.00978994369506836
0.01055145263671875
0.010533571243286133
0.010117530822753906
0.00922846794128418
0.009078502655029297
0.010007143020629883
0.010883331298828125
0.010201215744018555
0.0104217529296875
0.010032176971435547
0.009928464889526367
0.009371519088745117
0.010497570037841797
0.010437488555908203
0.010147809982299805
0.009856462478637695
0.010226726531982422
0.010514259338378906
0.009758234024047852
0.009967803955078125
0.00966787338256836
0.010487079620361328
0.011153221130371094
0.01045989990234375
0.010921478271484375
0.010029315948486328
0.01049494743347168
0.008918523788452148
0.00973057746887207
0.009499788284301758
0.010500192642211914
0.010036945343017578
0.010168075561523438
0.009711265563964844
0.010523557662963867
0.009028911590576172
0.010488271713256836
0.010523319244384766
0.010502338409423828
0.010643482208251953
0.009453296661376953
0.009389400482177734
0.009459257125854492
0.00995182991027832
0.010146141052246094
0.010048389434814453
0.010131359100341797
0.009989023208618164
0.01045536994934082
0.00995016098022461
0.009713411331176758
0.009447097778320312
0.009927988052368164
0.009554386138916016
0.010485649108886719
0.011352300643920898
0.010474920272827148
0.010489463806152344
0.01058053970336914
0.010552644729614258
0.010530710220336914
0.010572671890258789
0.009644269943237305
0.010246992111206055
0.009860754013061523
0.009857177734375
0.00990152359008789
0.009555816650390625
0.009764432907104492
0.010085105895996094
0.010005474090576172
0.009955406188964844
0.010113239288330078
0.009216070175170898
0.009326934814453125
0.008992671966552734
0.009244441986083984
0.008010387420654297
0.009912490844726562
0.008099794387817383
0.01259756088256836
0.008922338485717773
0.009603261947631836
0.008337020874023438
0.007497310638427734
0.006106853485107422
0.010535001754760742
0.010245323181152344
0.010179281234741211
0.010960578918457031
0.009163379669189453
0.009286165237426758
0.009337425231933594
0.010074377059936523
0.009894371032714844
0.010181188583374023
0.006047725677490234
0.010579109191894531
0.01034998893737793
0.009434700012207031
0.010495185852050781
0.00982809066772461
0.009793758392333984
0.010334968566894531
0.009182929992675781
0.009701251983642578
0.01039576530456543
0.0105743408203125
0.010488033294677734
0.009691476821899414
0.009956121444702148
0.009620428085327148
0.009027719497680664
0.009858369827270508
0.00777888298034668
0.00721287727355957
0.007828712463378906
0.008634805679321289
0.00747370719909668
0.005261421203613281
0.010204076766967773
0.009909629821777344
0.00828242301940918
0.010486364364624023
0.01044321060180664
0.010487794876098633
0.009416580200195312
0.01030731201171875
0.010269641876220703
0.010548114776611328
0.009831428527832031
0.010013103485107422
0.010026931762695312
0.010091543197631836
0.009892702102661133
0.009477615356445312
0.009990692138671875
0.010478734970092773
0.010406494140625
0.010136604309082031
0.00949716567993164
0.009968042373657227
0.010511636734008789
0.010469436645507812
0.00982809066772461
0.01031637191772461
0.010437250137329102
0.010503053665161133
0.009541034698486328
0.009724617004394531
0.009418010711669922
0.010196924209594727
0.009889602661132812
0.010013341903686523
0.01002359390258789
0.010308027267456055
0.0098114013671875
0.010324716567993164
0.009858846664428711
0.009442806243896484
0.009842872619628906
0.009764432907104492
0.010519266128540039
0.010516881942749023
0.009830474853515625
0.008697271347045898
0.0074498653411865234
0.009879827499389648
0.01001286506652832
0.009990215301513672
0.010517120361328125
0.010315895080566406
0.010409355163574219
0.010210275650024414
0.009978055953979492
0.010559797286987305
0.009458541870117188
0.01007699966430664
0.010464668273925781
0.010523319244384766
0.010085105895996094
0.009881258010864258
0.009955644607543945
0.009714126586914062
0.010515689849853516
0.010384798049926758
0.010519742965698242
0.010344982147216797
0.010411977767944336
0.009554147720336914
0.010316848754882812
0.010525226593017578
0.01053309440612793
0.01056528091430664
0.010464191436767578
0.010439634323120117
0.010497570037841797
0.010451555252075195
0.010499238967895508
0.008706331253051758
0.008820295333862305
0.010547637939453125
0.010531187057495117
0.010197162628173828
0.010375261306762695
0.010024547576904297
0.008591413497924805
0.008620738983154297
0.008574724197387695
0.00857996940612793
0.008597850799560547
0.008573293685913086
0.008591175079345703
0.008608341217041016
0.008574485778808594
0.005285501480102539
0.010321855545043945
0.009504556655883789
0.010125398635864258
0.010265588760375977
0.01039266586303711
0.007353067398071289
0.010415077209472656
0.009852886199951172
0.009467363357543945
0.00931096076965332
0.009372234344482422
0.009263992309570312
0.010371685028076172
0.010422229766845703
0.011037349700927734
0.009984016418457031
0.01031637191772461
0.010182380676269531
0.009633064270019531
0.010350465774536133
0.010451555252075195
0.00985264778137207
0.009943008422851562
0.009520292282104492
0.010387659072875977
0.010474205017089844
0.010367393493652344
0.010335206985473633
0.010305404663085938
0.010359048843383789
0.010304927825927734
0.01031184196472168
0.009792327880859375
0.010281085968017578
0.010297775268554688
0.010357141494750977
0.009699583053588867
0.010242938995361328
0.010406494140625
0.010382652282714844
0.010367631912231445
0.009810924530029297
0.010190486907958984
0.009926319122314453
0.009785652160644531
0.009926080703735352
0.010074377059936523
0.009729385375976562
0.00953054428100586
0.009886980056762695
0.010161638259887695
0.009936094284057617
0.010399580001831055
0.010407209396362305
0.010015249252319336
0.01040959358215332
0.010244369506835938
0.010073423385620117
0.01025843620300293
0.010193824768066406
0.01003408432006836
0.010191917419433594
0.010221242904663086
0.009883642196655273
0.010091066360473633
0.010362386703491211
0.009760141372680664
0.00985574722290039
0.009609699249267578
0.010649919509887695
0.010261774063110352
0.010317087173461914
0.010001897811889648
0.010025739669799805
0.010534286499023438
0.010375499725341797
0.010361194610595703
0.009332418441772461
0.010404348373413086
0.010406970977783203
0.01025533676147461
0.010369062423706055
0.010373592376708984
0.010323762893676758
0.010377883911132812
0.01038813591003418
0.010182857513427734
0.01018667221069336
0.010187149047851562
0.010384082794189453
0.010350942611694336
0.01034235954284668
0.010362386703491211
0.010323047637939453
0.010305166244506836
0.009932994842529297
0.009817361831665039
0.009979963302612305
0.009448528289794922
0.009712696075439453
0.009864091873168945
0.00952601432800293
0.010329008102416992
0.010040521621704102
0.00937652587890625
0.009461402893066406
0.0103607177734375
0.010341644287109375
0.010356426239013672
0.009940862655639648
0.009376764297485352
0.009421825408935547
0.009461402893066406
0.009501457214355469
0.010288476943969727
0.01038217544555664
0.010396480560302734
0.010387182235717773
0.010145425796508789
0.010268926620483398
0.009848594665527344
0.010259389877319336
0.009377002716064453
0.010041475296020508
0.009750604629516602
0.010396957397460938
0.010437965393066406
0.009670734405517578
0.00982356071472168
0.010385274887084961
0.009577274322509766
0.009822845458984375
0.00930929183959961
0.009708881378173828
0.009818077087402344
0.010410308837890625
0.010089874267578125
0.010198593139648438
0.011238574981689453
0.005283832550048828
0.009636402130126953
0.011178255081176758
0.009969234466552734
0.009814262390136719
0.005223274230957031
0.009076356887817383
0.008569955825805664
0.01021575927734375
0.008771657943725586
0.00801539421081543
0.010602951049804688
0.009303092956542969
0.008690834045410156
0.009518146514892578
0.01037454605102539
0.009743928909301758
0.009623527526855469
0.011899471282958984
0.008716106414794922
0.009833812713623047
0.008194684982299805
0.010142803192138672
0.009114980697631836
0.01085352897644043
0.009639263153076172
0.00555872917175293
0.008674860000610352
0.009746313095092773
0.00902867317199707
0.009300708770751953
0.008198261260986328
0.010151386260986328
0.007764101028442383
0.009392976760864258
0.008046150207519531
0.009038448333740234
0.008024215698242188
0.009189128875732422
0.008113384246826172
0.009790182113647461
0.0052280426025390625
0.01083517074584961
0.010498523712158203
0.009153604507446289
0.011445999145507812
0.009047269821166992
0.01052403450012207
0.009500980377197266
0.010758161544799805
0.011065483093261719
0.011109352111816406
0.00996255874633789
0.00969696044921875
0.009490013122558594
0.009276866912841797
0.010614633560180664
0.009856700897216797
0.011105775833129883
0.010169029235839844
0.010884523391723633
0.010130882263183594
0.008831024169921875
0.009635210037231445
0.01045083999633789
