0 1.0173487663269043 9.536195566563467 0.2
2 3.02053165435791 9.406197048977061 0.2
4 5.024247884750366 9.17910283240569 0.2
6 7.028977394104004 9.755244345679012 0.2
8 9.032243013381958 10.066189140383425 0.2
9 11.03601336479187 9.533060197044335 0.2
11 13.040138959884644 9.888931287128713 0.2
13 15.043662786483765 9.648406138613861 0.2
15 17.047366619110107 9.673995616438356 0.2
16 19.051273107528687 10.149010421836229 0.2
18 21.0549476146698 9.61669356055995 0.2
20 23.058436632156372 9.948090805452292 0.2
22 25.062509775161743 10.157634990654206 0.2
23 27.06628179550171 9.530568296296297 0.2
25 29.069874048233032 8.285535762081784 0.2
27 31.073625564575195 8.881398507462688 0.2
29 33.078027963638306 10.117897310513447 0.2
31 35.0809371471405 8.77264594795539 0.2
32 37.085224628448486 9.936276041794715 0.2
34 39.088958501815796 10.113804582043343 0.2
36 41.094159841537476 9.940929689440994 0.2
38 43.09951090812683 9.819322947368422 0.2
39 45.10276198387146 8.86656472906404 0.2
41 47.10657334327698 10.111797187305537 0.2
43 49.10996150970459 9.967613291848163 0.2
45 51.114219427108765 9.514825411764706 0.2
46 53.11743426322937 9.863886489821098 0.2
48 55.12108135223389 9.799628780185758 0.2
50 57.125401735305786 9.508465120892746 0.2
52 59.12935757637024 9.76584409623689 0.2
53 61.133108139038086 8.566013898096992 0.2
55 63.13736581802368 9.763176205630355 0.2
57 65.14084815979004 9.940044879256966 0.3
58 67.14466881752014 0.16356082551594747 0.3
59 69.14839243888855 9.6896375 0.3
60 71.15254211425781 9.913257412935323 0.3
62 73.15678429603577 9.666571605703659 0.3
64 75.16172862052917 9.868931386138614 0.3
66 77.16494917869568 9.590416308266004 0.3
67 79.1691243648529 10.027904830142063 0.3
69 81.17313241958618 10.084628839506173 0.3
71 83.17685723304749 9.72735423244251 0.3
73 85.18089652061462 8.78521316953317 0.3
74 87.18432545661926 10.052658549287043 0.3
76 89.1882700920105 8.833738771498771 0.3
78 91.19198060035706 9.89471299198026 0.3
80 93.19702553749084 7.773612047293092 0.3
81 95.19943976402283 9.37656393603936 0.3
83 97.20314240455627 9.071094655920644 0.3
85 99.20678091049194 10.085668186915887 0.3
87 101.21077752113342 9.647328498442368 0.3
88 103.21432280540466 9.74282380536494 0.3
90 105.21816229820251 9.717694876847291 0.3
92 107.22248578071594 9.636148962088253 0.3
94 109.22636103630066 9.94218508054523 0.3
95 111.23047852516174 9.89138253101737 0.3
97 113.23442721366882 10.204322184978274 0.3
99 115.24005460739136 9.921222963422196 0.3
101 117.24266600608826 8.840770458488228 0.3
102 119.24562168121338 9.990119604938272 0.3
104 121.25018501281738 9.915877577255872 0.3
106 123.2539427280426 10.148967218788627 0.3
108 125.25817704200745 9.771423583384998 0.3
109 127.26090884208679 9.077999156850588 0.3
111 129.2667429447174 10.104531846344486 0.3
113 131.26894617080688 10.088318913580247 0.3
115 133.27288460731506 9.155549099937927 0.3
116 135.2761950492859 9.898286814814815 0.3
118 137.27987909317017 9.532587858472997 0.3
120 139.2842676639557 9.346417213930348 0.3
121 141.28813099861145 9.842862708074534 0.3
123 143.29339385032654 8.91600794044665 0.3
125 145.29687690734863 9.882753011152417 0.3
127 147.30049324035645 10.073480720049659 0.3
128 149.3056309223175 9.422664619195046 0.3
130 151.30901503562927 10.131416505576208 0.3
132 153.31347799301147 9.753382467451953 0.3
134 155.3153486251831 9.445804516531503 0.3
135 157.32024025917053 8.65416551724138 0.3
137 159.32401657104492 8.762147597282272 0.3
139 161.3282482624054 9.870128268156424 0.3
141 163.33062362670898 9.876497899316346 0.3
142 165.335595369339 8.893498732919253 0.3
144 167.33813405036926 9.889784913151365 0.3
146 169.3416736125946 9.957845650557621 0.3
147 171.34539794921875 8.767738199875854 0.3
149 173.3497953414917 9.56762198019802 0.3
151 175.3532190322876 9.845640222359481 0.3
153 177.3577380180359 8.898478819188192 0.3
154 179.36180424690247 9.800902744128553 0.3
156 181.36623668670654 9.088565267080744 0.3
158 183.36994099617004 9.533633725976442 0.3
160 185.3734645843506 10.009093712168005 0.3
161 187.37741041183472 9.38706308359133 0.3
163 189.3814570903778 10.082466724673711 0.3
165 191.38589763641357 9.825723654320988 0.3
167 193.3887233734131 9.09483192069393 0.3
168 195.39290833473206 10.062236131432115 0.3
170 197.39835143089294 9.66872382371198 0.3
172 199.4011206626892 8.834638813349814 0.3
174 201.40524005889893 9.704054156886967 0.3
175 203.40921449661255 10.071098253869968 0.3
177 205.41229057312012 8.80042 0.3
179 207.4155261516571 10.022566674968866 0.3
180 209.41988825798035 10.195670062111802 0.3
182 211.42665195465088 8.717958288902667 0.3
184 213.4289836883545 9.934879801242236 0.3
186 215.43304991722107 10.086875927995035 0.3
187 217.4357306957245 8.966338767890479 0.3
189 219.44028234481812 10.06753545510836 0.3
191 221.443119764328 9.723556368128476 0.3
193 223.44854855537415 8.902179863777091 0.3
194 225.4519648551941 9.855274885164494 0.3
196 227.4547984600067 9.141260519159458 0.3
198 229.4591464996338 9.893376476426798 0.3
200 231.46309995651245 10.018469616810878 0.3
201 233.4671220779419 9.38582760842627 0.3
203 235.47032594680786 8.84659306930693 0.3
205 237.4740436077118 10.044382172563624 0.3
206 239.47789192199707 9.550753752333542 0.3
208 241.48229217529297 9.002859441340782 0.3
210 243.4858374595642 9.84227638166047 0.3
212 245.49123239517212 9.74161843866171 0.3
213 247.49286031723022 8.741695723114956 0.3
215 249.49551105499268 9.793701960784313 0.3
217 251.5016152858734 9.827689765721331 0.3
219 253.503910779953 9.540311901234567 0.3
220 255.50800585746765 9.339237611940298 0.3
222 257.5111138820648 10.011776159105034 0.3
224 259.51405215263367 9.777034180024662 0.3
225 261.5196943283081 8.95023762523191 0.3
227 263.5222578048706 9.797293728395061 0.3
229 265.52564573287964 9.656136435643564 0.3
231 267.5296082496643 9.467552752009894 0.3
232 269.5337257385254 9.026778307597283 0.3
234 271.5389382839203 8.23701274509804 0.3
236 273.54137539863586 7.495813104294478 0.3
237 275.5447919368744 7.067272331478046 0.3
239 277.54917907714844 8.972678207489256 0.3
241 279.5553994178772 9.45750972067039 0.3
243 281.557434797287 9.749759101684342 0.3
244 283.56114053726196 9.790729863013699 0.3
246 285.5664858818054 8.66470407960199 0.3
248 287.5694179534912 8.884904937655861 0.3
249 289.5733473300934 9.502175302180685 0.3
251 291.5781261920929 8.666734427860696 0.3
253 293.58107447624207 8.275290343535291 0.3
254 295.58499693870544 8.640035034310667 0.3
256 297.5879764556885 9.709134563591022 0.3
258 299.59314727783203 9.320163502188867 0.3
259 301.5961253643036 8.898958357187306 0.3
261 303.60047721862793 8.161445785536161 0.3
263 305.6041235923767 9.732291553337493 0.3
264 307.6066038608551 9.653625639751553 0.3
266 309.6109597682953 8.72233601996257 0.3
268 311.6144230365753 8.641973765586036 0.3
269 313.61824655532837 8.92627843186061 0.3
271 315.6229646205902 9.939426824114356 0.3
273 317.6263566017151 8.692265102932001 0.3
274 319.63090348243713 8.505358251093066 0.3
276 321.63438963890076 11.274231547545059 0.3
278 323.6395947933197 8.831066150966937 0.3
279 325.6420142650604 9.686192518703242 0.3
281 327.6458764076233 9.477809146417446 0.3
283 329.6495461463928 8.937507673112913 0.3
284 331.6553852558136 9.094365143570538 0.3
286 333.6575164794922 9.835461299999999 0.3
288 335.6601371765137 8.550176918278227 0.3
289 337.6639678478241 8.73762298563398 0.3
291 339.6686964035034 9.85003185046729 0.3
293 341.6721897125244 8.281073702551337 0.3
294 343.6766359806061 9.466426533665835 0.3
296 345.67862010002136 8.617238031152647 0.3
298 347.68214082717896 10.193611877729257 0.3
299 349.68775057792664 9.389977298636927 0.3
300 351.69064831733704 0.1670130168644597 0.3
300 353.6940953731537 0.16804836976889442 0.3
300 355.6976110935211 0.1660818988132417 0.3
300 357.7013690471649 0.16721697877652933 0.3
300 359.70509123802185 0.1749634521575985 0.3
300 361.70875883102417 0.16666649968691297 0.3
300 363.7130539417267 0.16778092615769713 0.3
300 365.7165560722351 0.16814218886804252 0.3
300 367.7204258441925 0.166369662077597 0.3
300 369.7239809036255 0.1675452684144819 0.3
300 371.7279896736145 0.16874213616489694 0.3
300 373.7315819263458 0.166377 0.3
300 375.73548221588135 0.1665708728179551 0.3
300 377.73947381973267 0.1689097 0.3
300 379.74326753616333 0.1651038 0.3
300 381.7483558654785 0.16461029283489095 0.3
300 383.75225853919983 0.1650376514678326 0.3
300 385.7558104991913 0.16733973799126636 0.3
300 387.7593812942505 0.16641856519026826 0.3
300 389.7631986141205 0.1660961797752809 0.3
300 391.7668442726135 0.16936124610591902 0.3
300 393.7708876132965 0.16986163647720176 0.3
300 395.77459049224854 0.16657631019387115 0.3
300 397.7786614894867 0.1658817196261682 0.3
300 399.78225564956665 0.17328779026217228 0.3
300 401.785870552063 0.16541911305434104 0.3
300 403.79011368751526 0.1673158 0.3
300 405.7939348220825 0.16407814884302688 0.3
300 407.7977056503296 0.16440019975031211 0.3
300 409.8011975288391 0.1680684572142411 0.3
300 411.80491304397583 0.16649205753595997 0.3
300 413.8101968765259 0.1660103 0.3
300 415.8140296936035 0.16908724094881397 0.3
300 417.8177831172943 0.166332 0.3
300 419.8217785358429 0.16823655215490319 0.3
300 421.8256070613861 0.1674143339587242 0.3
300 423.8293550014496 0.16940806007509387 0.3
300 425.83355498313904 0.16506369999999998 0.3
300 427.8376257419586 0.167941 0.3
300 429.8415288925171 0.16655140000000002 0.3
300 431.8450484275818 0.16519480649188514 0.3
300 433.8492386341095 0.16762004987531173 0.3
300 435.85259318351746 0.16732717948717948 0.3
300 437.85667991638184 0.16731205992509363 0.3
300 439.8601107597351 0.1659187008119925 0.3
300 441.8642854690552 0.16463028785982478 0.3
300 443.8679909706116 0.16363907442151346 0.3
300 445.87139320373535 0.16893175296319402 0.3
300 447.8758144378662 0.1687074 0.3
300 449.8797981739044 0.16639581047381546 0.3
300 451.88383054733276 0.1661923595505618 0.3
300 453.8874180316925 0.16935066749844044 0.3
300 455.89119386672974 0.16358675827607747 0.3
300 457.89512372016907 0.1640037 0.3
300 459.8992109298706 0.1757912609238452 0.3
300 461.9028980731964 0.1674421945137157 0.3
300 463.90749955177307 0.1657283790523691 0.3
300 465.91128516197205 0.1680744534665834 0.3
300 467.9148790836334 0.1653692 0.3
300 469.9182186126709 0.1636641802252816 0.3
300 471.92190432548523 0.16441195747342088 0.3
300 473.92565274238586 0.16864699562773267 0.3
300 475.92937684059143 0.166027066916823 0.3
300 477.93279910087585 0.1667167 0.3
300 479.93685269355774 0.16680384759525296 0.3
300 481.94041657447815 0.1665857356608479 0.3
300 483.9451458454132 0.1651256964397252 0.3
300 485.94885301589966 0.16498558400999375 0.3
300 487.9526472091675 0.166348303068253 0.3
300 489.9561514854431 0.171721351689612 0.3
300 491.9598140716553 0.16651606475716066 0.3
300 493.9639301300049 0.16619146966854284 0.3
300 495.967565536499 0.1661398625858838 0.3
300 497.9712028503418 0.16601683947532792 0.3
300 499.9747040271759 0.1632621 0.3
300 501.97894191741943 0.1726951033187226 0.3
300 503.9825954437256 0.11160974391005622 0.3
300 505.9865188598633 0.16440329588014982 0.3
300 507.99021458625793 0.1373888 0.3
300 509.9938712120056 0.16292022514071294 0.3
300 511.99744272232056 0.2228359 0.3
300 514.001079082489 0.17282257178526841 0.3
300 516.0053238868713 0.167577763897564 0.3
300 518.0091347694397 0.1646418 0.3
300 520.0134263038635 0.1887799501246883 0.3
300 522.0171883106232 0.10023744840525328 0.3
300 524.0209884643555 0.1382732 0.3
300 526.0249030590057 0.13839290886392008 0.3
300 528.0285444259644 0.1376481300813008 0.3
300 530.0319881439209 0.1441944215134459 0.3
300 532.0358273983002 0.16840585365853658 0.3
300 534.0393719673157 0.1723462 0.3
300 536.0428040027618 0.16610078700811992 0.3
300 538.0461382865906 0.1742311055590256 0.3
300 540.050085067749 0.16646930000000001 0.3
300 542.0537950992584 0.1654969288389513 0.3
300 544.0576162338257 0.1728081 0.3
300 546.0610048770905 0.16380512179887569 0.3
300 548.0646653175354 0.1643412734082397 0.3
300 550.0681147575378 0.16309916302311056 0.3
300 552.0715265274048 0.16339174048658764 0.3
300 554.0764305591583 0.16558278924327705 0.3
300 556.0799915790558 0.1634816 0.3
300 558.0835661888123 0.10175840099937539 0.3
300 560.0875754356384 0.16399520299812617 0.3
300 562.0911960601807 0.16309953721075673 0.3
300 564.0951416492462 0.1646669 0.3
300 566.0989089012146 0.16528989381636477 0.3
300 568.102499961853 0.17103840199750314 0.3
300 570.106249332428 0.16558378986866792 0.3
300 572.1094584465027 0.1681604 0.3
300 574.1133186817169 0.16419058088694566 0.3
300 576.1165175437927 0.1653551 0.3
300 578.1206028461456 0.13779066167290888 0.3
300 580.1241025924683 0.16798183406113537 0.3
300 582.1282095909119 0.1662168566061365 0.3
300 584.1321465969086 0.16299069245165315 0.3
300 586.135969877243 0.1624028963795256 0.3
300 588.1406331062317 0.1667066749533872 0.3
300 590.1440951824188 0.1665602001250782 0.3
300 592.1473574638367 0.13576194878201125 0.3
300 594.1505374908447 0.16358792736380715 0.3
300 596.1541860103607 0.1373322347066167 0.3
300 598.157532453537 0.16929067997504677 0.3
300 600.1608583927155 0.13891188007495314 0.3
300 602.1646029949188 0.10016548970679974 0.3
300 604.1679863929749 0.16597837296620777 0.3
300 606.1714925765991 0.16276435544430537 0.3
300 608.1749949455261 0.16314560199625702 0.3
300 610.178530216217 0.16607950000000002 0.3
300 612.182207107544 0.1545492933083177 0.3
300 614.1862666606903 0.15810227215980024 0.3
300 616.1900105476379 0.14103454659161976 0.3
300 618.1939640045166 0.13989463414634146 0.3
300 620.1973869800568 0.14110861423220974 0.3
300 622.2023026943207 0.15518188868042526 0.3
300 624.2058181762695 0.1436664 0.3
300 626.2099676132202 0.14053749999999998 0.3
300 628.2137513160706 0.13973039448966812 0.3
300 630.217779636383 0.140237 0.3
300 632.221527338028 0.142709519650655 0.3
300 634.2254312038422 0.14350210000000002 0.3
300 636.2289967536926 0.14343155527795126 0.3
300 638.232631444931 0.1400836 0.3
300 640.2363932132721 0.14302590880699562 0.3
300 642.240195274353 0.1557728419737664 0.3
300 644.2440445423126 0.15912154709918902 0.3
300 646.2478582859039 0.1413221 0.3
300 648.2515330314636 0.14302372034956304 0.3
300 650.2555084228516 0.1395635727670206 0.3
300 652.259908914566 0.1440325389893949 0.3
300 654.2635269165039 0.14182318407960198 0.3
300 656.2686417102814 0.14144907165109033 0.3
300 658.2726445198059 0.16309559575795385 0.3
300 660.2765188217163 0.14739060436137072 0.3
300 662.2799525260925 0.15683389408099688 0.3
300 664.2836804389954 0.16443553894080998 0.3
300 666.2879548072815 0.1439521793275218 0.3
300 668.2916650772095 0.16670862842892767 0.3
300 670.2956349849701 0.1670020237351655 0.3
300 672.2991364002228 0.1655387617260788 0.3
300 674.3035082817078 0.16577539038101186 0.3
300 676.3076665401459 0.1681257855361596 0.3
300 678.3115658760071 0.12134821782178216 0.3
300 680.3158004283905 0.1752398505603985 0.3
300 682.3194932937622 0.16933323345817727 0.3
300 684.3236105442047 0.16661637717121588 0.3
