0.00995492935180664
0.009422779083251953
0.00969386100769043
0.005223751068115234
0.011280059814453125
0.00977325439453125
0.010756969451904297
0.009919404983520508
0.009420394897460938
0.010105133056640625
0.010706186294555664
0.009104013442993164
0.00953054428100586
0.010781049728393555
0.010134458541870117
0.011145591735839844
0.009323596954345703
0.011850595474243164
0.009531021118164062
0.01009058952331543
0.01012277603149414
0.00974583625793457
0.010142087936401367
0.01071310043334961
0.009069204330444336
0.009497642517089844
0.010377883911132812
0.010010004043579102
0.009536504745483398
0.010050296783447266
0.01102304458618164
0.00937795639038086
0.009639739990234375
0.009669303894042969
0.01009988784790039
0.010089635848999023
0.01033163070678711
0.010127544403076172
0.011175155639648438
0.010112524032592773
0.01012110710144043
0.009636640548706055
0.01007533073425293
0.010387897491455078
0.009894132614135742
0.009024381637573242
0.009536266326904297
0.010169267654418945
0.006925106048583984
0.00715947151184082
0.0052111148834228516
0.010262727737426758
0.010688304901123047
0.00895380973815918
0.010282516479492188
0.009904623031616211
0.009318113327026367
0.008235692977905273
0.010107994079589844
0.009734153747558594
0.010092973709106445
0.010150671005249023
0.011297464370727539
0.009683370590209961
0.009264230728149414
0.010128021240234375
0.013240337371826172
0.010120868682861328
0.01038503646850586
0.009171009063720703
0.010120391845703125
0.009518146514892578
0.009343147277832031
0.010125398635864258
0.009945869445800781
0.010115861892700195
0.009231328964233398
0.010224103927612305
0.010110855102539062
0.009989023208618164
0.010098934173583984
0.009203433990478516
0.011950254440307617
0.009104490280151367
0.00901031494140625
0.011573076248168945
0.008337974548339844
0.009351491928100586
0.011593341827392578
0.009340763092041016
0.008537530899047852
0.010134696960449219
0.009640216827392578
0.010146617889404297
0.010886907577514648
0.00810861587524414
0.008149147033691406
0.00816798210144043
0.008182525634765625
0.00821542739868164
0.005287885665893555
0.010311365127563477
0.01032710075378418
0.009614944458007812
0.01037907600402832
0.009525060653686523
0.010339498519897461
0.010176897048950195
0.00904083251953125
0.009438514709472656
0.01068568229675293
0.010371685028076172
0.010221004486083984
0.010354757308959961
0.009929656982421875
0.008010625839233398
0.009638071060180664
0.010310173034667969
0.01036524772644043
0.010330438613891602
0.009880304336547852
0.009558439254760742
0.009458541870117188
0.009842634201049805
0.009246826171875
0.010350704193115234
0.009751558303833008
0.010040998458862305
0.009834051132202148
0.009645938873291016
0.010272026062011719
0.010339975357055664
0.009377002716064453
0.00932455062866211
0.010351419448852539
0.010473251342773438
0.00922083854675293
0.010323524475097656
0.009263277053833008
0.009688854217529297
0.009569883346557617
0.010113716125488281
0.010319709777832031
0.009379863739013672
0.010008573532104492
0.009582996368408203
0.010294437408447266
0.009532451629638672
0.008915901184082031
0.009963750839233398
0.009624719619750977
0.0085906982421875
0.009984254837036133
0.010339736938476562
0.009685039520263672
0.010353803634643555
0.010362386703491211
0.009907722473144531
0.010898351669311523
0.010361671447753906
0.009423255920410156
0.009062528610229492
0.010381221771240234
0.009778022766113281
0.00996851921081543
0.009476184844970703
0.010330915451049805
0.010076761245727539
0.010378122329711914
0.009729385375976562
0.010343551635742188
0.009317636489868164
0.009788036346435547
0.009160280227661133
0.009368896484375
0.009952545166015625
0.009625911712646484
0.009424209594726562
0.00966334342956543
0.010339021682739258
0.005547523498535156
0.007975101470947266
0.010111093521118164
0.010121583938598633
0.010078907012939453
0.010341882705688477
0.009512662887573242
0.008799314498901367
0.008529186248779297
0.010080337524414062
0.00993490219116211
0.009115934371948242
0.010111570358276367
0.008713006973266602
0.011276006698608398
0.009019613265991211
0.010098934173583984
0.00873422622680664
0.009586334228515625
0.009341001510620117
0.008813858032226562
0.010119438171386719
0.010120153427124023
0.010136127471923828
0.01148843765258789
0.010106086730957031
0.011892557144165039
0.010065555572509766
0.010076284408569336
0.01012277603149414
0.011430501937866211
0.008722543716430664
0.00858449935913086
0.00852823257446289
0.010131120681762695
0.008942127227783203
0.010116815567016602
0.009679555892944336
0.008547782897949219
0.010095834732055664
0.00793004035949707
0.010102510452270508
0.008586406707763672
0.010273456573486328
0.00926518440246582
0.00785517692565918
0.010097503662109375
0.010104179382324219
0.011449813842773438
0.010072469711303711
0.008066415786743164
0.009491443634033203
0.00875091552734375
0.011388540267944336
0.00791168212890625
0.010646581649780273
0.008375883102416992
0.01038050651550293
0.010110139846801758
0.009386777877807617
0.010119199752807617
0.011882781982421875
0.009880304336547852
0.010100603103637695
0.01045083999633789
0.010101318359375
0.010184049606323242
0.008667707443237305
0.009922266006469727
0.010112762451171875
0.010082244873046875
0.010102510452270508
0.010144710540771484
0.011477231979370117
0.009093999862670898
0.010121822357177734
0.010515928268432617
0.01013636589050293
0.010113000869750977
0.009806156158447266
0.01011037826538086
0.010097265243530273
0.01072239875793457
0.009462833404541016
0.010106801986694336
0.010346651077270508
0.01010584831237793
0.009311676025390625
0.010103464126586914
0.009646177291870117
0.01034092903137207
0.010609865188598633
0.009758710861206055
0.009657859802246094
0.010123014450073242
0.01009368896484375
0.009943246841430664
0.010096549987792969
0.009393930435180664
0.008733749389648438
0.010682344436645508
0.009536027908325195
0.010121822357177734
0.010087966918945312
0.008609294891357422
0.009776115417480469
0.009313106536865234
0.008759737014770508
0.008547782897949219
0.010142803192138672
0.008968591690063477
0.010087966918945312
0.009407997131347656
0.008702993392944336
0.0106658935546875
0.007677555084228516
0.008797168731689453
0.010149002075195312
0.010101079940795898
0.010145187377929688
0.010242938995361328
0.009703397750854492
0.010166406631469727
0.01011800765991211
0.008376836776733398
0.010305643081665039
0.010127782821655273
0.010668516159057617
0.010105133056640625
0.010099649429321289
0.009104490280151367
0.010104894638061523
0.010311126708984375
0.008551597595214844
0.007958412170410156
0.009246110916137695
0.009651422500610352
0.010123729705810547
0.009020566940307617
0.008255720138549805
0.00867319107055664
0.010184288024902344
0.008104562759399414
0.008712291717529297
0.01120138168334961
0.009063959121704102
0.009278535842895508
0.008817434310913086
0.011174201965332031
0.009459257125854492
0.007970094680786133
0.009267568588256836
0.00924229621887207
0.008912086486816406
0.005215883255004883
0.010545969009399414
0.008724212646484375
0.008719205856323242
0.009724140167236328
0.010121345520019531
0.00992441177368164
0.010747671127319336
0.010112524032592773
0.010301828384399414
0.010102033615112305
0.0101318359375
0.010909557342529297
0.009193181991577148
0.010104179382324219
0.009578227996826172
0.010120868682861328
0.00794672966003418
0.005230426788330078
0.008630514144897461
0.010136127471923828
0.010107994079589844
0.007939815521240234
0.009353160858154297
0.010094881057739258
0.010102272033691406
0.010125398635864258
0.010114908218383789
0.009194612503051758
0.008974790573120117
0.011871337890625
0.010088443756103516
0.010105133056640625
0.00873875617980957
0.009180307388305664
0.008771419525146484
0.009258747100830078
0.009498357772827148
0.010133028030395508
0.009781837463378906
0.009861946105957031
0.010146141052246094
0.010124444961547852
0.009424209594726562
0.009848356246948242
0.01071929931640625
0.009131431579589844
0.00860905647277832
0.010114431381225586
0.008669376373291016
0.011213064193725586
0.009741067886352539
0.009748697280883789
0.010646343231201172
0.010634422302246094
0.008677244186401367
0.010114192962646484
0.008137941360473633
0.009298563003540039
0.010098695755004883
0.009373903274536133
0.010839223861694336
0.010543107986450195
0.010337591171264648
0.008303403854370117
0.009842157363891602
0.010111808776855469
0.011089801788330078
0.009828329086303711
0.01055765151977539
0.009673118591308594
0.007943153381347656
0.009900331497192383
0.01009058952331543
0.010750055313110352
0.010412216186523438
0.010133981704711914
0.008681297302246094
0.00984334945678711
0.008896589279174805
0.010109663009643555
0.010369300842285156
0.00875544548034668
0.010122537612915039
0.010111570358276367
0.010115623474121094
0.009160280227661133
0.009325742721557617
0.009760618209838867
0.011790752410888672
0.009646892547607422
0.00795435905456543
0.009271621704101562
0.010109424591064453
0.009536027908325195
0.010357379913330078
0.00795602798461914
0.01001429557800293
0.009366035461425781
0.005219221115112305
0.009840011596679688
0.00796651840209961
0.00794363021850586
0.007959127426147461
0.00795745849609375
0.00928497314453125
0.010128498077392578
0.009430170059204102
0.009709358215332031
0.009540081024169922
0.010110855102539062
0.00884866714477539
0.010001897811889648
0.010143041610717773
0.009262323379516602
0.010126113891601562
0.008782386779785156
0.00531768798828125
0.009206771850585938
0.007973909378051758
0.00923013687133789
0.010068655014038086
0.010165214538574219
0.01010441780090332
0.007959842681884766
0.010094404220581055
0.008925914764404297
0.010106563568115234
0.009697198867797852
0.010084152221679688
0.011949777603149414
0.010032415390014648
0.008562564849853516
0.009439468383789062
0.010109186172485352
0.010087728500366211
0.010106563568115234
0.01034235954284668
0.010169744491577148
0.01010751724243164
0.010115385055541992
0.010087728500366211
0.010100841522216797
0.010096549987792969
0.008171319961547852
0.007954835891723633
0.009948968887329102
0.009819507598876953
0.010147333145141602
0.010098934173583984
0.010662317276000977
0.009977340698242188
0.010221004486083984
0.009152412414550781
0.010082244873046875
0.008989810943603516
0.010428667068481445
0.010133981704711914
0.010132789611816406
0.01012110710144043
0.009323835372924805
0.010731220245361328
0.005183696746826172
0.009985208511352539
0.010131120681762695
0.009711027145385742
0.009842872619628906
0.011272430419921875
0.010015726089477539
0.00991964340209961
0.010229349136352539
0.011772632598876953
0.010115385055541992
0.009297609329223633
0.010964393615722656
0.010076045989990234
0.00977325439453125
0.008531332015991211
0.007986307144165039
0.009294509887695312
0.010542154312133789
0.010109424591064453
0.009955644607543945
0.010099172592163086
0.009076595306396484
0.007956981658935547
0.009805440902709961
0.010117769241333008
0.007955551147460938
0.010070562362670898
0.011861801147460938
0.010093212127685547
0.010113239288330078
0.010226249694824219
0.010974407196044922
0.010128498077392578
0.009662151336669922
0.010083198547363281
0.005329132080078125
0.010125160217285156
0.010046243667602539
0.010137557983398438
0.010092496871948242
0.009552955627441406
0.010117292404174805
0.009691953659057617
0.009964227676391602
0.005202770233154297
0.005173921585083008
0.00900888442993164
0.011016845703125
0.009161233901977539
0.010149955749511719
0.009456634521484375
0.010128259658813477
0.010092735290527344
0.00961756706237793
0.010136604309082031
0.010118484497070312
0.010131120681762695
0.010092020034790039
0.009454488754272461
0.010369539260864258
0.010121822357177734
0.010103940963745117
0.010113954544067383
0.010087728500366211
0.009769201278686523
0.009798765182495117
0.011747360229492188
0.010099649429321289
0.010114431381225586
0.008493661880493164
0.010997533798217773
0.005209922790527344
0.007968425750732422
0.010161161422729492
0.00854349136352539
0.010221242904663086
0.008971929550170898
0.010149478912353516
0.010121345520019531
0.009860038757324219
0.009643316268920898
0.009346961975097656
0.009218692779541016
0.01043701171875
0.010127067565917969
0.009561538696289062
0.010148286819458008
0.010158777236938477
0.00901341438293457
0.009430408477783203
0.010102033615112305
0.01000213623046875
0.010113000869750977
0.010114431381225586
0.010128498077392578
0.009745121002197266
0.011959314346313477
0.011917591094970703
0.010116100311279297
0.010043144226074219
0.010142326354980469
0.011332035064697266
0.008745908737182617
0.010120630264282227
0.00924372673034668
0.010098695755004883
0.010091543197631836
0.009876012802124023
0.01098322868347168
0.009665727615356445
0.008428573608398438
0.008837223052978516
0.009807825088500977
0.008740425109863281
0.01013946533203125
0.009739160537719727
0.010724306106567383
0.010112285614013672
0.010094165802001953
0.009387016296386719
0.01008915901184082
0.010130643844604492
0.009744882583618164
0.010110616683959961
0.009099960327148438
0.009850740432739258
0.009750604629516602
0.00861811637878418
0.009804725646972656
0.010052204132080078
0.011077880859375
0.010010004043579102
0.010095834732055664
0.007966756820678711
0.010119915008544922
0.008821487426757812
0.010062456130981445
0.010116100311279297
0.009370803833007812
0.010153055191040039
0.01004171371459961
0.010996103286743164
0.011750459671020508
0.009052276611328125
0.007944822311401367
0.009076356887817383
0.010143756866455078
0.010152816772460938
0.00928950309753418
0.009364604949951172
0.010099172592163086
0.00934910774230957
0.00961160659790039
0.011102437973022461
0.01016998291015625
0.01193380355834961
0.012207984924316406
0.01068878173828125
0.009556770324707031
0.009498119354248047
0.010115861892700195
0.010118246078491211
0.010094881057739258
0.011332511901855469
0.0083160400390625
0.008728504180908203
0.00884103775024414
0.010090112686157227
0.008905410766601562
0.009619951248168945
0.009615182876586914
0.010107040405273438
0.009874343872070312
0.008408308029174805
0.010107994079589844
0.010122537612915039
0.009798049926757812
0.009496927261352539
0.01011204719543457
0.011090517044067383
0.01122426986694336
0.009673357009887695
0.01009511947631836
0.009370088577270508
0.01013803482055664
0.008888959884643555
0.010135889053344727
0.009172916412353516
0.010125398635864258
0.010071992874145508
0.01169443130493164
0.010099411010742188
0.009450674057006836
0.010146141052246094
0.009814977645874023
0.009405374526977539
0.010970115661621094
0.010100603103637695
0.01011037826538086
0.010095357894897461
0.009246826171875
0.011070966720581055
0.01008296012878418
0.01276850700378418
0.010491609573364258
0.009593009948730469
0.010400056838989258
0.01079702377319336
0.010020971298217773
0.009473323822021484
0.009421825408935547
0.010136604309082031
0.010083198547363281
0.009174346923828125
0.010135650634765625
0.009026527404785156
0.009618997573852539
0.010677099227905273
0.009762763977050781
0.009973764419555664
0.01002359390258789
0.009783744812011719
0.009800434112548828
0.009435176849365234
0.009592294692993164
0.009959220886230469
0.009036779403686523
0.010277032852172852
0.009391307830810547
0.008437156677246094
0.00978398323059082
0.010304689407348633
0.009740829467773438
0.010128974914550781
0.010104179382324219
0.01134634017944336
0.010106325149536133
0.010150432586669922
0.011260271072387695
0.009905815124511719
0.008470535278320312
0.010134696960449219
0.010114431381225586
0.00906515121459961
0.009758949279785156
0.009345054626464844
0.010423898696899414
0.010114431381225586
0.010085344314575195
0.010127782821655273
0.009967565536499023
0.010665416717529297
0.009891986846923828
0.008512735366821289
0.01010584831237793
0.010113716125488281
0.009804487228393555
0.010125875473022461
0.010118246078491211
0.008772850036621094
0.008791923522949219
0.010110616683959961
0.009445667266845703
0.01011347770690918
0.010143280029296875
0.010165929794311523
0.010119438171386719
0.010129928588867188
0.011563301086425781
0.010078907012939453
0.009104013442993164
0.009430170059204102
0.010035991668701172
0.010080337524414062
0.010073184967041016
0.010495424270629883
0.01002359390258789
0.008993148803710938
0.009867668151855469
0.010044336318969727
0.009436368942260742
0.010059356689453125
0.009831666946411133
0.010065078735351562
0.00926065444946289
0.010281801223754883
0.010039567947387695
0.01009368896484375
0.009571313858032227
0.010119915008544922
0.009375572204589844
0.010103940963745117
0.00964045524597168
0.010103702545166016
0.009737014770507812
0.0079345703125
0.00966501235961914
0.009587764739990234
0.010118722915649414
0.009374141693115234
0.009295940399169922
0.011005401611328125
0.009613990783691406
0.009537935256958008
0.009999275207519531
0.00951242446899414
0.008719682693481445
0.010207176208496094
0.008787870407104492
0.010132789611816406
0.009102582931518555
0.009210348129272461
0.009112834930419922
0.009981632232666016
0.010179281234741211
0.009057760238647461
0.009554386138916016
0.010113239288330078
0.009449958801269531
0.0099639892578125
0.008839845657348633
0.010082721710205078
0.010057926177978516
0.008932113647460938
0.009135961532592773
0.010044574737548828
0.010088920593261719
0.010139703750610352
0.010062217712402344
0.008654356002807617
0.009867191314697266
0.010067462921142578
0.008301496505737305
0.008415460586547852
0.008363962173461914
0.009473562240600586
0.009400129318237305
0.009315729141235352
0.010308504104614258
0.009691715240478516
0.010344982147216797
0.009760618209838867
0.010327339172363281
0.01031184196472168
0.010330438613891602
0.009897947311401367
0.01029062271118164
0.009299039840698242
0.010310173034667969
0.009627342224121094
0.009450674057006836
0.009363889694213867
0.010212182998657227
0.008829832077026367
0.010312318801879883
0.010326147079467773
0.010312557220458984
0.009517669677734375
0.009457111358642578
0.009958028793334961
0.01031351089477539
0.010334968566894531
0.010327577590942383
0.010239362716674805
0.009445428848266602
0.009207963943481445
0.010332345962524414
0.01031041145324707
0.00948333740234375
0.010347127914428711
0.010329484939575195
0.010362863540649414
0.010235786437988281
0.01031804084777832
0.009064912796020508
0.0103302001953125
0.009705305099487305
0.010374784469604492
0.010360002517700195
0.009663581848144531
0.010333776473999023
0.009574174880981445
0.010337114334106445
0.01031184196472168
0.009497880935668945
0.010330677032470703
0.009541988372802734
0.010369062423706055
0.009172201156616211
0.010330915451049805
0.010354280471801758
0.009566068649291992
0.010303735733032227
0.009397506713867188
0.009809255599975586
0.010320186614990234
0.01031637191772461
0.009570598602294922
0.01031184196472168
0.009429931640625
0.01031041145324707
0.009524345397949219
0.010315418243408203
0.01031184196472168
0.00941157341003418
0.01028752326965332
0.010161399841308594
0.010050535202026367
0.010338783264160156
0.010314702987670898
0.009702205657958984
0.010329723358154297
0.009317874908447266
0.010366678237915039
0.01029205322265625
0.009759664535522461
0.01031947135925293
0.010361909866333008
0.009494543075561523
0.010325431823730469
0.010317564010620117
0.009473562240600586
0.010314464569091797
0.010310888290405273
0.009574651718139648
0.010292291641235352
0.010343551635742188
0.009539127349853516
0.009442329406738281
0.010213851928710938
0.010291814804077148
0.009389638900756836
0.010303020477294922
0.010309457778930664
0.009471654891967773
0.010313749313354492
0.010326862335205078
0.009748458862304688
0.010298967361450195
0.01031184196472168
0.009622335433959961
0.010355472564697266
0.010314702987670898
0.009693384170532227
0.010564804077148438
0.010313749313354492
0.010313034057617188
0.009993314743041992
0.010308980941772461
0.010309457778930664
0.009437084197998047
0.010342597961425781
0.010354757308959961
0.010303974151611328
0.009573221206665039
0.009669065475463867
0.010309934616088867
0.010279417037963867
0.00941014289855957
0.005219697952270508
0.009240865707397461
0.010073184967041016
0.009166955947875977
0.010057210922241211
0.010087013244628906
0.010030746459960938
0.010082006454467773
0.009208202362060547
0.009372472763061523
0.010009050369262695
0.009691238403320312
0.010064840316772461
0.009155511856079102
0.009417295455932617
0.010016679763793945
0.01008152961730957
0.009813547134399414
0.009568452835083008
0.010256290435791016
0.01008749008178711
0.009773492813110352
0.009716987609863281
0.010027647018432617
0.010149717330932617
0.010163307189941406
0.01009678840637207
0.007944822311401367
0.010097980499267578
0.010117053985595703
0.009091377258300781
0.009858131408691406
0.00932002067565918
0.010077476501464844
0.00948786735534668
0.0052032470703125
0.007963895797729492
0.00981903076171875
0.010112762451171875
0.009593486785888672
0.009429693222045898
0.009918689727783203
0.011213302612304688
0.009595870971679688
0.010416984558105469
0.010111808776855469
0.010136842727661133
0.009827852249145508
0.00930929183959961
0.009522676467895508
0.009931325912475586
0.007930278778076172
0.009895563125610352
0.010277271270751953
0.010075092315673828
0.010082721710205078
0.01011514663696289
0.010085582733154297
0.010083198547363281
0.009489774703979492
0.010110616683959961
0.010673284530639648
0.01068425178527832
0.009443044662475586
0.010119438171386719
0.009821891784667969
0.008929967880249023
0.009087562561035156
0.009593725204467773
0.00988316535949707
0.009488344192504883
0.008724689483642578
0.01008749008178711
0.008984088897705078
0.009078502655029297
0.010116338729858398
0.009747505187988281
0.008806705474853516
0.011191368103027344
0.010104656219482422
0.010103225708007812
0.007952690124511719
0.00923919677734375
0.009724855422973633
0.009757757186889648
0.009624719619750977
0.007941722869873047
0.010085821151733398
0.010114431381225586
0.005193948745727539
0.009884119033813477
0.009763002395629883
0.007949352264404297
0.007959604263305664
0.008957386016845703
0.009835958480834961
0.010561466217041016
0.010123729705810547
0.005221843719482422
0.010104179382324219
0.010131359100341797
0.01003885269165039
0.01057577133178711
0.008893013000488281
0.007984161376953125
0.007958650588989258
0.010110139846801758
0.010128974914550781
0.010011434555053711
0.008472919464111328
0.010123014450073242
0.007953405380249023
0.007973194122314453
0.00953817367553711
0.010117053985595703
0.010113000869750977
0.005240678787231445
0.010086536407470703
0.009915351867675781
0.00992274284362793
0.008688211441040039
0.00952458381652832
0.010090112686157227
0.010885953903198242
0.009590864181518555
0.009089469909667969
0.009348869323730469
0.010125875473022461
0.010155677795410156
0.008397102355957031
0.008699178695678711
0.008767127990722656
0.009813547134399414
0.010088443756103516
0.009351253509521484
0.008406639099121094
0.00875091552734375
0.01103067398071289
0.010143280029296875
0.009401798248291016
0.010127544403076172
0.009409904479980469
0.008829116821289062
0.009479522705078125
0.009572744369506836
0.011119842529296875
0.00857234001159668
0.01008296012878418
0.0079803466796875
0.009166240692138672
0.009149312973022461
0.010029315948486328
0.010581254959106445
0.01009058952331543
0.009791374206542969
0.00989842414855957
0.009645462036132812
0.008922338485717773
0.010123252868652344
0.010977029800415039
0.009978055953979492
0.009728670120239258
0.008503198623657227
0.008974552154541016
0.009409427642822266
0.010111808776855469
0.009711265563964844
0.009106159210205078
0.007992982864379883
0.008361577987670898
0.009434223175048828
0.010389328002929688
0.009432315826416016
0.01029348373413086
0.010101795196533203
0.010132551193237305
0.009100675582885742
0.011687278747558594
0.011303901672363281
0.0051958560943603516
0.01037144660949707
0.010107755661010742
0.010087728500366211
0.007941961288452148
0.00973963737487793
0.010097980499267578
0.010085344314575195
0.00793313980102539
0.007962703704833984
0.010111093521118164
0.00797414779663086
0.008992195129394531
0.010116100311279297
0.010104894638061523
0.0079498291015625
0.009910821914672852
0.009987592697143555
0.009116649627685547
0.01012420654296875
0.008640289306640625
0.009739875793457031
0.009738683700561523
0.009562015533447266
0.009463310241699219
0.009254693984985352
0.009755611419677734
0.009540796279907227
0.009570837020874023
0.010119438171386719
0.01051473617553711
0.01119089126586914
0.010091781616210938
0.010121583938598633
0.009385108947753906
0.009007692337036133
0.00948190689086914
0.010100841522216797
0.008968353271484375
0.009490251541137695
0.008945941925048828
0.009825706481933594
0.011555194854736328
0.00954890251159668
0.009457826614379883
0.010698795318603516
0.009876251220703125
0.009627342224121094
0.009862899780273438
0.009911775588989258
0.01087641716003418
0.011196374893188477
0.009201765060424805
0.00928044319152832
0.010601043701171875
0.009949922561645508
0.009278535842895508
0.01170969009399414
0.009252309799194336
0.008584976196289062
0.010108709335327148
0.010100841522216797
0.009697914123535156
0.010486602783203125
0.010135173797607422
0.011307954788208008
0.009031295776367188
0.010038137435913086
0.01009368896484375
0.0100860595703125
0.008710384368896484
0.009484291076660156
0.00915217399597168
0.011410236358642578
0.009082794189453125
0.01010894775390625
0.010109901428222656
0.009065389633178711
0.009671926498413086
0.010102987289428711
0.008691549301147461
0.010577917098999023
0.008697986602783203
0.008379697799682617
0.010992288589477539
0.010106801986694336
0.009757757186889648
0.010136604309082031
0.009024381637573242
0.008402824401855469
0.009033679962158203
0.00894474983215332
0.009160041809082031
0.010033607482910156
0.008699178695678711
0.008993387222290039
0.01199030876159668
0.009116649627685547
0.008355140686035156
0.01025247573852539
0.009571552276611328
0.007964134216308594
0.00951242446899414
0.008752584457397461
0.009462594985961914
0.009903192520141602
0.009222745895385742
0.011493921279907227
0.01051950454711914
0.00930333137512207
0.008392095565795898
0.008380651473999023
0.010190010070800781
0.010107755661010742
0.010095357894897461
0.009732961654663086
0.009441614151000977
0.00882577896118164
0.009098052978515625
0.008402347564697266
0.010132312774658203
0.010120391845703125
0.010120391845703125
0.010123968124389648
0.009817361831665039
0.008376359939575195
0.01076507568359375
0.010170936584472656
0.009377717971801758
0.00967550277709961
0.009746789932250977
0.007969379425048828
0.008649349212646484
0.008761167526245117
0.010609865188598633
0.009467601776123047
0.009311437606811523
0.009444236755371094
0.009381771087646484
0.009905576705932617
0.009407281875610352
0.009074211120605469
0.008229255676269531
0.009661674499511719
0.010592222213745117
0.009352684020996094
0.01013636589050293
0.011776447296142578
0.009120702743530273
0.010165929794311523
0.008969783782958984
0.01071310043334961
0.00983285903930664
0.01012563705444336
0.009098052978515625
0.010099411010742188
0.01012110710144043
0.009449958801269531
0.009538650512695312
0.007978439331054688
0.010959625244140625
0.009540319442749023
0.008963346481323242
0.010516166687011719
0.008455276489257812
0.01008462905883789
0.009183168411254883
0.009099245071411133
0.010855436325073242
0.008483171463012695
0.009660720825195312
0.009516239166259766
0.010563373565673828
0.009100198745727539
0.01014399528503418
0.008773088455200195
0.008330345153808594
0.009380817413330078
0.009955644607543945
0.007930994033813477
0.009259700775146484
0.010128498077392578
0.009796857833862305
0.01038360595703125
0.00924825668334961
0.00950932502746582
0.011908292770385742
0.00895380973815918
0.00851130485534668
0.010127782821655273
0.010471343994140625
0.008418560028076172
0.008795022964477539
0.008536815643310547
0.009360313415527344
0.009008646011352539
0.009198188781738281
0.011345386505126953
0.010200738906860352
0.00923466682434082
0.009402275085449219
0.008919000625610352
0.010120868682861328
0.010154962539672852
0.00973057746887207
0.011621713638305664
0.01005101203918457
0.009806394577026367
0.010210037231445312
0.008642435073852539
0.009438514709472656
0.010110139846801758
0.00887751579284668
0.009789466857910156
0.008835315704345703
0.009025096893310547
0.009687662124633789
0.008944034576416016
0.009674072265625
0.010111808776855469
0.007976531982421875
0.008809566497802734
0.009875059127807617
0.008853673934936523
0.008743762969970703
0.00896763801574707
0.008883237838745117
0.008710145950317383
0.00818943977355957
0.009325265884399414
0.008740901947021484
0.01014566421508789
0.008771896362304688
0.009498119354248047
0.008303403854370117
0.009115219116210938
0.00942850112915039
0.00915837287902832
0.011327981948852539
0.011493682861328125
0.010133981704711914
0.008485078811645508
0.008753538131713867
0.010124921798706055
0.011603832244873047
0.009717941284179688
0.011666297912597656
0.008415699005126953
0.010075569152832031
0.011200189590454102
0.011304855346679688
0.010778427124023438
0.009768486022949219
0.008801937103271484
0.01015925407409668
0.010096549987792969
0.00809335708618164
0.01011204719543457
0.008599042892456055
0.009206533432006836
0.009366273880004883
0.010700225830078125
0.009569168090820312
0.008693218231201172
0.00902247428894043
0.007982969284057617
0.010755777359008789
0.010179281234741211
0.008884191513061523
0.008484125137329102
0.005254507064819336
0.00836801528930664
0.010022640228271484
0.008331060409545898
0.010170698165893555
0.010231971740722656
0.008937358856201172
0.00861978530883789
0.00919961929321289
0.009559154510498047
0.0101776123046875
0.008960247039794922
0.0087738037109375
0.008694171905517578
0.010121822357177734
0.008746862411499023
0.007955312728881836
0.010148286819458008
0.00957036018371582
0.010348081588745117
0.008843660354614258
0.009378671646118164
0.009207010269165039
0.010111331939697266
0.010237455368041992
0.009240865707397461
0.007969856262207031
0.008561134338378906
0.009758949279785156
0.011903524398803711
0.010122537612915039
0.009848594665527344
0.008944511413574219
0.008769512176513672
0.009552478790283203
0.009334802627563477
0.010113954544067383
0.012047767639160156
0.009696483612060547
0.009839296340942383
0.009410619735717773
0.00887441635131836
0.011521100997924805
0.008914470672607422
0.011270999908447266
0.005215883255004883
0.008861541748046875
0.009378910064697266
0.008561134338378906
0.009798526763916016
0.009176254272460938
0.008598804473876953
0.010454893112182617
0.010118246078491211
0.010185718536376953
0.008460283279418945
0.011581182479858398
0.010610103607177734
0.007953643798828125
0.007959604263305664
0.010114431381225586
0.009543418884277344
0.010085582733154297
0.011611700057983398
0.008720159530639648
0.009365081787109375
0.008852958679199219
0.009107112884521484
0.010292291641235352
0.009999513626098633
0.00893259048461914
0.009060382843017578
0.010582447052001953
0.010147809982299805
0.009926557540893555
0.00835728645324707
0.009705543518066406
0.008365631103515625
0.010383844375610352
0.009957313537597656
0.00973367691040039
0.010137319564819336
0.008749246597290039
0.009349346160888672
0.008383035659790039
0.008819580078125
0.009553194046020508
0.010107278823852539
0.009193658828735352
0.011322736740112305
0.008472204208374023
0.011333227157592773
0.009654998779296875
0.008788824081420898
0.009657859802246094
0.011007308959960938
0.009358882904052734
0.009129524230957031
0.01019906997680664
0.009943485260009766
0.010108232498168945
0.009071588516235352
0.009528636932373047
0.009825468063354492
0.008728981018066406
0.010442495346069336
0.009313583374023438
0.011655330657958984
0.010163545608520508
0.010091781616210938
0.009540557861328125
0.00945901870727539
0.010109663009643555
0.009536266326904297
0.009265661239624023
0.00884246826171875
0.008009195327758789
0.010644912719726562
0.009339094161987305
0.008671045303344727
0.009382963180541992
0.009757041931152344
0.010113716125488281
0.010758638381958008
0.01012873649597168
0.008461475372314453
0.00519871711730957
0.01009821891784668
0.008820772171020508
0.008685588836669922
0.010106086730957031
0.00908041000366211
0.010163307189941406
0.010148763656616211
0.010128259658813477
0.010871171951293945
0.009862422943115234
0.010115385055541992
0.01082611083984375
0.009940624237060547
0.009610891342163086
0.009064197540283203
0.010946035385131836
0.007973432540893555
0.010386466979980469
0.010392427444458008
0.011238813400268555
0.009466886520385742
0.009065866470336914
0.01160430908203125
0.011340856552124023
0.010161638259887695
0.008547782897949219
0.005276918411254883
0.005352973937988281
0.009293079376220703
0.010111331939697266
0.008580923080444336
0.011909008026123047
0.00966644287109375
0.009185075759887695
0.009032249450683594
0.010091304779052734
0.008781671524047852
0.010115385055541992
0.010511636734008789
0.00848841667175293
0.008814573287963867
0.007743358612060547
0.008510589599609375
0.009023666381835938
0.009708166122436523
0.009745359420776367
0.010156869888305664
0.010140419006347656
0.009574651718139648
0.01076817512512207
0.010257244110107422
0.009364128112792969
0.009493589401245117
0.009147167205810547
0.009857416152954102
0.009845256805419922
0.010443449020385742
0.009192705154418945
0.010161638259887695
0.010123968124389648
0.00845646858215332
0.007955312728881836
0.005722999572753906
0.009441375732421875
0.010108232498168945
0.01014256477355957
0.011044740676879883
0.009563446044921875
0.009022712707519531
0.010138988494873047
0.009151935577392578
0.01022195816040039
0.00937509536743164
0.009474515914916992
0.010527372360229492
0.010159730911254883
0.010302305221557617
0.00990152359008789
0.00972890853881836
0.010334253311157227
0.010376930236816406
0.010332822799682617
0.01022195816040039
0.009988069534301758
0.00989985466003418
0.009098529815673828
0.010375738143920898
0.00964808464050293
0.010398626327514648
0.009781122207641602
0.010236263275146484
0.010410070419311523
0.009664773941040039
0.009406566619873047
0.009818315505981445
0.009498357772827148
0.010422945022583008
0.010377168655395508
0.00849294662475586
0.008488178253173828
0.005277872085571289
0.010365486145019531
0.00945425033569336
0.009362220764160156
0.010390996932983398
0.01037907600402832
0.00859832763671875
0.010410547256469727
0.00986623764038086
0.010301351547241211
0.01020956039428711
0.010101318359375
0.009954452514648438
0.009481430053710938
0.009572982788085938
0.010352849960327148
0.009465456008911133
0.009180545806884766
0.010357379913330078
0.009630441665649414
0.00949859619140625
0.008394002914428711
0.009125947952270508
0.009813547134399414
0.009790182113647461
0.00939631462097168
0.010406255722045898
0.009102821350097656
0.009834051132202148
0.009109973907470703
0.008756637573242188
0.009387731552124023
0.005246877670288086
0.009630918502807617
0.009769439697265625
0.009984016418457031
0.010402679443359375
0.009612560272216797
0.009164571762084961
0.009895801544189453
0.009499311447143555
0.010371685028076172
0.009709835052490234
0.01040792465209961
0.009970426559448242
0.010322332382202148
0.009093761444091797
0.010398149490356445
0.010409116744995117
0.010443449020385742
0.009447097778320312
0.009458065032958984
0.009245872497558594
0.010263204574584961
0.00990438461303711
0.01041722297668457
0.010217428207397461
0.010264396667480469
0.010375738143920898
0.010372161865234375
0.010334968566894531
0.009695768356323242
0.008512258529663086
0.008485794067382812
0.008502483367919922
0.008518457412719727
0.0052487850189208984
0.008652925491333008
0.010065078735351562
0.010067224502563477
0.005706310272216797
0.007982969284057617
0.007966041564941406
0.007946491241455078
0.008787870407104492
0.007947921752929688
0.010507583618164062
0.00908803939819336
0.009137868881225586
0.009781122207641602
0.011631965637207031
0.008371114730834961
0.00917196273803711
0.009521007537841797
0.009017229080200195
0.009019851684570312
0.01047372817993164
0.00872802734375
0.010108709335327148
0.010397672653198242
0.01053619384765625
0.010927915573120117
0.009200096130371094
0.009600639343261719
0.009439706802368164
0.010129213333129883
0.00924539566040039
0.009855985641479492
0.010135889053344727
0.008586406707763672
0.009537220001220703
0.010915517807006836
0.010126113891601562
0.008753299713134766
0.01063084602355957
0.009430885314941406
0.009778976440429688
0.010376453399658203
0.010155677795410156
0.010690689086914062
0.009868621826171875
0.009748458862304688
0.008409738540649414
0.010017156600952148
0.008902311325073242
0.009975194931030273
0.00985407829284668
0.008566856384277344
0.010102272033691406
0.009671688079833984
0.008614778518676758
0.010944366455078125
0.010100364685058594
0.008734941482543945
0.00863790512084961
0.010832071304321289
0.008756160736083984
0.008902788162231445
0.009350776672363281
0.010018110275268555
0.009545087814331055
0.008372783660888672
0.008966207504272461
0.010069131851196289
0.010158538818359375
0.008687019348144531
0.010142803192138672
0.008271217346191406
0.009804964065551758
0.008747577667236328
0.008809804916381836
0.008731842041015625
0.009934663772583008
0.009059667587280273
0.010097026824951172
0.010146141052246094
0.008990287780761719
0.010109663009643555
0.009123086929321289
0.00861501693725586
0.010158061981201172
0.011218547821044922
0.011267900466918945
0.008700370788574219
0.011391162872314453
0.008497238159179688
0.01042938232421875
0.008651494979858398
0.010118961334228516
0.010092020034790039
0.010000467300415039
0.01092076301574707
0.009357452392578125
0.011326074600219727
0.01001596450805664
0.009457588195800781
0.01013636589050293
0.008066892623901367
0.009016036987304688
0.009303569793701172
0.00888824462890625
0.00849294662475586
0.010138750076293945
0.009386539459228516
0.009842157363891602
0.008274078369140625
0.008553028106689453
0.00933980941772461
0.009892463684082031
0.011056900024414062
0.009884834289550781
0.010108470916748047
0.008382081985473633
0.010246515274047852
0.010983943939208984
0.009765625
0.010728120803833008
0.01020050048828125
0.00995945930480957
0.010005712509155273
0.010121583938598633
0.008931636810302734
0.009407520294189453
0.011241674423217773
0.009787321090698242
0.009189844131469727
0.01132655143737793
0.010081768035888672
0.009503364562988281
0.009459257125854492
0.009824752807617188
0.009693384170532227
0.009814739227294922
0.010094642639160156
0.009158611297607422
0.01009368896484375
0.010101795196533203
0.00917673110961914
0.010131359100341797
0.010143756866455078
0.012066364288330078
0.00945425033569336
0.011555910110473633
0.009204864501953125
0.010864019393920898
0.009737968444824219
0.007997512817382812
0.010166645050048828
0.009564638137817383
0.008434534072875977
0.009599685668945312
0.010730743408203125
0.005216360092163086
0.010450363159179688
0.009978532791137695
0.009303569793701172
0.007539033889770508
0.011122941970825195
0.010126352310180664
0.009824514389038086
0.01014256477355957
0.010694503784179688
0.008962869644165039
0.01147770881652832
0.010137081146240234
0.008517980575561523
0.009322166442871094
0.009264230728149414
0.010860919952392578
0.01011514663696289
0.01176762580871582
0.01012873649597168
0.01011347770690918
0.007591962814331055
0.010404348373413086
0.010113239288330078
0.008815765380859375
0.008569478988647461
0.009678125381469727
0.008894681930541992
0.009072303771972656
0.008647918701171875
0.010876893997192383
0.008471250534057617
0.009413719177246094
0.009751558303833008
0.010077953338623047
0.009389162063598633
0.010648488998413086
0.010706424713134766
0.010134220123291016
0.009403705596923828
0.009437084197998047
0.009682655334472656
0.00947117805480957
0.011188983917236328
0.011912822723388672
0.00943446159362793
0.009629487991333008
0.010316133499145508
0.011934041976928711
0.009696006774902344
0.011258602142333984
0.010074377059936523
0.010899066925048828
0.008664846420288086
0.009337425231933594
0.010144472122192383
0.009628534317016602
0.008951663970947266
0.008579492568969727
0.008975982666015625
0.010829687118530273
0.009027242660522461
0.009515523910522461
0.010081768035888672
0.010106325149536133
0.009660482406616211
0.008378982543945312
0.00841975212097168
0.008668184280395508
0.010178804397583008
0.011160850524902344
0.010064125061035156
0.00888514518737793
0.010097503662109375
0.009664773941040039
0.009049177169799805
0.009939193725585938
0.00949406623840332
0.009114503860473633
0.009623289108276367
0.008537530899047852
0.009073495864868164
0.00987386703491211
0.009258508682250977
0.010468482971191406
0.010117769241333008
0.010096311569213867
0.010083436965942383
0.00791025161743164
0.00927877426147461
0.010643720626831055
0.011909961700439453
0.010118961334228516
0.009700536727905273
0.01021122932434082
0.009898900985717773
0.00848531723022461
0.010237932205200195
0.010682344436645508
0.009640693664550781
0.010049581527709961
0.010886669158935547
0.00904703140258789
0.010131359100341797
0.01008296012878418
0.009837627410888672
0.009835004806518555
0.009494781494140625
0.009060859680175781
0.009914636611938477
0.00927424430847168
0.008292913436889648
0.008383512496948242
0.008409500122070312
0.008480548858642578
0.007964134216308594
0.008112907409667969
0.009488821029663086
0.009467840194702148
0.008905649185180664
0.011474609375
0.009233951568603516
0.009573221206665039
0.010106801986694336
0.010142087936401367
0.010118961334228516
0.01012563705444336
0.010125398635864258
0.0088958740234375
0.008651494979858398
0.007978200912475586
0.011001348495483398
0.009904146194458008
0.010080337524414062
0.010336637496948242
0.009261846542358398
0.01011037826538086
0.009415626525878906
0.011070489883422852
0.00922250747680664
0.01012420654296875
0.01009511947631836
0.00907754898071289
0.008956193923950195
0.008620500564575195
0.008553504943847656
0.009544610977172852
0.009008646011352539
0.010146379470825195
0.009252786636352539
0.008766651153564453
0.010227203369140625
0.01007223129272461
0.00940394401550293
0.011288642883300781
0.010082483291625977
0.00969076156616211
0.010570764541625977
0.010148763656616211
0.008875370025634766
0.009969234466552734
0.011637449264526367
0.008257865905761719
0.010143518447875977
0.01071786880493164
0.011092424392700195
0.009474039077758789
0.009342432022094727
0.010130167007446289
0.008630990982055664
0.009295940399169922
0.010156869888305664
0.00966644287109375
0.010096549987792969
0.00989079475402832
0.009514331817626953
0.007958412170410156
0.007863044738769531
0.01016688346862793
0.009285449981689453
0.010136604309082031
0.01013636589050293
0.00957179069519043
0.009485244750976562
0.009769439697265625
0.010455608367919922
0.010142087936401367
0.009676933288574219
0.009147882461547852
0.009600639343261719
0.009608983993530273
0.010114908218383789
0.009535074234008789
0.007942438125610352
0.01011514663696289
0.010138750076293945
0.005205631256103516
0.009876012802124023
0.01013636589050293
0.009999990463256836
0.010520696640014648
0.01026463508605957
0.0079345703125
0.007944345474243164
0.009276390075683594
0.010698556900024414
0.009121179580688477
0.010110616683959961
0.009042978286743164
0.009074687957763672
0.011116981506347656
0.011300325393676758
0.010036468505859375
0.01003122329711914
0.009564876556396484
0.009219646453857422
0.010862588882446289
0.00795292854309082
0.010015010833740234
0.010145187377929688
0.01015615463256836
0.011909246444702148
0.010172128677368164
0.008388042449951172
0.010126590728759766
0.010892868041992188
0.011494159698486328
0.009853124618530273
0.010131359100341797
0.008864402770996094
0.01012277603149414
0.008834600448608398
0.009916305541992188
0.009627103805541992
0.010160207748413086
0.007958650588989258
0.008443355560302734
0.010097742080688477
0.009075164794921875
0.009881019592285156
0.008564472198486328
0.00836801528930664
0.010116100311279297
0.009784221649169922
0.009688138961791992
0.008803606033325195
0.009289026260375977
0.01015162467956543
0.010462522506713867
0.009217262268066406
0.010125875473022461
0.010242223739624023
0.009200572967529297
0.010112285614013672
0.010115385055541992
0.01008462905883789
0.010290861129760742
0.009410619735717773
0.008988618850708008
0.009294748306274414
0.01014566421508789
0.011864185333251953
0.00807499885559082
0.010068893432617188
0.009954452514648438
0.00929117202758789
0.008917093276977539
0.008482694625854492
0.009617805480957031
0.00936436653137207
0.011128425598144531
0.009922027587890625
0.010831594467163086
0.010921478271484375
0.009134769439697266
0.00865483283996582
0.010078191757202148
0.009353399276733398
0.010343074798583984
0.010179519653320312
0.010965824127197266
0.010095596313476562
0.009428977966308594
0.009666919708251953
0.011925935745239258
0.011894702911376953
0.010172843933105469
0.00872492790222168
0.0104217529296875
0.009812116622924805
0.009544134140014648
0.011230230331420898
0.010622024536132812
0.009182453155517578
0.009643793106079102
0.00993657112121582
0.009678363800048828
0.00955343246459961
0.010118246078491211
0.010092973709106445
0.008987903594970703
0.010134458541870117
0.008783340454101562
0.011431455612182617
0.010562896728515625
0.010989665985107422
0.007980108261108398
0.009118318557739258
0.010134458541870117
0.010120868682861328
0.008415937423706055
0.008433341979980469
0.008558511734008789
0.00893092155456543
0.011765480041503906
0.009459257125854492
0.007972955703735352
0.00888681411743164
0.011918067932128906
0.009997844696044922
0.010268211364746094
0.009215354919433594
0.008560657501220703
0.010137796401977539
0.010888814926147461
0.010207653045654297
0.01018524169921875
0.008779525756835938
0.009356975555419922
0.01008462905883789
0.010817289352416992
0.010601520538330078
0.010326385498046875
0.011099576950073242
0.010098934173583984
0.011565208435058594
0.009636640548706055
0.009351015090942383
0.010092973709106445
0.010903596878051758
0.00961756706237793
0.010480165481567383
0.009850025177001953
0.009777069091796875
0.01012110710144043
0.010113000869750977
0.009030342102050781
0.008367776870727539
0.010486364364624023
0.008948802947998047
0.008333683013916016
0.008715391159057617
0.010199785232543945
0.009850740432739258
0.008743047714233398
0.009721040725708008
0.009790420532226562
0.010159492492675781
0.009607076644897461
0.01050567626953125
0.009179830551147461
0.009935617446899414
0.00795292854309082
0.007968425750732422
0.008445978164672852
0.008584737777709961
0.010129213333129883
0.005173206329345703
0.009469032287597656
0.010202169418334961
0.00986623764038086
0.01133108139038086
0.009737491607666016
0.010098934173583984
0.010130643844604492
0.009672164916992188
0.0096435546875
0.009245157241821289
0.009757041931152344
0.008780717849731445
0.010848283767700195
0.008369922637939453
0.008414268493652344
0.01083827018737793
0.009977102279663086
0.009689569473266602
0.009421586990356445
0.010100603103637695
0.010566473007202148
0.010807514190673828
0.009220123291015625
0.00986790657043457
0.009756088256835938
0.008992433547973633
0.009543180465698242
0.008406400680541992
0.008927583694458008
0.01039886474609375
0.010669231414794922
0.010755538940429688
0.010031938552856445
0.010084867477416992
0.009888648986816406
0.01014399528503418
0.009084224700927734
0.010176658630371094
0.010063886642456055
0.009685039520263672
0.007986783981323242
0.00936126708984375
0.01021122932434082
0.008897542953491211
0.009427309036254883
0.008505105972290039
0.008228302001953125
0.007662296295166016
0.008643150329589844
0.008953571319580078
0.009430170059204102
0.008563995361328125
0.008494138717651367
0.009790897369384766
0.009146451950073242
0.01114201545715332
0.00904226303100586
0.010138511657714844
0.00978708267211914
0.00940084457397461
0.011886835098266602
0.007960081100463867
0.010664224624633789
0.009147167205810547
0.01066136360168457
0.008827686309814453
0.011255979537963867
0.010260343551635742
0.008133172988891602
0.009861230850219727
0.010118246078491211
0.009954690933227539
0.008572101593017578
0.009573221206665039
0.010252952575683594
0.010820388793945312
0.011905193328857422
0.009722471237182617
0.008420467376708984
0.010069131851196289
0.010156869888305664
0.011553764343261719
0.010167598724365234
0.010462760925292969
0.008715391159057617
0.01011037826538086
0.008823156356811523
0.011656045913696289
0.009842395782470703
0.008835554122924805
0.008559226989746094
0.010138750076293945
0.010741710662841797
0.010107994079589844
0.009643316268920898
0.009905815124511719
0.010121345520019531
0.011233329772949219
0.009311199188232422
0.00875711441040039
0.010128974914550781
0.010053873062133789
0.00878453254699707
0.0102691650390625
0.010366201400756836
0.008533716201782227
0.01032567024230957
0.00955820083618164
0.011121034622192383
0.009771585464477539
0.00924992561340332
0.01012563705444336
0.010780096054077148
0.010107994079589844
0.009485960006713867
0.010092020034790039
0.00874018669128418
0.011059045791625977
0.010834693908691406
0.00951528549194336
0.011295080184936523
0.01041865348815918
0.010138511657714844
0.009347200393676758
0.009069442749023438
0.010519981384277344
0.008754253387451172
0.0098419189453125
0.010511636734008789
0.010416746139526367
0.008949756622314453
0.009419679641723633
0.009857892990112305
0.010117053985595703
0.010657310485839844
0.011309146881103516
0.009744644165039062
0.009571552276611328
0.00967717170715332
0.011122941970825195
0.008002996444702148
0.008552789688110352
0.01012277603149414
0.009692668914794922
0.007962226867675781
0.009018659591674805
0.010142326354980469
0.009826421737670898
0.009732484817504883
0.011273860931396484
0.007969141006469727
0.00984644889831543
0.009037256240844727
0.009474515914916992
0.010627031326293945
0.010855913162231445
0.009690523147583008
0.010118484497070312
0.007959127426147461
0.009124755859375
0.010461568832397461
0.008871793746948242
0.008490324020385742
0.008514165878295898
0.008507013320922852
0.008495092391967773
0.008502960205078125
0.008485555648803711
0.00852513313293457
0.005267143249511719
0.0052874088287353516
0.009804010391235352
0.009154796600341797
0.009425878524780273
0.00958704948425293
0.010179519653320312
0.009407520294189453
0.00979757308959961
0.010419368743896484
0.010080337524414062
0.009560585021972656
0.010123252868652344
0.010614871978759766
0.010247230529785156
0.008472681045532227
0.01026606559753418
0.010313272476196289
0.009934186935424805
0.008724451065063477
0.00901937484741211
0.010303020477294922
0.009824514389038086
0.009788274765014648
0.009907722473144531
0.01010751724243164
0.00982213020324707
0.009448766708374023
0.00959920883178711
0.009209394454956055
0.009467601776123047
0.010318756103515625
0.009928703308105469
0.008182525634765625
0.010280847549438477
0.009985685348510742
0.010333776473999023
0.010007143020629883
0.009689807891845703
0.009880781173706055
0.010382413864135742
0.00932621955871582
0.010366439819335938
0.010489463806152344
0.009148597717285156
0.008708477020263672
0.01006460189819336
0.010411977767944336
0.010736942291259766
0.010377883911132812
0.009863853454589844
0.010426521301269531
0.010442972183227539
0.010287046432495117
0.010392189025878906
0.010369539260864258
0.01043844223022461
0.010487556457519531
0.009944438934326172
0.010211706161499023
0.010412931442260742
0.010450363159179688
0.010425567626953125
0.010341405868530273
0.010253190994262695
0.010413408279418945
0.010397672653198242
0.010385274887084961
0.010384798049926758
0.010437488555908203
0.010395526885986328
0.010370731353759766
0.009766817092895508
0.009478569030761719
0.009859323501586914
0.009743690490722656
0.010265111923217773
0.010071754455566406
0.009992599487304688
0.01023244857788086
0.010806560516357422
0.010407686233520508
0.010419368743896484
0.010118246078491211
0.009550094604492188
0.010436296463012695
0.01041865348815918
0.010034561157226562
0.010261297225952148
0.010394096374511719
0.010426044464111328
0.00983881950378418
0.01004648208618164
0.00962376594543457
0.010374069213867188
0.01125645637512207
0.010244369506835938
0.009857416152954102
0.010143041610717773
0.010168313980102539
0.010232210159301758
0.010205507278442383
0.010251760482788086
0.010249853134155273
0.009720325469970703
0.009398937225341797
0.009579181671142578
0.010209321975708008
0.010244369506835938
0.01017308235168457
0.010232210159301758
0.009517192840576172
0.010255813598632812
0.010236740112304688
0.010230064392089844
0.010239601135253906
0.010242938995361328
0.010212898254394531
0.009816884994506836
0.009250640869140625
0.01027369499206543
0.010254859924316406
0.010241270065307617
0.010116100311279297
0.010235786437988281
0.009949207305908203
0.010223388671875
0.01078176498413086
0.01024937629699707
0.010261774063110352
0.010254144668579102
0.010276556015014648
0.009682893753051758
0.010255098342895508
0.010237932205200195
0.010256290435791016
0.01023411750793457
0.010025978088378906
0.010010004043579102
0.010209083557128906
0.010001420974731445
0.00956869125366211
0.009728431701660156
0.009785890579223633
0.010111808776855469
0.010318994522094727
0.009677410125732422
0.009772300720214844
0.010231971740722656
0.010241270065307617
0.010206460952758789
0.010240554809570312
0.010245323181152344
0.01021885871887207
0.009207487106323242
0.008873224258422852
0.009702920913696289
0.010061979293823242
0.010257244110107422
0.010239601135253906
0.010229349136352539
0.010249614715576172
0.010210275650024414
0.01012563705444336
0.00980067253112793
0.00986480712890625
0.010232686996459961
0.010274648666381836
0.010267257690429688
0.010854244232177734
0.010236501693725586
0.010288000106811523
0.010309219360351562
0.009204864501953125
0.010261774063110352
0.010283231735229492
0.010275602340698242
0.010298490524291992
0.010300159454345703
0.011305570602416992
0.010304927825927734
0.010299921035766602
0.010284423828125
0.010263919830322266
0.00913095474243164
0.009828805923461914
0.00996088981628418
0.009749174118041992
0.010149240493774414
0.00975179672241211
0.009555339813232422
0.009510040283203125
0.009339094161987305
0.009712696075439453
0.010237455368041992
0.009924888610839844
0.009327411651611328
0.009408712387084961
0.00911855697631836
0.010071992874145508
0.010090112686157227
0.010131120681762695
0.009517669677734375
0.00977945327758789
0.009495019912719727
0.010895252227783203
0.009814023971557617
0.010086297988891602
0.010302305221557617
0.010215520858764648
0.009618997573852539
0.009982824325561523
0.01025843620300293
0.009373188018798828
0.01022791862487793
0.010248661041259766
0.010276079177856445
0.010300636291503906
0.010300874710083008
0.009764909744262695
0.009918689727783203
0.009210348129272461
0.010237693786621094
0.010231733322143555
0.010239601135253906
0.010264396667480469
0.01025080680847168
0.010249614715576172
0.009855031967163086
0.010044574737548828
0.010269403457641602
0.010554790496826172
0.010245323181152344
0.010313034057617188
0.009630203247070312
0.010115623474121094
0.01023244857788086
0.009654998779296875
0.009978055953979492
0.009975671768188477
0.009687423706054688
0.010256290435791016
0.010224103927612305
0.01016855239868164
0.0102386474609375
0.010261297225952148
0.009586572647094727
0.010259628295898438
0.010226726531982422
0.010223865509033203
0.009368658065795898
0.010274171829223633
0.01024627685546875
0.010272979736328125
0.010236024856567383
0.010230064392089844
0.010262489318847656
0.008554935455322266
0.009351730346679688
0.010013580322265625
0.009554386138916016
0.010275602340698242
0.010289669036865234
0.010254383087158203
0.00982522964477539
0.010233163833618164
0.009784460067749023
0.01006460189819336
0.009891271591186523
0.009088754653930664
0.010040283203125
0.009711027145385742
0.009937524795532227
0.00999307632446289
0.009848594665527344
0.010001659393310547
0.009750843048095703
0.010256528854370117
0.010045766830444336
0.009516477584838867
0.009856939315795898
0.009998321533203125
0.010213851928710938
0.009895086288452148
0.010218381881713867
0.010233163833618164
0.010198116302490234
0.009637117385864258
0.00969076156616211
0.010215997695922852
0.010239124298095703
0.009979248046875
0.009857177734375
0.00995182991027832
0.009645462036132812
0.009568214416503906
0.009798526763916016
0.01051640510559082
0.010248184204101562
0.009797334671020508
0.009595632553100586
0.009528875350952148
0.009935379028320312
0.010122537612915039
0.010331153869628906
0.009860515594482422
0.010299444198608398
0.010151863098144531
0.009384870529174805
0.010352373123168945
0.009957551956176758
0.01024317741394043
0.010179281234741211
0.009310722351074219
0.010039329528808594
0.009874820709228516
0.010194778442382812
0.010255098342895508
0.010123968124389648
0.010678291320800781
0.009556293487548828
0.010014533996582031
0.010348320007324219
0.010360002517700195
0.010348320007324219
0.010324716567993164
0.01036834716796875
0.010130167007446289
0.009656429290771484
0.010123252868652344
0.009907722473144531
0.010242223739624023
0.010187864303588867
0.01018834114074707
0.010031700134277344
0.010125875473022461
0.01021122932434082
0.009742259979248047
0.009554862976074219
0.009673833847045898
0.009669303894042969
0.010144472122192383
0.010141372680664062
0.01032400131225586
0.010313272476196289
0.009832143783569336
0.009532928466796875
0.010259628295898438
0.010339021682739258
0.010311365127563477
0.010308265686035156
0.009956598281860352
0.010595321655273438
0.010338306427001953
0.010358810424804688
0.010411739349365234
0.009637117385864258
0.00968170166015625
0.009316205978393555
0.010312795639038086
0.010021209716796875
0.010352611541748047
0.010315418243408203
0.010327339172363281
0.010333538055419922
0.010267257690429688
0.010304689407348633
0.009612560272216797
0.010340213775634766
0.010334968566894531
0.010325193405151367
0.010010480880737305
0.009751319885253906
0.009837627410888672
0.009406328201293945
0.009557485580444336
0.01008462905883789
0.010320663452148438
0.009898185729980469
0.009905576705932617
0.009810209274291992
0.010097742080688477
0.010068893432617188
0.00953984260559082
0.010085105895996094
0.009786128997802734
0.010040998458862305
0.009496212005615234
0.010072708129882812
0.00979924201965332
0.010068416595458984
0.010311365127563477
0.009949207305908203
0.009829044342041016
0.009955883026123047
0.010081291198730469
0.009721755981445312
0.0088348388671875
0.009719371795654297
0.009879350662231445
0.009968280792236328
0.009428977966308594
0.009374856948852539
0.010343074798583984
0.009888172149658203
0.010201215744018555
0.009577512741088867
0.0103302001953125
0.010351181030273438
0.010329246520996094
0.010305166244506836
0.010304927825927734
0.010321378707885742
0.01032876968383789
0.010337591171264648
0.009973287582397461
0.009862422943115234
0.010316133499145508
0.010354995727539062
0.010337114334106445
0.010061979293823242
0.009652137756347656
0.010359764099121094
0.010353565216064453
0.009577512741088867
0.009698152542114258
0.010157346725463867
0.010062456130981445
0.009800434112548828
0.009531259536743164
0.00979471206665039
0.010360479354858398
0.010164737701416016
0.009733438491821289
0.009442329406738281
0.010356903076171875
0.010011672973632812
0.009995698928833008
0.0099639892578125
0.010017156600952148
0.010298967361450195
0.009805917739868164
0.009286165237426758
0.009610414505004883
0.010186910629272461
0.00973820686340332
0.00994110107421875
0.009927034378051758
0.009649991989135742
0.009777069091796875
0.010341882705688477
0.010005712509155273
0.009623050689697266
0.010044574737548828
0.010361433029174805
0.010796785354614258
0.009975671768188477
0.01000070571899414
0.009734869003295898
0.009769201278686523
0.009280204772949219
0.00987386703491211
0.009382486343383789
0.009861946105957031
0.010241031646728516
0.009644508361816406
0.00948190689086914
0.009693145751953125
0.00976109504699707
0.00984048843383789
0.012550592422485352
0.008445024490356445
0.008436918258666992
0.008471250534057617
0.005219697952270508
0.009827375411987305
0.009246110916137695
0.010047674179077148
0.009474515914916992
0.009624481201171875
0.009674310684204102
0.009776115417480469
0.009527444839477539
0.009094476699829102
0.008859634399414062
0.008553504943847656
0.01007699966430664
0.009088993072509766
0.009386777877807617
0.00893712043762207
0.009355545043945312
0.010088205337524414
0.00944066047668457
0.008923768997192383
0.009021520614624023
0.010763406753540039
0.010028839111328125
0.00992274284362793
0.010057926177978516
0.010063409805297852
0.010071516036987305
0.008334636688232422
0.010047197341918945
0.009992599487304688
0.010051488876342773
0.009750843048095703
0.008852481842041016
0.00975799560546875
0.009946823120117188
0.008331298828125
0.009730339050292969
0.009288311004638672
0.009291410446166992
0.01017904281616211
0.008255243301391602
0.009952306747436523
0.009840250015258789
0.011640548706054688
0.009574651718139648
0.009329795837402344
0.01058197021484375
0.010791540145874023
0.009156227111816406
0.009380340576171875
0.011613845825195312
0.010103225708007812
0.009501934051513672
0.010970115661621094
0.011729717254638672
0.008437156677246094
0.009737730026245117
0.009435653686523438
0.00923919677734375
0.011588096618652344
0.008905887603759766
0.007926464080810547
0.008754730224609375
0.011635780334472656
0.009437322616577148
0.005177974700927734
0.0051767826080322266
0.010579824447631836
0.009024620056152344
0.010154247283935547
0.010483264923095703
0.00982522964477539
0.010863065719604492
0.009683609008789062
0.009561538696289062
0.010540246963500977
0.011395692825317383
0.009781122207641602
0.011332273483276367
0.009467363357543945
0.010110139846801758
0.009866714477539062
0.005709648132324219
0.007951498031616211
0.011278152465820312
0.010621070861816406
0.008678674697875977
0.010142803192138672
0.009885072708129883
0.010143041610717773
0.009385347366333008
0.005194902420043945
0.007946968078613281
0.009500741958618164
0.010319948196411133
0.010119199752807617
0.009924650192260742
0.008168220520019531
0.008920431137084961
0.009519100189208984
0.009920120239257812
0.009416580200195312
0.010427713394165039
0.010303974151611328
0.010133028030395508
0.008363723754882812
0.010027885437011719
0.009432792663574219
0.010161399841308594
0.009514331817626953
0.009284734725952148
0.008840799331665039
0.009246587753295898
0.008841753005981445
0.009202718734741211
0.01015162467956543
0.009027957916259766
0.009228229522705078
0.0091552734375
0.010104179382324219
0.010103225708007812
0.011742353439331055
0.010120868682861328
0.009355783462524414
0.011005401611328125
0.011491537094116211
0.009041070938110352
0.009633541107177734
0.00946807861328125
0.010132312774658203
0.010016441345214844
0.010268688201904297
0.009167671203613281
0.008950471878051758
0.00937199592590332
