0.010314702987670898
0.01030278205871582
0.009325504302978516
0.010227680206298828
0.010183572769165039
0.009971141815185547
0.009122371673583984
0.009313583374023438
0.010167598724365234
0.011592626571655273
0.009495019912719727
0.010172128677368164
0.010727882385253906
0.009595394134521484
0.011071205139160156
0.009853839874267578
0.010355234146118164
0.010337114334106445
0.009342432022094727
0.010185956954956055
0.01034092903137207
0.010351419448852539
0.00979757308959961
0.010409832000732422
0.01031494140625
0.007151603698730469
0.005318880081176758
0.00913548469543457
0.009892940521240234
0.01029515266418457
0.009114742279052734
0.00942850112915039
0.00782632827758789
0.007655620574951172
0.007889747619628906
0.005196094512939453
0.01009821891784668
0.010060787200927734
0.008804798126220703
0.009276628494262695
0.009253740310668945
0.010037660598754883
0.010052919387817383
0.007907867431640625
0.006456136703491211
0.009782552719116211
0.009491205215454102
0.010242938995361328
0.010247230529785156
0.009906291961669922
0.00961160659790039
0.009541511535644531
0.010198593139648438
0.010271787643432617
0.009858131408691406
0.009662628173828125
0.01031637191772461
0.009836673736572266
0.009628534317016602
0.009522438049316406
0.009478330612182617
0.010287761688232422
0.01029348373413086
0.00985097885131836
0.008002519607543945
0.005742073059082031
0.009717702865600586
0.009479045867919922
0.009488582611083984
0.010358333587646484
0.010350704193115234
0.009649515151977539
0.010382652282714844
0.010358095169067383
0.009946346282958984
0.010378360748291016
0.010364055633544922
0.009898185729980469
0.00959634780883789
0.010333776473999023
0.010414838790893555
0.00969839096069336
0.009426355361938477
0.010282039642333984
0.010200977325439453
0.009414911270141602
0.010201215744018555
0.010198354721069336
0.010215997695922852
0.009572029113769531
0.009221553802490234
0.009274959564208984
0.010195255279541016
0.010208368301391602
0.009587764739990234
0.009528636932373047
0.009895801544189453
0.00964498519897461
0.010049104690551758
0.010210275650024414
0.01031637191772461
0.009479999542236328
0.009502649307250977
0.010231971740722656
0.010132312774658203
0.009801626205444336
0.00958108901977539
0.009452581405639648
0.010197639465332031
0.009711742401123047
0.009921550750732422
0.01007223129272461
0.01022958755493164
0.009934186935424805
0.01009988784790039
0.010179519653320312
0.010162830352783203
0.009667158126831055
0.009470939636230469
0.009378433227539062
0.009509801864624023
0.010221481323242188
0.009998798370361328
0.009640693664550781
0.009524345397949219
0.009473323822021484
0.010201454162597656
0.01017904281616211
0.009787321090698242
0.009552478790283203
0.010223150253295898
0.009233474731445312
0.009943008422851562
0.009572505950927734
0.010252952575683594
0.008667945861816406
0.01022958755493164
0.009752273559570312
0.009486198425292969
0.00983285903930664
0.010024547576904297
0.009672403335571289
0.010462284088134766
0.009955883026123047
0.009778738021850586
0.010543346405029297
0.010318756103515625
0.010246992111206055
0.008106470108032227
0.007727861404418945
0.00912332534790039
0.007822513580322266
0.010481119155883789
0.00986933708190918
0.009281396865844727
0.010400056838989258
0.010318994522094727
0.00973820686340332
0.010413646697998047
0.009853363037109375
0.009222269058227539
0.010406017303466797
0.010028839111328125
0.010374784469604492
0.010118722915649414
0.009331464767456055
0.011292219161987305
0.009635686874389648
0.010411262512207031
0.009703636169433594
0.010382652282714844
0.010394811630249023
0.010395526885986328
0.010101079940795898
0.009788036346435547
0.010233402252197266
0.009962797164916992
0.010223150253295898
0.010246753692626953
0.009902477264404297
0.009690284729003906
0.010049819946289062
0.009813308715820312
0.008823633193969727
0.008879661560058594
0.010469198226928711
0.010080814361572266
0.00982213020324707
0.010062456130981445
0.009354114532470703
0.011247634887695312
0.009548425674438477
0.008895397186279297
0.009511947631835938
0.010017633438110352
0.01003575325012207
0.009645223617553711
0.008916854858398438
0.00950765609741211
0.010027408599853516
0.010156393051147461
0.009253740310668945
0.010056734085083008
0.01104736328125
0.010091781616210938
0.009911537170410156
0.010324954986572266
0.01026606559753418
0.010163307189941406
0.010080814361572266
0.011484146118164062
0.009180784225463867
0.011604547500610352
0.010116338729858398
0.010917901992797852
0.010241508483886719
0.009570121765136719
0.01014852523803711
0.008737325668334961
0.009252309799194336
0.010184288024902344
0.00997471809387207
0.010119199752807617
0.009932518005371094
0.008538961410522461
0.010599136352539062
0.009626150131225586
0.010353803634643555
0.009994983673095703
0.009875297546386719
0.009363412857055664
0.009175777435302734
0.007172107696533203
0.009966850280761719
0.008597135543823242
0.008991479873657227
0.010191917419433594
0.008492708206176758
0.010001182556152344
0.010937929153442383
0.010291814804077148
0.010710000991821289
0.005320549011230469
0.00974130630493164
0.009902238845825195
0.008190393447875977
0.005345821380615234
0.007582426071166992
0.008476972579956055
0.00841212272644043
0.005252838134765625
0.009852409362792969
0.009217023849487305
0.010297060012817383
0.0107421875
0.009576797485351562
0.010257720947265625
0.010080814361572266
0.00999760627746582
0.00943303108215332
0.010081768035888672
0.00983881950378418
0.009341716766357422
0.01005411148071289
0.005199432373046875
0.0079345703125
0.008251667022705078
0.010227680206298828
0.009484052658081055
0.009987592697143555
0.008397579193115234
0.0083465576171875
0.00719451904296875
0.008363008499145508
0.008327245712280273
0.010352849960327148
0.010439634323120117
0.010440587997436523
0.009567022323608398
0.009623527526855469
0.010513782501220703
0.01029205322265625
0.011530876159667969
0.010489225387573242
0.009260177612304688
0.010387182235717773
0.009706735610961914
0.010437965393066406
0.009521245956420898
0.010393857955932617
0.00994110107421875
0.010374784469604492
0.010422945022583008
0.00911855697631836
0.010270833969116211
0.009265422821044922
0.009491443634033203
0.009958744049072266
0.010335445404052734
0.009678125381469727
0.009612560272216797
0.010193586349487305
0.010428905487060547
0.010126113891601562
0.00951242446899414
0.006594657897949219
0.009926319122314453
0.01046299934387207
0.010040760040283203
0.010445117950439453
0.009890556335449219
0.010378599166870117
0.010000467300415039
0.009347915649414062
0.012051820755004883
0.010397195816040039
0.00958704948425293
0.010348796844482422
0.010396242141723633
0.009624481201171875
0.010495901107788086
0.009376764297485352
0.010430097579956055
0.010182857513427734
0.010388612747192383
0.010036230087280273
0.009492635726928711
0.010364294052124023
0.010367631912231445
0.010104656219482422
0.010392427444458008
0.01037907600402832
0.009984731674194336
0.009533882141113281
0.009345293045043945
0.009638786315917969
0.01035165786743164
0.01025390625
0.010373830795288086
0.009499311447143555
0.010396480560302734
0.01029062271118164
0.010442018508911133
0.010412454605102539
0.01035618782043457
0.010377883911132812
0.009519815444946289
0.010429620742797852
0.009489297866821289
0.010380983352661133
0.009543657302856445
0.010401010513305664
0.009700536727905273
0.01039433479309082
0.010438919067382812
0.009531736373901367
0.010458946228027344
0.009711742401123047
0.010392427444458008
0.009905576705932617
0.010400056838989258
0.010406732559204102
0.009213685989379883
0.010401248931884766
0.009505510330200195
0.009503841400146484
0.009944677352905273
0.010393619537353516
0.010375499725341797
0.009670257568359375
0.010416269302368164
0.010392904281616211
0.009368181228637695
0.010427236557006836
0.011002540588378906
0.010500669479370117
0.009399652481079102
0.008964776992797852
0.010374069213867188
0.010455846786499023
0.006749868392944336
0.00804901123046875
0.009868144989013672
0.010157585144042969
0.009639978408813477
0.009818077087402344
0.009323358535766602
0.010126352310180664
0.009861469268798828
0.010401248931884766
0.009577751159667969
0.009593725204467773
0.010165691375732422
0.01040339469909668
0.009525537490844727
0.009203195571899414
0.010395288467407227
0.009862422943115234
0.010377168655395508
0.00938558578491211
0.00994253158569336
0.010430574417114258
0.00526738166809082
0.01038980484008789
0.009634017944335938
0.00933694839477539
0.01036381721496582
0.010243415832519531
0.009174585342407227
0.010398626327514648
0.010045766830444336
0.010426521301269531
0.010387897491455078
0.010428428649902344
0.009756088256835938
0.010368585586547852
0.010428905487060547
0.009377717971801758
0.009365081787109375
0.010369300842285156
0.010297298431396484
0.009669065475463867
0.008753776550292969
0.010370492935180664
0.009891271591186523
0.010395288467407227
0.010386228561401367
0.009292364120483398
0.010347843170166016
0.01011800765991211
0.010395526885986328
0.009768962860107422
0.009421825408935547
0.010392427444458008
0.010169029235839844
0.009660959243774414
0.010381221771240234
0.009632110595703125
0.010365486145019531
0.010157346725463867
0.010323047637939453
0.010050296783447266
0.0131072998046875
0.008345842361450195
0.005199432373046875
0.010205984115600586
0.010091304779052734
0.009533166885375977
0.010249137878417969
0.010097742080688477
0.010242938995361328
0.008826255798339844
0.010153532028198242
0.010255813598632812
0.01025700569152832
0.009483814239501953
0.010226964950561523
0.010115623474121094
0.010239362716674805
0.010001182556152344
0.010242223739624023
0.01025080680847168
0.009607553482055664
0.010294198989868164
0.009318828582763672
0.010266780853271484
0.010275125503540039
0.00960850715637207
0.010254621505737305
0.009951591491699219
0.009381771087646484
0.010259389877319336
0.010278463363647461
0.009480714797973633
0.010238409042358398
0.009958028793334961
0.009572029113769531
0.01019740104675293
0.010042428970336914
0.010254859924316406
0.010097026824951172
0.00936126708984375
0.010233163833618164
0.009581804275512695
0.009293556213378906
0.010245084762573242
0.01026463508605957
0.009709596633911133
0.008960723876953125
0.010256052017211914
0.01015162467956543
0.009117841720581055
0.010237932205200195
0.010271310806274414
0.009597063064575195
0.010251998901367188
0.009558439254760742
0.009910106658935547
0.010051727294921875
0.009383678436279297
0.010222434997558594
0.010254859924316406
0.009810209274291992
0.0063593387603759766
0.010311603546142578
0.010227203369140625
0.009935855865478516
0.010255813598632812
0.010267972946166992
0.00957345962524414
0.01024770736694336
0.01016855239868164
0.010265350341796875
0.01027536392211914
0.009131908416748047
0.01024937629699707
0.010254144668579102
0.009620904922485352
0.010267972946166992
0.009920597076416016
0.009360074996948242
0.010275125503540039
0.010001897811889648
0.010243415832519531
0.010023355484008789
0.00931239128112793
0.008325576782226562
0.008378028869628906
0.008363485336303711
0.00832509994506836
0.008386850357055664
0.008379936218261719
0.008417367935180664
0.008376359939575195
0.008384943008422852
0.005218982696533203
0.010037422180175781
0.009668827056884766
0.010022163391113281
0.010030269622802734
0.009747028350830078
0.009882926940917969
0.010081768035888672
0.010046720504760742
0.008908987045288086
0.010030746459960938
0.009828805923461914
0.010029315948486328
0.010123729705810547
0.009383916854858398
0.009688854217529297
0.00914454460144043
0.010071992874145508
0.011819601058959961
0.010035514831542969
0.009785652160644531
0.010035276412963867
0.009100198745727539
0.009457588195800781
0.010033130645751953
0.009763240814208984
0.010032176971435547
0.010066509246826172
0.010100841522216797
0.010069131851196289
0.007946252822875977
0.010066032409667969
0.010061979293823242
0.010059833526611328
0.009682178497314453
0.007945775985717773
0.009486675262451172
0.04386305809020996
0.007952213287353516
0.010086774826049805
0.00999593734741211
0.009802579879760742
0.009534835815429688
0.00903010368347168
0.009334087371826172
0.010167598724365234
0.009808063507080078
0.009637117385864258
0.009473085403442383
0.01006007194519043
0.010049104690551758
0.010071277618408203
0.009975671768188477
0.009066104888916016
0.00947260856628418
0.00955653190612793
0.009586572647094727
0.011896371841430664
0.009382963180541992
0.009519815444946289
0.009557962417602539
0.00961160659790039
0.009595870971679688
0.009086370468139648
0.009345531463623047
0.005582332611083984
0.00999307632446289
0.010189294815063477
0.009282827377319336
0.010219097137451172
0.01018834114074707
0.009488582611083984
0.010231494903564453
0.00950479507446289
0.010209083557128906
0.009988069534301758
0.009432315826416016
0.010291337966918945
0.01022791862487793
0.010178327560424805
0.010243654251098633
0.010078668594360352
0.009616374969482422
0.009950399398803711
0.010219097137451172
0.010204792022705078
0.009698867797851562
0.008766889572143555
0.010237932205200195
0.010219573974609375
0.009696483612060547
0.010244131088256836
0.009922981262207031
0.01030731201171875
0.009765625
0.010274648666381836
0.010037660598754883
0.01031494140625
0.009872674942016602
0.010292291641235352
0.009961366653442383
0.010047674179077148
0.009795665740966797
0.009422540664672852
0.009619951248168945
0.010270357131958008
0.010293722152709961
0.009441852569580078
0.010286092758178711
0.010297060012817383
0.010282039642333984
0.009505271911621094
0.010320901870727539
0.010318994522094727
0.009239435195922852
0.010274171829223633
0.010271072387695312
0.010331869125366211
0.009638309478759766
0.01030731201171875
0.010285615921020508
0.010123252868652344
0.010311603546142578
0.010323762893676758
0.008956432342529297
0.009842157363891602
0.01040792465209961
0.010511159896850586
0.009310483932495117
0.008808374404907227
0.010311365127563477
0.00999307632446289
0.010310649871826172
0.009911298751831055
0.010305404663085938
0.009752750396728516
0.01034092903137207
0.010326862335205078
0.010001897811889648
0.010338306427001953
0.01030421257019043
0.009473085403442383
0.010287761688232422
0.009947776794433594
0.01027989387512207
0.01032400131225586
0.011621475219726562
0.010341644287109375
0.010315895080566406
0.009530782699584961
0.00969839096069336
0.010328292846679688
0.010268449783325195
0.010286808013916016
0.009790897369384766
0.010243892669677734
0.010319709777832031
0.010358810424804688
0.010332584381103516
0.009655237197875977
0.010334014892578125
0.009750604629516602
0.010408163070678711
0.009888887405395508
0.010989904403686523
0.010148286819458008
0.0103759765625
0.01044154167175293
0.009971857070922852
0.009652853012084961
0.010370016098022461
0.009466409683227539
0.010367155075073242
0.009372949600219727
0.010380268096923828
0.009793281555175781
0.008968353271484375
0.010398626327514648
0.010383844375610352
0.009444236755371094
0.010428190231323242
0.010405540466308594
0.010373830795288086
0.0103912353515625
0.010370016098022461
0.010375261306762695
0.010372638702392578
0.009784698486328125
0.010385274887084961
0.00954294204711914
0.01036691665649414
0.010370731353759766
0.00981283187866211
0.010361433029174805
0.010385274887084961
0.01039886474609375
0.008997201919555664
0.010176420211791992
0.010401487350463867
0.009726762771606445
0.010425329208374023
0.010394573211669922
0.009601354598999023
0.010394096374511719
0.01039576530456543
0.010381698608398438
0.010358333587646484
0.009626150131225586
0.010408639907836914
0.010380268096923828
0.009366989135742188
0.01038670539855957
0.00939035415649414
0.01039433479309082
0.010399103164672852
0.009443283081054688
0.010385274887084961
0.010765314102172852
0.010448217391967773
0.010399580001831055
0.010373830795288086
0.010378122329711914
0.010393857955932617
0.010304927825927734
0.009593725204467773
0.009981632232666016
0.010360479354858398
0.010435342788696289
0.010360956192016602
0.009769678115844727
0.010373115539550781
0.010366201400756836
0.010409116744995117
0.009282588958740234
0.010372161865234375
0.009525537490844727
0.010376453399658203
0.010429859161376953
0.010360002517700195
0.009827852249145508
0.010376214981079102
0.009804487228393555
0.010392427444458008
0.010371923446655273
0.009525299072265625
0.010374069213867188
0.009234189987182617
0.010662317276000977
0.010365009307861328
0.009629487991333008
0.01041555404663086
0.010379552841186523
0.010375022888183594
0.009930133819580078
0.010385751724243164
0.010387420654296875
0.010365962982177734
0.009409904479980469
0.00832819938659668
0.00841069221496582
0.008393287658691406
0.006882667541503906
0.008390188217163086
0.008398294448852539
0.008357524871826172
0.008368492126464844
0.008335113525390625
0.009892463684082031
0.008432388305664062
0.00961923599243164
0.005198001861572266
0.009494543075561523
0.009960412979125977
0.010027885437011719
0.009085416793823242
0.009800195693969727
0.010054349899291992
0.009280681610107422
0.010064363479614258
0.01012420654296875
0.01022958755493164
0.009114265441894531
0.010178327560424805
0.010083198547363281
0.005545854568481445
0.010959148406982422
0.009978294372558594
0.008270502090454102
0.00998687744140625
0.010086536407470703
0.010097026824951172
0.00969076156616211
0.010018587112426758
0.009621858596801758
0.010059595108032227
0.010080814361572266
0.01007533073425293
0.009743690490722656
0.01008915901184082
0.010059833526611328
0.010057210922241211
0.010015487670898438
0.010100364685058594
0.009891271591186523
0.009476661682128906
0.009114503860473633
0.01056528091430664
0.007949590682983398
0.010479927062988281
0.010007143020629883
0.009685754776000977
0.010124683380126953
0.008736133575439453
0.010104656219482422
0.009436368942260742
0.011242151260375977
0.010092020034790039
0.007931709289550781
0.010059118270874023
0.011856794357299805
0.009873151779174805
0.010066509246826172
0.010076045989990234
0.011883735656738281
0.01007843017578125
0.01008462905883789
0.010068655014038086
0.012543201446533203
0.009532690048217773
0.010082006454467773
0.00792074203491211
0.007950305938720703
0.010111808776855469
0.010086536407470703
0.00914907455444336
0.010081291198730469
0.010619878768920898
0.01078176498413086
0.009152412414550781
0.009367942810058594
0.009886741638183594
0.010065555572509766
0.00991964340209961
0.011136293411254883
0.010118484497070312
0.010112524032592773
0.00978851318359375
0.008775711059570312
0.010078668594360352
0.009011507034301758
0.010105371475219727
0.010060310363769531
0.009029388427734375
0.01009821891784668
0.010152578353881836
0.009370565414428711
0.00932168960571289
0.009515523910522461
0.008664131164550781
0.009255409240722656
0.008992671966552734
0.009290933609008789
0.009642362594604492
0.010076522827148438
0.010045766830444336
0.008765459060668945
0.009821653366088867
0.010090112686157227
0.010051250457763672
0.009923696517944336
0.009820222854614258
0.01001596450805664
0.009665727615356445
0.010043621063232422
0.010054826736450195
0.010952234268188477
0.009193181991577148
0.009775400161743164
0.010053157806396484
0.010043144226074219
0.008867502212524414
0.010024785995483398
0.00946497917175293
0.009478092193603516
0.010060310363769531
0.010042905807495117
0.010504007339477539
0.010057687759399414
0.008322000503540039
0.008476972579956055
0.008403778076171875
0.006995677947998047
0.008400678634643555
0.005186796188354492
0.01032257080078125
0.010286092758178711
0.010302305221557617
0.010310649871826172
0.010603904724121094
0.009932518005371094
0.008941173553466797
0.010349035263061523
0.010320425033569336
0.010174989700317383
0.010307788848876953
0.009792089462280273
0.010195732116699219
0.010334968566894531
0.00967097282409668
0.010361433029174805
0.009611845016479492
0.010091066360473633
0.010344505310058594
0.009653568267822266
0.010347604751586914
0.009421110153198242
0.009974241256713867
0.010373592376708984
0.010368585586547852
0.010068178176879883
0.009513378143310547
0.009850502014160156
0.010411262512207031
0.00986933708190918
0.010273218154907227
0.009015798568725586
0.009850263595581055
0.01035451889038086
0.01035928726196289
0.009277820587158203
0.010385990142822266
0.010384321212768555
0.01040196418762207
0.010392427444458008
0.010376214981079102
0.010380029678344727
0.010375738143920898
0.010364055633544922
0.010378837585449219
0.010365724563598633
0.009452581405639648
0.0104217529296875
0.009598731994628906
0.009446859359741211
0.008278131484985352
0.009792804718017578
0.010391950607299805
0.010367155075073242
0.010384559631347656
0.010365486145019531
0.010393857955932617
0.010559320449829102
0.008788347244262695
0.009423494338989258
0.010082006454467773
0.010339498519897461
0.010304689407348633
0.010347604751586914
0.010379791259765625
0.01042938232421875
0.010399341583251953
0.010395526885986328
0.010375499725341797
0.010356903076171875
0.009655952453613281
0.009803056716918945
0.01034402847290039
0.010341405868530273
0.009500980377197266
0.01031637191772461
0.010424613952636719
0.010380983352661133
0.010384082794189453
0.010236740112304688
0.010178565979003906
0.009943962097167969
0.009957075119018555
0.010370969772338867
0.01038980484008789
0.01004934310913086
0.011227607727050781
0.010364055633544922
0.0103759765625
0.010369300842285156
0.010351896286010742
0.009576559066772461
0.009762763977050781
0.01085519790649414
0.010409355163574219
0.009469270706176758
0.009500980377197266
0.010375738143920898
0.010373353958129883
0.010364294052124023
0.010206222534179688
0.009540319442749023
0.010391473770141602
0.010365009307861328
0.010414838790893555
0.010369539260864258
0.010368824005126953
0.010367393493652344
0.00955820083618164
0.00974416732788086
0.010373592376708984
0.010825395584106445
0.010362386703491211
0.009556293487548828
0.009671211242675781
0.010370492935180664
0.010364294052124023
0.010406017303466797
0.009026765823364258
0.010361433029174805
0.010352373123168945
0.01041102409362793
0.011027097702026367
0.010416746139526367
0.0095062255859375
0.005255460739135742
0.010122299194335938
0.010421514511108398
0.010437726974487305
0.009881734848022461
0.010408878326416016
0.010420799255371094
0.009406566619873047
0.010375499725341797
0.010418415069580078
0.010414838790893555
0.009700298309326172
0.010097980499267578
0.010410308837890625
0.010388612747192383
0.010354995727539062
0.010367393493652344
0.010385274887084961
0.009413480758666992
0.009271860122680664
0.011142253875732422
0.01040196418762207
0.01035618782043457
0.009961128234863281
0.01022958755493164
0.010364294052124023
0.009433746337890625
0.010388851165771484
0.009499549865722656
0.009575128555297852
0.010379314422607422
0.01041555404663086
0.009749412536621094
0.010383844375610352
0.010391712188720703
0.009590387344360352
0.01043248176574707
0.010404825210571289
0.010411739349365234
0.010366439819335938
0.010421514511108398
0.010388374328613281
0.010390281677246094
0.009250640869140625
0.010161161422729492
0.010299444198608398
0.010534048080444336
0.010391473770141602
0.010354995727539062
0.010399341583251953
0.010354995727539062
0.010541439056396484
0.010368585586547852
0.00922703742980957
0.010457992553710938
0.010425567626953125
0.010415315628051758
0.010416746139526367
0.009488344192504883
0.010432958602905273
0.01022648811340332
0.010361194610595703
0.010399103164672852
0.010370492935180664
0.010358810424804688
0.010357141494750977
0.010357141494750977
0.010392427444458008
0.010389566421508789
0.010378837585449219
0.009279727935791016
0.010208606719970703
0.010374307632446289
0.01035308837890625
0.010367393493652344
0.010314464569091797
0.010376691818237305
0.010389566421508789
0.010431528091430664
0.010408401489257812
0.010423421859741211
0.010423898696899414
0.010445833206176758
0.010384559631347656
0.009618043899536133
0.009450435638427734
0.00975799560546875
0.010433673858642578
0.010436296463012695
0.010375738143920898
0.009602546691894531
0.010006904602050781
0.010327339172363281
0.010433197021484375
0.010401248931884766
0.00955057144165039
0.009899377822875977
0.009068012237548828
0.00912618637084961
0.00998830795288086
0.010124683380126953
0.01027369499206543
0.010745763778686523
0.010280132293701172
0.010393381118774414
0.010370969772338867
0.010262250900268555
0.008695840835571289
0.009752750396728516
0.009974241256713867
0.010178089141845703
0.010367155075073242
0.010377645492553711
0.010361909866333008
0.010408163070678711
0.009954452514648438
0.01043391227722168
0.01038360595703125
0.010412454605102539
0.01025700569152832
0.010360240936279297
0.010377883911132812
0.010616064071655273
0.010463953018188477
0.010089635848999023
0.010739803314208984
0.008963823318481445
0.00860905647277832
0.009079694747924805
0.009063959121704102
0.008853912353515625
0.010396718978881836
0.010377883911132812
0.010793209075927734
0.009397029876708984
0.010338544845581055
0.010370731353759766
0.010357379913330078
0.010429859161376953
0.01036214828491211
0.009505271911621094
0.00954890251159668
0.009519815444946289
0.009767770767211914
0.010378122329711914
0.010355234146118164
0.010374307632446289
0.009116411209106445
0.010460615158081055
0.010387897491455078
0.010356903076171875
0.010378837585449219
0.009289264678955078
0.010378360748291016
0.010439634323120117
0.010375261306762695
0.010390281677246094
0.00988316535949707
0.010191202163696289
0.010074138641357422
0.010406970977783203
0.010301828384399414
0.010357141494750977
0.008596181869506836
0.009704828262329102
0.010197162628173828
0.010139942169189453
0.010318279266357422
0.009431123733520508
0.010387182235717773
0.010360240936279297
0.009322881698608398
0.010370969772338867
0.010395050048828125
0.01032567024230957
0.01038050651550293
0.010364532470703125
0.010387897491455078
0.010375261306762695
0.009148597717285156
0.010370969772338867
0.010268926620483398
0.010172128677368164
0.010360002517700195
0.01030111312866211
0.010686874389648438
0.010376691818237305
0.010391950607299805
0.010339736938476562
0.010357141494750977
0.010378122329711914
0.010915279388427734
0.010271310806274414
0.0103607177734375
0.009946346282958984
0.01003885269165039
0.010376691818237305
0.01019906997680664
0.010363340377807617
0.009651899337768555
0.009549379348754883
0.009586811065673828
0.010405778884887695
0.010350227355957031
0.0103607177734375
0.01040196418762207
0.010373115539550781
0.010364532470703125
0.009293079376220703
0.009979724884033203
0.01043701171875
0.010446310043334961
0.009263038635253906
0.01041722297668457
0.01040029525756836
0.010399341583251953
0.00923919677734375
0.010427236557006836
0.010387659072875977
0.01041269302368164
0.010425567626953125
0.010422706604003906
0.010431528091430664
0.010402917861938477
0.009306192398071289
0.010217666625976562
0.010409832000732422
0.010427236557006836
0.010394096374511719
0.010371923446655273
0.010332345962524414
0.009683370590209961
0.01037144660949707
0.010055065155029297
0.01037287712097168
0.009469747543334961
0.009640693664550781
0.01037740707397461
0.010069131851196289
0.010296106338500977
0.01025390625
0.010360956192016602
0.01037287712097168
0.010126829147338867
0.010347604751586914
0.010407686233520508
0.01039743423461914
0.010184049606323242
0.010402917861938477
0.010376691818237305
0.0103759765625
0.010343551635742188
0.010376214981079102
0.010364294052124023
0.0103607177734375
0.010389089584350586
0.009375810623168945
0.01035928726196289
0.010365962982177734
0.010372161865234375
0.01038503646850586
0.010567188262939453
0.010358572006225586
0.009950637817382812
0.010359525680541992
0.009175777435302734
0.010411977767944336
0.010364532470703125
0.010370016098022461
0.010383844375610352
0.010120868682861328
0.010347127914428711
0.010390281677246094
0.01453709602355957
0.008411169052124023
0.008427858352661133
0.00838780403137207
0.008405923843383789
0.005191326141357422
0.009395122528076172
0.009630203247070312
0.00859832763671875
0.009233474731445312
0.009278297424316406
0.010028362274169922
0.009633541107177734
0.010023355484008789
0.010046958923339844
0.009192943572998047
0.010060310363769531
0.010044097900390625
0.010048866271972656
0.010052204132080078
0.010053396224975586
0.010052204132080078
0.010007143020629883
0.010048389434814453
0.00932931900024414
0.010046958923339844
0.008368492126464844
0.008417367935180664
0.008370399475097656
0.008374214172363281
0.008410453796386719
0.008399248123168945
0.005185842514038086
0.009393692016601562
0.009293556213378906
0.010283708572387695
0.010265350341796875
0.010255098342895508
0.010527610778808594
0.009227991104125977
0.009513616561889648
0.010179996490478516
0.009583473205566406
0.009708642959594727
0.010209321975708008
0.010223865509033203
0.010216474533081055
0.010215520858764648
0.010205268859863281
0.010200977325439453
0.010226726531982422
0.010232686996459961
0.010217666625976562
0.010222911834716797
0.010214567184448242
0.010228157043457031
0.01021122932434082
0.010215282440185547
0.010223150253295898
0.010227441787719727
0.008516073226928711
0.00979161262512207
0.01022648811340332
0.010225296020507812
0.010237693786621094
0.010213136672973633
0.010242462158203125
0.010208845138549805
0.00925755500793457
0.009480953216552734
0.010198354721069336
0.010213613510131836
0.010207653045654297
0.010248661041259766
0.010212182998657227
0.009363889694213867
0.009707450866699219
0.010044097900390625
0.010143518447875977
0.009968280792236328
0.01019144058227539
0.010184526443481445
0.010204315185546875
0.010218381881713867
0.009206533432006836
0.009913921356201172
0.010262489318847656
0.010227680206298828
0.009995222091674805
0.010218143463134766
0.010211467742919922
0.010221242904663086
0.010234832763671875
0.010026931762695312
0.010218620300292969
0.009668588638305664
0.01020359992980957
0.01005697250366211
0.010213136672973633
0.010201215744018555
0.010201215744018555
0.010209798812866211
0.010206460952758789
0.010216951370239258
0.01020956039428711
0.00976252555847168
0.009506464004516602
0.00978851318359375
0.010161638259887695
0.009855985641479492
0.009172439575195312
0.010154485702514648
0.010215282440185547
0.010213375091552734
0.010201215744018555
0.010219573974609375
0.010218143463134766
0.010208606719970703
0.010221719741821289
0.010207891464233398
0.010239362716674805
0.01020050048828125
0.01021885871887207
0.01039266586303711
0.010236263275146484
0.010204076766967773
0.010220766067504883
0.010198593139648438
0.009971857070922852
0.010003089904785156
0.010222673416137695
0.010230302810668945
0.01019740104675293
0.010174989700317383
0.010224103927612305
0.010223865509033203
0.010228157043457031
0.01021718978881836
0.010196924209594727
0.009751081466674805
0.010213136672973633
0.010215520858764648
0.010202407836914062
0.009286165237426758
0.010253429412841797
0.010210037231445312
0.009966611862182617
0.009192228317260742
0.01023244857788086
0.010248661041259766
0.010048389434814453
0.010223627090454102
0.010007858276367188
0.010252952575683594
0.01023554801940918
0.01024937629699707
0.009091854095458984
0.010228633880615234
0.010245800018310547
0.00923609733581543
0.009691715240478516
0.009366035461425781
0.009560346603393555
0.01025700569152832
0.01024627685546875
0.008705615997314453
0.009520769119262695
0.010221481323242188
0.010205984115600586
0.01019597053527832
0.009014368057250977
0.010240554809570312
0.010021686553955078
0.00977945327758789
0.010203123092651367
0.010212421417236328
0.010264873504638672
0.010246753692626953
0.010223388671875
0.009278297424316406
0.010201692581176758
0.00973200798034668
0.010209321975708008
0.01021432876586914
0.010200023651123047
0.009966850280761719
0.010221481323242188
0.010041236877441406
0.01007986068725586
0.01024627685546875
0.009228229522705078
0.010254383087158203
0.01024770736694336
0.00998687744140625
0.010387659072875977
0.010157346725463867
0.009824752807617188
0.00963449478149414
0.009752035140991211
0.010218381881713867
0.009383916854858398
0.009825944900512695
0.009759187698364258
0.010219335556030273
0.010224342346191406
0.010283470153808594
0.010202884674072266
0.010225534439086914
0.009967327117919922
0.009597063064575195
0.010273218154907227
0.010256767272949219
0.010251522064208984
0.010235309600830078
0.010257482528686523
0.008987665176391602
0.009522676467895508
0.01020669937133789
0.010252952575683594
0.010190248489379883
0.010213613510131836
0.010210037231445312
0.009470462799072266
0.01022028923034668
0.010240554809570312
0.008450984954833984
0.008901834487915039
0.010066986083984375
0.010256290435791016
0.010214567184448242
0.010216951370239258
0.010426044464111328
0.009839296340942383
0.010225534439086914
0.01020503044128418
0.010226249694824219
0.010236263275146484
0.010250329971313477
0.01020503044128418
0.010232686996459961
0.010267019271850586
0.010213136672973633
0.010225296020507812
0.010216236114501953
0.010253667831420898
0.009329795837402344
0.010163068771362305
0.009735822677612305
0.010220527648925781
0.010252237319946289
0.010218381881713867
0.008788585662841797
0.01010894775390625
0.009807586669921875
0.010235309600830078
0.010181427001953125
0.010198831558227539
0.010316133499145508
0.010226011276245117
0.010223150253295898
0.010208368301391602
0.010211467742919922
0.010200738906860352
0.010204553604125977
0.009535074234008789
0.009656429290771484
0.009243249893188477
0.010261297225952148
0.010241031646728516
0.010205507278442383
0.010259389877319336
0.010148048400878906
0.010192155838012695
0.010240554809570312
0.01021575927734375
0.010248184204101562
0.01024937629699707
0.010085821151733398
0.010214090347290039
0.010212898254394531
0.010123014450073242
0.010205984115600586
0.010221719741821289
0.010178089141845703
0.010226249694824219
0.010198831558227539
0.010245084762573242
0.010220766067504883
0.010217428207397461
0.010202407836914062
0.0102691650390625
0.00925588607788086
0.009891748428344727
0.01013636589050293
0.009179353713989258
0.010155916213989258
0.010262012481689453
0.008945703506469727
0.010252714157104492
0.009183645248413086
0.010600090026855469
0.010958433151245117
0.010030508041381836
0.01026153564453125
0.00944066047668457
0.011620283126831055
0.01025247573852539
0.010245323181152344
0.009387016296386719
0.010203123092651367
0.010285139083862305
0.010640621185302734
0.009375572204589844
0.00991678237915039
0.010263681411743164
0.010278463363647461
0.010270357131958008
0.010258913040161133
0.00996541976928711
0.010238885879516602
0.008962631225585938
0.01003122329711914
0.01026773452758789
0.010256052017211914
0.01024174690246582
0.009046316146850586
0.010056257247924805
0.010284900665283203
0.010251760482788086
0.009211301803588867
0.0098724365234375
0.010220527648925781
0.010221242904663086
0.009741783142089844
0.009922266006469727
0.010004997253417969
0.010068893432617188
0.010731935501098633
0.009752273559570312
0.010212421417236328
0.010222434997558594
0.010083198547363281
0.010004997253417969
0.010204792022705078
0.010434150695800781
0.01024627685546875
0.010219812393188477
0.010215997695922852
0.010206222534179688
0.009450435638427734
0.010213375091552734
0.010204315185546875
0.00996541976928711
0.010002851486206055
0.010227680206298828
0.010215282440185547
0.010231971740722656
0.010216951370239258
0.01021265983581543
0.010236740112304688
0.010215282440185547
0.010201692581176758
0.01019144058227539
0.010226011276245117
0.010307550430297852
0.01020503044128418
0.010261297225952148
0.010210275650024414
0.010228633880615234
0.010226964950561523
0.009346723556518555
0.009212493896484375
0.009823083877563477
0.010120391845703125
0.01025247573852539
0.010227680206298828
0.010207176208496094
0.009610414505004883
0.009946107864379883
0.009368896484375
0.00947260856628418
0.01001119613647461
0.010190725326538086
0.009697437286376953
0.010275602340698242
0.010206222534179688
0.010072946548461914
0.010219335556030273
0.010215997695922852
0.01020669937133789
0.010210990905761719
0.010216474533081055
0.009784221649169922
0.010171651840209961
0.01022481918334961
0.010207653045654297
0.011229276657104492
0.01009821891784668
0.01023244857788086
0.010236263275146484
0.010243892669677734
0.010206222534179688
0.010205745697021484
0.010060310363769531
0.009501457214355469
0.009716033935546875
0.009191513061523438
0.010223388671875
0.010245323181152344
0.010215044021606445
0.010220766067504883
0.01019906997680664
0.009122610092163086
0.010007381439208984
0.01026296615600586
0.010223627090454102
0.011361122131347656
0.010165929794311523
0.010245800018310547
0.010216236114501953
0.010223150253295898
0.010187387466430664
0.01021432876586914
0.010207891464233398
0.010206937789916992
0.010216712951660156
0.010242223739624023
0.010202407836914062
0.010208368301391602
0.010220050811767578
0.01019906997680664
0.010214805603027344
0.01020503044128418
0.010035276412963867
0.010251998901367188
0.010231971740722656
0.010239839553833008
0.010272979736328125
0.010201454162597656
0.010237693786621094
0.00921320915222168
0.010261058807373047
0.010859966278076172
0.010271072387695312
0.010528802871704102
0.010279655456542969
0.010293722152709961
0.009090185165405273
0.009981870651245117
0.010303497314453125
0.01025080680847168
0.010249853134155273
0.009281158447265625
0.009898900985717773
0.010266304016113281
0.009923458099365234
0.010072469711303711
0.010567665100097656
0.010223865509033203
0.01022791862487793
0.009078502655029297
0.01011967658996582
0.010205984115600586
0.010191202163696289
0.010226249694824219
0.010195016860961914
0.010240554809570312
0.0102386474609375
0.010202646255493164
0.010196685791015625
0.010227680206298828
0.009978055953979492
0.010223150253295898
0.010224580764770508
0.009942770004272461
0.010228157043457031
0.010274648666381836
0.010242700576782227
0.009640693664550781
0.01011967658996582
0.010267019271850586
0.01201772689819336
0.010236740112304688
0.010210752487182617
0.010264873504638672
0.010298013687133789
0.010236740112304688
0.010238170623779297
0.00920867919921875
0.010174751281738281
0.010246515274047852
0.010266304016113281
0.010263442993164062
0.010146379470825195
0.010219812393188477
0.010218620300292969
0.00960683822631836
0.00955653190612793
0.009955406188964844
0.010211944580078125
0.010251760482788086
0.010185480117797852
0.010185480117797852
0.009459733963012695
0.009829998016357422
0.010236978530883789
0.01012110710144043
0.010216712951660156
0.010215044021606445
0.01023411750793457
0.010201215744018555
0.009490728378295898
0.010216236114501953
0.010216236114501953
0.010204553604125977
0.010201454162597656
0.009569168090820312
0.010220050811767578
0.010233163833618164
0.009415149688720703
0.010106563568115234
0.01019740104675293
0.010233163833618164
0.009353876113891602
0.009803533554077148
0.010204553604125977
0.009473800659179688
0.0098876953125
0.010243415832519531
0.01021432876586914
0.010222911834716797
0.010202646255493164
0.010253429412841797
0.010234355926513672
0.011100053787231445
0.010209083557128906
0.010213375091552734
0.01020359992980957
0.010265827178955078
0.009011030197143555
0.010262012481689453
0.010253190994262695
0.00899052619934082
0.009814262390136719
0.01033163070678711
0.010336160659790039
0.009364604949951172
0.009833574295043945
0.010275125503540039
0.010264396667480469
0.010293006896972656
0.01024770736694336
0.01026296615600586
0.009688854217529297
0.010242462158203125
0.010227203369140625
0.00959920883178711
0.010195255279541016
0.01022028923034668
0.010194540023803711
0.008982181549072266
0.010288000106811523
0.010228395462036133
0.010208845138549805
0.010231971740722656
0.010207414627075195
0.010202646255493164
0.010136604309082031
0.01023554801940918
0.010239124298095703
0.010216951370239258
0.01022481918334961
0.009611368179321289
0.01013946533203125
0.010086774826049805
0.010226011276245117
0.009857892990112305
0.010204076766967773
0.009632349014282227
0.01015472412109375
0.010167598724365234
0.00974130630493164
0.010223627090454102
0.01022195816040039
0.010220050811767578
0.009125232696533203
0.010121822357177734
0.010229110717773438
0.010229110717773438
0.010221481323242188
0.009764671325683594
0.010205268859863281
0.010221719741821289
0.01022028923034668
0.010207414627075195
0.010024309158325195
0.010508298873901367
0.009985923767089844
0.010202169418334961
0.010206460952758789
0.010218620300292969
0.010082244873046875
0.00980997085571289
0.010214567184448242
0.00890660285949707
0.009853601455688477
0.010261774063110352
0.009331226348876953
0.010205507278442383
0.009739160537719727
0.009598016738891602
0.010216951370239258
0.010219097137451172
0.01023244857788086
0.010216474533081055
0.01020503044128418
0.009294509887695312
0.010216712951660156
0.009491920471191406
0.009364128112792969
0.010224342346191406
0.010218381881713867
0.009757518768310547
0.01005101203918457
0.009129524230957031
0.009600400924682617
0.009746313095092773
0.010202646255493164
0.010204315185546875
0.009145021438598633
0.009752511978149414
0.010181188583374023
0.010203361511230469
0.009655237197875977
0.009870767593383789
0.010247468948364258
0.010239601135253906
0.009838104248046875
0.009337186813354492
0.01007223129272461
0.010193109512329102
0.010238170623779297
0.009238719940185547
0.008986949920654297
0.009701013565063477
0.010237455368041992
0.010266780853271484
0.010237932205200195
0.01028585433959961
0.009140253067016602
0.01015925407409668
0.010277271270751953
0.010272741317749023
0.009139537811279297
0.01011037826538086
0.010238885879516602
0.010279178619384766
0.01026463508605957
0.010267496109008789
0.010215044021606445
0.010153532028198242
0.009952545166015625
0.010026931762695312
0.010232210159301758
0.008573293685913086
0.010236978530883789
0.010202884674072266
0.01021432876586914
0.010222196578979492
0.010221719741821289
0.010267257690429688
0.009845733642578125
0.01021885871887207
0.010213136672973633
0.010238170623779297
0.009549379348754883
0.010219812393188477
0.010222673416137695
0.010227441787719727
0.010212182998657227
0.009185791015625
0.010216474533081055
0.01020359992980957
0.009975910186767578
0.010208606719970703
0.010202884674072266
0.01023101806640625
0.010226249694824219
0.01072072982788086
0.011072874069213867
0.009830713272094727
0.010226011276245117
0.01022648811340332
0.010218381881713867
0.00983572006225586
0.010185003280639648
0.009530067443847656
0.009997129440307617
0.01012420654296875
0.010234355926513672
0.009754180908203125
0.010176897048950195
0.010106801986694336
0.009227275848388672
0.00962972640991211
0.010055303573608398
0.009749412536621094
0.010222673416137695
0.010305166244506836
0.009940624237060547
0.009526729583740234
0.01004648208618164
0.009908914566040039
0.009626626968383789
0.01019430160522461
0.009801149368286133
0.009877681732177734
0.009493827819824219
0.010211944580078125
0.01017904281616211
0.010210752487182617
0.010219097137451172
0.01020956039428711
0.010195732116699219
0.010196208953857422
0.010218381881713867
0.01022481918334961
0.010205745697021484
0.01019906997680664
0.010149478912353516
0.010233879089355469
0.010267019271850586
0.010104656219482422
0.009726762771606445
0.0101776123046875
0.010228157043457031
0.010035991668701172
0.010180950164794922
0.009321451187133789
0.009980440139770508
0.009902238845825195
0.009654760360717773
0.009303808212280273
0.009511709213256836
0.01022791862487793
0.010036468505859375
0.010147333145141602
0.010207414627075195
0.010219335556030273
0.010220050811767578
0.00980997085571289
0.009957313537597656
0.01021718978881836
0.010203123092651367
0.01023244857788086
0.010251045227050781
0.010228872299194336
0.010206460952758789
0.010210990905761719
0.010216474533081055
0.00956416130065918
0.010002613067626953
0.010154485702514648
0.007882356643676758
0.009423017501831055
0.009701728820800781
0.009938955307006836
0.010221242904663086
0.010238885879516602
0.010248184204101562
0.010213613510131836
0.010177135467529297
0.010140180587768555
0.009710311889648438
0.008675336837768555
0.01025533676147461
0.010242223739624023
0.010562419891357422
0.010279655456542969
0.010233879089355469
0.010242462158203125
0.010271549224853516
0.009469032287597656
0.009766340255737305
0.010123252868652344
0.010248422622680664
0.010274887084960938
0.01026010513305664
0.009887218475341797
0.008002042770385742
0.009613752365112305
0.010259866714477539
0.00961446762084961
0.010245800018310547
0.010254859924316406
0.010289669036865234
0.010277748107910156
0.010225772857666016
0.010248422622680664
0.010246038436889648
0.010261058807373047
0.010458946228027344
0.01026153564453125
0.01025247573852539
0.009207963943481445
0.010272741317749023
0.010274648666381836
0.010253190994262695
0.010252714157104492
0.01025390625
0.009089231491088867
0.010093212127685547
0.00936269760131836
0.010244369506835938
0.011161088943481445
0.009298563003540039
0.009940385818481445
0.010226249694824219
0.010204553604125977
0.010192394256591797
0.00951385498046875
0.010216712951660156
0.010203361511230469
0.010098934173583984
0.010024785995483398
0.009508132934570312
0.009628772735595703
0.010210752487182617
0.009379386901855469
0.010239362716674805
0.010236978530883789
0.010078191757202148
0.010277748107910156
0.009517669677734375
0.010265350341796875
0.009685993194580078
0.00984644889831543
0.009789228439331055
0.00967264175415039
0.010259628295898438
0.010267496109008789
0.009526968002319336
0.010033130645751953
0.009051084518432617
0.009796380996704102
0.010210990905761719
0.01028132438659668
0.009717702865600586
0.010247230529785156
0.010229825973510742
0.010037422180175781
0.010273933410644531
0.010287284851074219
0.007633686065673828
0.010266542434692383
0.010235071182250977
0.010222673416137695
0.010220050811767578
0.009244441986083984
0.010295629501342773
0.010210037231445312
0.009325742721557617
0.01024937629699707
0.010295391082763672
0.010226726531982422
0.00993657112121582
0.010228395462036133
0.010230779647827148
0.01027989387512207
0.009996414184570312
0.010220050811767578
0.010215044021606445
0.010205984115600586
0.010239839553833008
0.008999347686767578
0.0089874267578125
0.009721040725708008
0.010228395462036133
0.010216951370239258
0.0092010498046875
0.01025080680847168
0.010290861129760742
0.010230064392089844
0.010180473327636719
0.01021575927734375
0.010242462158203125
0.009968757629394531
0.009997129440307617
0.010234594345092773
0.010225057601928711
0.011092185974121094
0.010249137878417969
0.010191917419433594
0.01010894775390625
0.010249614715576172
0.009268045425415039
0.009756326675415039
0.010263681411743164
0.00971078872680664
0.010254383087158203
0.010229825973510742
0.01003718376159668
0.009978055953979492
0.010051727294921875
0.010123968124389648
0.010220050811767578
0.010213375091552734
0.008620977401733398
0.010208845138549805
0.010209321975708008
0.01020503044128418
0.01022791862487793
0.0101470947265625
0.010235786437988281
0.009894609451293945
0.010185480117797852
0.010248184204101562
0.011040210723876953
0.010390758514404297
0.010374784469604492
0.01038360595703125
0.01022481918334961
0.010371923446655273
0.010347604751586914
0.010367870330810547
0.010300636291503906
0.010128974914550781
0.010338306427001953
0.010286808013916016
0.010341167449951172
0.010392189025878906
0.010397195816040039
0.010512590408325195
0.009710311889648438
0.009734630584716797
0.009717464447021484
0.010341644287109375
0.010132312774658203
0.010313749313354492
0.010682821273803711
0.010338068008422852
0.009835004806518555
0.009972333908081055
0.009932756423950195
0.010033607482910156
0.01037454605102539
0.009297370910644531
0.010307073593139648
0.009827852249145508
0.010341644287109375
0.010371208190917969
0.009923458099365234
0.009832143783569336
0.009308338165283203
0.010358095169067383
0.010329961776733398
0.010384321212768555
0.010375022888183594
0.009975910186767578
0.009439945220947266
0.010352849960327148
0.00959634780883789
0.01017141342163086
0.010378599166870117
0.01039266586303711
0.009999275207519531
0.009624242782592773
0.01004648208618164
0.010421991348266602
0.009805917739868164
0.010379791259765625
0.009478569030761719
0.010397911071777344
0.009662389755249023
0.010244369506835938
0.010091066360473633
0.01037144660949707
0.009919881820678711
0.009886741638183594
0.010366678237915039
0.010437726974487305
0.010433197021484375
0.010384559631347656
0.010117053985595703
0.010239601135253906
0.010412931442260742
0.010389089584350586
0.009449958801269531
0.011126518249511719
0.010365724563598633
0.01039433479309082
0.009763717651367188
0.009213447570800781
0.009580850601196289
0.010368585586547852
0.010367870330810547
0.009538650512695312
0.01014852523803711
0.009780645370483398
0.01024174690246582
0.009704351425170898
0.012923240661621094
0.011165142059326172
0.008373260498046875
0.0051915645599365234
0.010027647018432617
0.00940704345703125
0.010032176971435547
0.010105371475219727
0.010022401809692383
0.009621381759643555
0.009230613708496094
0.010032892227172852
0.00944828987121582
0.009017467498779297
0.009412288665771484
0.00944375991821289
0.010020256042480469
0.00915074348449707
0.009157180786132812
0.00953984260559082
0.010056257247924805
0.010088920593261719
0.01006627082824707
0.009421110153198242
0.007953882217407227
0.007924795150756836
0.00904703140258789
0.008605480194091797
0.007896900177001953
0.007938623428344727
0.009805679321289062
0.007897615432739258
0.0100555419921875
0.005678892135620117
0.009139060974121094
0.008655786514282227
0.009618043899536133
0.007911205291748047
0.010077714920043945
0.010076045989990234
0.007905244827270508
0.010478734970092773
0.00932168960571289
0.010113954544067383
0.01329946517944336
0.005187273025512695
0.005148649215698242
0.005140542984008789
0.005181312561035156
0.008910417556762695
0.009459972381591797
0.010814666748046875
0.010057449340820312
0.009862661361694336
0.009109735488891602
0.008689641952514648
0.009491920471191406
0.010053396224975586
0.010685443878173828
0.010392904281616211
0.009015083312988281
0.011206626892089844
0.011248350143432617
0.010607242584228516
0.010101556777954102
0.00993490219116211
0.009482145309448242
0.008800745010375977
0.010008573532104492
0.010076045989990234
0.010075807571411133
0.009292125701904297
0.010106325149536133
0.008473873138427734
0.010259389877319336
0.009041070938110352
0.010050058364868164
0.010583162307739258
0.010073184967041016
0.007924079895019531
0.009750127792358398
0.009266138076782227
0.009814977645874023
0.010174751281738281
0.009112358093261719
0.007867574691772461
0.008284330368041992
0.009324073791503906
0.009394168853759766
0.008747577667236328
0.007987737655639648
0.01075291633605957
0.008637666702270508
0.00917196273803711
0.010194778442382812
0.009441375732421875
0.009501934051513672
0.008472204208374023
0.009705305099487305
0.009460210800170898
0.009532690048217773
0.01011204719543457
0.0105743408203125
0.011078596115112305
0.009374141693115234
0.010244131088256836
0.009412288665771484
0.009847402572631836
0.010035514831542969
0.010147809982299805
0.008829832077026367
0.009416341781616211
0.010805845260620117
0.010212182998657227
0.009906530380249023
0.009897470474243164
0.009289741516113281
0.010071992874145508
0.010087251663208008
0.0083770751953125
0.0108489990234375
0.010007381439208984
0.010092735290527344
0.010103702545166016
0.010248899459838867
0.011301994323730469
0.00966024398803711
0.007915019989013672
0.009793281555175781
0.008848190307617188
0.009169816970825195
0.008872032165527344
0.009163379669189453
0.01129460334777832
0.010514497756958008
0.009682655334472656
0.010102510452270508
0.008888721466064453
0.009782791137695312
0.010352611541748047
0.010137796401977539
0.009255409240722656
0.009139060974121094
0.010083436965942383
0.008647918701171875
0.009714841842651367
0.011845111846923828
0.011256694793701172
0.010540246963500977
0.009688854217529297
0.01065373420715332
0.007946491241455078
0.007930755615234375
0.009928226470947266
0.008075237274169922
0.007940053939819336
0.007924318313598633
0.010133028030395508
0.00953364372253418
0.009856700897216797
0.010144233703613281
0.00898432731628418
0.01009058952331543
0.009505271911621094
0.010169267654418945
0.009322166442871094
0.008708477020263672
0.009136438369750977
0.008587121963500977
0.010008573532104492
0.010070085525512695
0.011311769485473633
0.00938272476196289
0.009627103805541992
0.009196281433105469
0.010089397430419922
0.010567188262939453
0.010069608688354492
0.009501934051513672
0.009359359741210938
0.00932931900024414
0.008857011795043945
0.00988626480102539
0.010095834732055664
0.009786128997802734
0.010116815567016602
0.009470939636230469
0.010054588317871094
0.011340618133544922
0.011380910873413086
0.009784698486328125
0.011176347732543945
0.00997614860534668
0.009030342102050781
0.011188983917236328
0.008911848068237305
0.010062456130981445
0.009946823120117188
0.008805036544799805
0.009386777877807617
0.008816242218017578
0.008536815643310547
0.008686542510986328
0.00972890853881836
0.009887933731079102
0.008401155471801758
0.009229660034179688
0.009047508239746094
0.00960397720336914
0.0091552734375
0.00993967056274414
0.010122537612915039
0.008357524871826172
0.008725643157958984
0.008541107177734375
0.010369300842285156
0.008999109268188477
0.009003162384033203
0.011214971542358398
0.01160573959350586
0.009851694107055664
0.01123809814453125
0.010101079940795898
0.009163856506347656
0.009885072708129883
0.008831977844238281
0.0098724365234375
0.008959293365478516
0.009202718734741211
0.01004481315612793
0.009508609771728516
0.009710550308227539
0.010561704635620117
0.008923053741455078
0.009669780731201172
0.009982109069824219
0.009061813354492188
0.009236812591552734
0.010109663009643555
0.009856939315795898
0.010108470916748047
0.011855125427246094
0.008351564407348633
0.009078741073608398
0.008015871047973633
0.010176897048950195
0.010110855102539062
0.009676218032836914
0.0091705322265625
0.00910639762878418
0.008487939834594727
0.008007526397705078
0.009101152420043945
0.009379863739013672
0.008367538452148438
0.010543107986450195
0.007962703704833984
0.00844430923461914
0.009438514709472656
0.009971380233764648
0.009081363677978516
0.008100509643554688
0.009261369705200195
0.009721040725708008
0.010880470275878906
0.010432720184326172
0.011272668838500977
0.010051488876342773
0.009864330291748047
0.009835004806518555
0.010072708129882812
0.009695053100585938
0.008706331253051758
0.009842395782470703
0.010836124420166016
0.009777545928955078
0.010071992874145508
0.01087808609008789
0.010085582733154297
0.008937597274780273
0.007975578308105469
0.009361028671264648
0.00923776626586914
0.009872198104858398
0.008998632431030273
0.009957313537597656
0.007921218872070312
0.010086774826049805
0.009071826934814453
0.011335611343383789
0.00921320915222168
0.009721040725708008
0.007908344268798828
0.0053250789642333984
0.010306596755981445
0.007909059524536133
0.00793910026550293
0.010059833526611328
0.007912874221801758
0.007933855056762695
0.007915973663330078
0.027890682220458984
0.005185842514038086
0.005157470703125
0.007934808731079102
0.009241819381713867
0.00819849967956543
0.008428573608398438
0.009829998016357422
0.01018524169921875
0.009619712829589844
0.00940394401550293
0.01064753532409668
0.009217977523803711
0.00980234146118164
0.009065389633178711
0.009329795837402344
0.00870656967163086
0.010036945343017578
0.008650779724121094
0.010671377182006836
0.008526325225830078
0.010092020034790039
0.009948492050170898
0.009815692901611328
0.009876012802124023
0.010481834411621094
0.009934186935424805
0.010083436965942383
0.008530378341674805
0.009665489196777344
0.010162353515625
0.009658098220825195
0.010094404220581055
0.01079416275024414
0.010959863662719727
0.007926225662231445
0.01013946533203125
0.010155200958251953
0.010105609893798828
0.008821249008178711
0.01006460189819336
0.009283304214477539
0.009710311889648438
0.01073765754699707
0.010098934173583984
0.00907135009765625
0.009553194046020508
0.010100364685058594
0.010089635848999023
0.009323835372924805
0.009984970092773438
0.009528160095214844
0.009785890579223633
0.010354042053222656
0.010042667388916016
0.008405923843383789
0.009298086166381836
0.009518623352050781
0.010076045989990234
0.010139942169189453
0.008998870849609375
0.008537054061889648
0.010398626327514648
0.00519871711730957
0.00792551040649414
0.007901191711425781
0.010394811630249023
0.008989095687866211
0.00992727279663086
0.010068416595458984
0.007932424545288086
0.008964776992797852
0.010684013366699219
0.009727716445922852
0.009765148162841797
0.010106563568115234
0.010128259658813477
0.009776115417480469
0.008671045303344727
0.010183572769165039
0.010148763656616211
0.01007699966430664
0.010769844055175781
0.010189294815063477
0.010072946548461914
0.009552717208862305
0.00881052017211914
0.008930444717407227
0.01051187515258789
0.008619308471679688
0.009703636169433594
0.011031866073608398
0.010098695755004883
0.010616779327392578
0.011353492736816406
0.00901174545288086
0.008942842483520508
0.010066032409667969
0.00826120376586914
0.009110689163208008
0.011878490447998047
0.009795188903808594
0.010136127471923828
0.008353948593139648
0.009938240051269531
0.00908207893371582
0.009522676467895508
0.010577201843261719
0.01061558723449707
0.010089397430419922
0.009735345840454102
0.010113716125488281
0.009680986404418945
0.008823156356811523
0.008990049362182617
0.009881973266601562
0.009762287139892578
0.00946950912475586
0.009536266326904297
0.009798288345336914
0.010116338729858398
0.010258197784423828
0.010708808898925781
0.01056981086730957
0.009476900100708008
0.009796380996704102
0.010064125061035156
0.011861801147460938
0.009096622467041016
0.010102510452270508
0.009908914566040039
0.010082006454467773
0.008548736572265625
0.02916717529296875
0.008840322494506836
0.008650064468383789
0.009295225143432617
0.011281967163085938
0.01009511947631836
0.011417150497436523
0.009335517883300781
0.011896371841430664
0.01030278205871582
0.009085655212402344
0.009605169296264648
0.009510517120361328
0.009961843490600586
0.010001420974731445
0.009467363357543945
0.010022401809692383
0.010104894638061523
0.010104894638061523
0.009869575500488281
0.009502887725830078
0.009852409362792969
0.01174306869506836
0.008780241012573242
0.010088920593261719
0.010105609893798828
0.009317874908447266
0.01007986068725586
0.010168790817260742
0.00985097885131836
0.005494356155395508
0.01040029525756836
0.009445905685424805
0.010038375854492188
0.011108875274658203
0.010592222213745117
0.009909868240356445
0.009437799453735352
0.011628389358520508
0.009037256240844727
0.009793996810913086
0.008824586868286133
0.00918722152709961
0.010179996490478516
0.009807586669921875
0.008566856384277344
0.009547948837280273
0.00836801528930664
0.00985264778137207
0.009898900985717773
0.01038670539855957
0.008255720138549805
0.010260343551635742
0.009152889251708984
0.01003885269165039
0.008237838745117188
0.010106801986694336
0.008431434631347656
0.008979082107543945
0.009186983108520508
0.008513212203979492
0.007957696914672852
0.008648872375488281
0.009883880615234375
0.010897636413574219
0.010174989700317383
0.00973653793334961
0.010352134704589844
0.010560989379882812
0.010075807571411133
0.010115623474121094
0.010303974151611328
0.011564970016479492
0.00983428955078125
0.010066032409667969
0.009355545043945312
0.009502649307250977
0.008942127227783203
0.011092424392700195
0.009749889373779297
0.010544061660766602
0.010887861251831055
0.011543035507202148
0.010092735290527344
0.009601116180419922
0.008719205856323242
0.010229349136352539
0.010958671569824219
0.010370016098022461
0.010071992874145508
0.009742498397827148
0.011879682540893555
0.009518146514892578
0.009675025939941406
0.011002063751220703
0.00955057144165039
0.009424209594726562
0.009450912475585938
0.00913548469543457
0.010575294494628906
0.010167360305786133
0.009587764739990234
0.00963735580444336
0.010081291198730469
0.009518146514892578
0.010116100311279297
0.010085582733154297
0.01093745231628418
0.010047197341918945
0.009219646453857422
0.010358095169067383
0.008882284164428711
0.010799884796142578
0.00946187973022461
0.010127782821655273
0.00991201400756836
0.009485006332397461
0.00831294059753418
0.009490966796875
0.009048938751220703
0.010004520416259766
0.009391546249389648
0.008430004119873047
0.010089397430419922
0.009718179702758789
0.010086774826049805
0.009499073028564453
0.011749744415283203
0.008517742156982422
0.010077476501464844
0.009417057037353516
0.011260747909545898
0.009758710861206055
0.008844614028930664
0.00923299789428711
0.008796930313110352
0.009884357452392578
0.0076677799224853516
0.008455038070678711
0.01013946533203125
0.008537054061889648
0.00792694091796875
0.009829282760620117
0.00921940803527832
0.009708881378173828
0.009017229080200195
0.009645700454711914
0.010120868682861328
0.01038360595703125
0.00990915298461914
0.0105438232421875
0.00940084457397461
0.010073661804199219
0.008876323699951172
0.010068416595458984
0.010096073150634766
0.009636402130126953
0.01008462905883789
0.010080575942993164
0.006306171417236328
0.007925987243652344
0.007895469665527344
0.007929325103759766
0.007936239242553711
0.00955653190612793
0.009578704833984375
0.010138988494873047
0.00962209701538086
0.009792566299438477
0.009829044342041016
0.007935047149658203
0.008708477020263672
0.009069204330444336
0.00922536849975586
0.01000213623046875
0.010074853897094727
0.010525941848754883
0.009777307510375977
0.009407758712768555
0.010646343231201172
0.00832819938659668
0.009612321853637695
0.01007699966430664
0.009871244430541992
0.009865999221801758
0.010243892669677734
0.009337425231933594
0.010073423385620117
0.008704900741577148
0.010083198547363281
0.009219169616699219
0.009668350219726562
0.009644031524658203
0.007934331893920898
0.009531736373901367
0.009824752807617188
0.009331226348876953
0.00886988639831543
0.010104656219482422
0.010080337524414062
0.008944272994995117
0.010133028030395508
0.008783817291259766
0.009845972061157227
0.009760618209838867
0.00795602798461914
0.011348485946655273
0.010095596313476562
0.008974075317382812
0.010653257369995117
0.010927438735961914
0.010001182556152344
0.00971364974975586
0.009443521499633789
0.009402990341186523
0.00909280776977539
0.007920026779174805
0.0271604061126709
0.008999347686767578
0.00923609733581543
0.010054349899291992
0.00895237922668457
0.010056018829345703
0.010091304779052734
0.009484291076660156
0.01006460189819336
0.010033130645751953
0.009932518005371094
0.009633779525756836
0.009927988052368164
0.010031938552856445
0.008882999420166016
0.009212732315063477
0.009480953216552734
0.008735418319702148
0.009999513626098633
0.009788274765014648
0.008673906326293945
