0 1.019944667816162 8.656281674876848 0.2
2 3.0225155353546143 9.815093001864513 0.2
4 5.026443719863892 9.83751358607831 0.2
6 7.029989004135132 9.356380985651903 0.2
7 9.03398323059082 9.333818271604938 0.2
9 11.037803411483765 9.869459033457249 0.2
11 13.041331052780151 9.764888138957817 0.2
13 15.045302867889404 9.603804322981366 0.2
15 17.048934936523438 9.866479011124845 0.2
16 19.053196668624878 9.869474795539034 0.2
18 21.05650234222412 9.977101188118812 0.2
20 23.0607430934906 7.971305108763207 0.2
22 25.065208435058594 9.925367076167076 0.2
23 27.069236993789673 9.397918811145512 0.2
25 29.073561906814575 9.838120270104358 0.2
27 31.07692003250122 9.607975315985131 0.2
29 33.082030057907104 9.799641501538462 0.2
31 35.08560109138489 9.512991382316313 0.2
32 37.08939599990845 9.949599901173563 0.2
34 39.09295654296875 10.118220624219726 0.2
36 41.09694266319275 9.761613077399382 0.2
38 43.10151767730713 9.722918593460825 0.2
39 45.10475182533264 9.717490994441013 0.2
41 47.108827352523804 9.869470731102851 0.2
43 49.11303901672363 9.855525859714463 0.2
45 51.11632823944092 9.670035913312693 0.2
46 53.120208501815796 9.927737362229102 0.2
48 55.12510561943054 9.576519600997505 0.2
50 57.128196239471436 9.977773407821228 0.2
52 59.131996393203735 9.05743394916305 0.2
53 61.13560748100281 9.926738385093167 0.2
55 63.13959193229675 9.908180433973962 0.2
57 65.14354944229126 8.765890539367637 0.2
59 67.14896512031555 9.968625581106277 0.2
60 69.15190505981445 9.448323469640645 0.2
62 71.15647387504578 9.948492978328174 0.2
64 73.1601722240448 9.365211837237977 0.2
66 75.16362404823303 10.031141602959309 0.2
67 77.16720771789551 9.014794521900061 0.2
69 79.17116260528564 9.968030955021565 0.2
71 81.17492437362671 5.5043016 0.3
71 83.17852735519409 4.447185744548287 0.3
73 85.18337893486023 10.199922641744548 0.3
74 87.18634343147278 9.86455248192771 0.3
76 89.18999862670898 9.4180910042605 0.3
78 91.19354009628296 10.083946270871985 0.3
80 93.19835066795349 8.860244044389642 0.3
81 95.20206570625305 9.844462896208825 0.3
83 97.20507478713989 8.976889584109248 0.3
85 99.20967745780945 9.66658547707559 0.3
87 101.21367812156677 8.879748061919503 0.3
88 103.21705722808838 10.139473005600498 0.3
90 105.22105312347412 8.767063392967305 0.3
92 107.22466349601746 9.965904423906347 0.3
94 109.22841167449951 9.923953420235879 0.3
95 111.23325777053833 10.189557445753254 0.3
97 113.2379891872406 8.84305567265964 0.3
99 115.2408344745636 9.975004235294117 0.3
101 117.24501252174377 9.523065152838427 0.3
102 119.24847531318665 10.118173789670193 0.3
104 121.25247573852539 10.284875930521093 0.3
106 123.25587725639343 8.937906345083487 0.3
108 125.25992751121521 10.182192207792209 0.3
109 127.26368045806885 10.20533758812616 0.3
111 129.26720666885376 8.732956272225628 0.3
113 131.27097153663635 9.220807766023647 0.3
114 133.27564907073975 10.083622707423581 0.3
116 135.27941298484802 10.076191025481664 0.3
118 137.28329730033875 10.096961396508728 0.3
120 139.2867202758789 9.26592098826436 0.3
121 141.29123306274414 9.021764910988336 0.3
123 143.29478669166565 8.883536965265082 0.3
125 145.2978880405426 7.891823246592317 0.3
126 147.30141687393188 10.26172156813939 0.3
128 149.30427932739258 9.391470307503075 0.3
130 151.30736446380615 10.032136029962546 0.3
132 153.31199860572815 9.875111122071518 0.3
133 155.3152346611023 10.252361293532338 0.3
135 157.31764268875122 10.05158967263743 0.3
137 159.32134675979614 9.390570261519303 0.3
138 161.3262779712677 8.737899004975125 0.3
140 163.32956624031067 8.200486276463263 0.3
142 165.3322777748108 9.541587040498442 0.3
143 167.33560037612915 9.296649311639548 0.3
145 169.34030318260193 8.938162397003744 0.3
147 171.34439134597778 9.381600299812618 0.3
148 173.34726405143738 8.495543699999999 0.3
150 175.35189294815063 8.767160948813983 0.3
152 177.3552713394165 8.455213765586036 0.3
154 179.35909509658813 10.160384419475657 0.3
155 181.36199069023132 9.277365746408496 0.3
157 183.36520314216614 9.010841278996866 0.3
159 185.36996173858643 8.822365870646767 0.3
160 187.37815523147583 8.86190060907396 0.3
162 189.3768274784088 8.7205434 0.3
164 191.3806803226471 9.538124915782907 0.3
165 193.3841314315796 9.215759255121043 0.3
167 195.3887972831726 8.674005333333334 0.3
169 197.39135313034058 10.447360998751561 0.3
171 199.394788980484 10.22443942535915 0.3
172 201.39856362342834 8.854113 0.3
174 203.40230560302734 9.695560124766063 0.3
176 205.40615797042847 9.740920124921924 0.3
177 207.40962529182434 8.504825205479452 0.3
179 209.41352701187134 9.539906424546023 0.3
181 211.41622805595398 8.827806121174266 0.3
182 213.4205060005188 9.350697470404985 0.3
184 215.4240574836731 9.731876708229427 0.3
186 217.4279203414917 8.122902998760843 0.3
188 219.4316222667694 8.2774476426799 0.3
189 221.43555355072021 8.659812789115646 0.3
191 223.44051694869995 9.749730396039604 0.3
193 225.44267797470093 9.092117591558038 0.3
194 227.4476866722107 9.122122943722943 0.3
196 229.45196080207825 10.238908276291225 0.3
198 231.4543821811676 9.379550964530182 0.3
200 233.45994067192078 8.679367846058348 0.3
201 235.46276688575745 9.664608611967921 0.3
203 237.46633434295654 9.94617127317676 0.3
205 239.47050070762634 8.626052738537794 0.3
207 241.47490334510803 10.334674655065259 0.3
208 243.47800064086914 9.795473945409428 0.3
210 245.4835011959076 8.53733099009901 0.3
212 247.4852557182312 9.966686530105525 0.3
213 249.4894232749939 9.75083145510836 0.3
215 251.49367380142212 8.570890666666667 0.3
217 253.50025391578674 10.052271772699196 0.3
219 255.5025758743286 9.833082065961419 0.3
220 257.50611186027527 8.95492089108911 0.3
222 259.5090174674988 9.097621925925926 0.3
224 261.51525235176086 10.00873173993808 0.3
226 263.51691222190857 9.635770805452292 0.3
227 265.52072381973267 8.754052543209877 0.3
229 267.524516582489 10.216360074211503 0.3
231 269.5290403366089 9.709356784168213 0.3
232 271.5321092605591 9.0767577433354 0.3
234 273.53768944740295 9.914090726256983 0.3
236 275.5408492088318 9.932509244114003 0.3
238 277.54509925842285 9.749700927643785 0.3
239 279.5498595237732 9.430349640644362 0.3
241 281.55266189575195 9.843609987639061 0.3
243 283.55670619010925 8.806417986411365 0.3
245 285.56030797958374 8.925955809051457 0.3
246 287.5636336803436 9.945296551724137 0.3
248 289.56700921058655 10.020371673926572 0.3
250 291.5712242126465 9.113333598014888 0.3
251 293.5750687122345 8.654911980198019 0.3
253 295.5803098678589 10.11685803726708 0.3
255 297.5815510749817 9.683436397285625 0.3
257 299.585054397583 8.754984248447204 0.3
258 301.5891673564911 9.94290645040549 0.3
260 303.59333539009094 10.124419156327544 0.3
262 305.5964343547821 8.86173268777157 0.3
264 307.60188341140747 9.384689077306733 0.3
265 309.6057276725769 9.549518017348204 0.3
267 311.61145067214966 9.749391533209186 0.3
269 313.61367988586426 9.805167495361781 0.3
270 315.61705350875854 8.928430495049506 0.3
272 317.621217250824 10.168666799007445 0.3
274 319.6247341632843 9.872174491315135 0.3
276 321.628781080246 9.914080098887515 0.3
277 323.63375973701477 9.206704228146311 0.3
279 325.6355993747711 8.485677179962895 0.3
281 327.6418435573578 9.987262733457019 0.3
283 329.64385056495667 10.152814275092936 0.3
284 331.6477463245392 9.551096703841388 0.3
286 333.6543650627136 8.806183020509634 0.3
288 335.65385580062866 10.138460321384425 0.3
289 337.6590051651001 9.676657050805453 0.3
291 339.6618449687958 10.116887434944239 0.3
293 341.6684844493866 8.797883586889302 0.3
295 343.6704065799713 8.56522993197279 0.3
296 345.6736798286438 9.279890155183116 0.3
298 347.67989587783813 8.576749463171037 0.3
300 349.68080139160156 9.2196389 0.3
300 351.6844975948334 0.1479825327510917 0.3
300 353.6881945133209 0.14371285625388924 0.3
300 355.69181656837463 0.16525000620732463 0.3
300 357.6958453655243 0.160278648310388 0.3
300 359.69945216178894 0.1713754903185509 0.3
300 361.70414662361145 0.15582961946350593 0.3
300 363.70791888237 0.1418435433562071 0.3
300 365.71247935295105 0.16198079999999998 0.3
300 367.71616315841675 0.14655929956222638 0.3
300 369.71967792510986 0.1457883822610868 0.3
300 371.72332859039307 0.14792375234521576 0.3
300 373.72676706314087 0.14383002493765587 0.3
300 375.73020195961 0.14485971195992486 0.3
300 377.7353744506836 0.1669229731417864 0.3
300 379.7392563819885 0.17077023720349563 0.3
300 381.7431290149689 0.16846990630855715 0.3
300 383.74726700782776 0.16681796122576611 0.3
300 385.75115871429443 0.16888934415990006 0.3
300 387.7550435066223 0.16603967560823454 0.3
300 389.75901198387146 0.17621373283395755 0.3
300 391.7628273963928 0.17218748282323548 0.3
300 393.76636362075806 0.1501535 0.3
300 395.7706685066223 0.14911260462211118 0.3
300 397.77422618865967 0.1428068457214241 0.3
300 399.7780363559723 0.16793909999999998 0.3
300 401.78185629844666 0.16931859999999999 0.3
300 403.78578782081604 0.1674856214865709 0.3
300 405.7895941734314 0.1670226783479349 0.3
300 407.79348611831665 0.16751860262008733 0.3
300 409.797128200531 0.16851834793491866 0.3
300 411.8019645214081 0.16481067997504678 0.3
300 413.8058662414551 0.17080374298190892 0.3
300 415.8092987537384 0.1676615 0.3
300 417.81274032592773 0.1654854 0.3
300 419.8165946006775 0.165943685196752 0.3
300 421.82025933265686 0.17449286783042395 0.3
300 423.8243217468262 0.16730942643391522 0.3
300 425.8286671638489 0.09927309999999999 0.3
300 427.83247208595276 0.16574650843222985 0.3
300 429.8359053134918 0.1673238 0.3
300 431.83992433547974 0.17168379525593008 0.3
300 433.84363412857056 0.1662261827284105 0.3
300 435.8474473953247 0.168234506866417 0.3
300 437.85133385658264 0.17087490318550905 0.3
300 439.85485076904297 0.167931 0.3
300 441.8584473133087 0.16702810743285446 0.3
300 443.8618197441101 0.16818331457160723 0.3
300 445.8659496307373 0.16944858390517778 0.3
300 447.8704397678375 0.16953813866333542 0.3
300 449.8744559288025 0.1699406128830519 0.3
300 451.8780460357666 0.17137467248908295 0.3
300 453.8823425769806 0.1682906 0.3
300 455.88597345352173 0.11452190000000001 0.3
300 457.8897385597229 0.16982855715178014 0.3
300 459.8933336734772 0.1693379637726421 0.3
300 461.89695954322815 0.16719789868667917 0.3
300 463.9005219936371 0.16684405506883604 0.3
300 465.90419697761536 0.16751979987492183 0.3
300 467.90816497802734 0.16841197244834064 0.3
300 469.91212487220764 0.1704056 0.3
300 471.91576290130615 0.1699027215980025 0.3
300 473.9193985462189 0.1681153 0.3
300 475.922726392746 0.1653930293566521 0.3
300 477.9264392852783 0.16927271366188398 0.3
300 479.93086338043213 0.16986956304619225 0.3
300 481.93480014801025 0.17277806853582556 0.3
300 483.9385607242584 0.16671370786516854 0.3
300 485.9428050518036 0.16526344139650873 0.3
300 487.94651055336 0.16552789013732833 0.3
300 489.950040102005 0.16555186017478152 0.3
300 491.9537510871887 0.16902143839899936 0.3
300 493.9574644565582 0.1679234956304619 0.3
300 495.9609160423279 0.16446091193004372 0.3
300 497.964821100235 0.1654212 0.3
300 499.96851229667664 0.16870263914946843 0.3
300 501.97165274620056 0.17196150000000002 0.3
300 503.9753568172455 0.16972354556803995 0.3
300 505.9788956642151 0.16793913803872582 0.3
300 507.98264026641846 0.16770802992518702 0.3
300 509.98583340644836 0.1702534 0.3
300 511.98923230171204 0.1677282301438399 0.3
300 513.9941699504852 0.17278540911930043 0.3
300 515.9980812072754 0.16671780137414116 0.3
300 518.001936674118 0.16924307692307694 0.3
300 520.0055425167084 0.171043982576229 0.3
300 522.0094881057739 0.1663071580262336 0.3
300 524.0137152671814 0.16858370555208985 0.3
300 526.0173096656799 0.168658411507192 0.3
300 528.0220403671265 0.16691422138836773 0.3
300 530.0256299972534 0.16811080776455856 0.3
300 532.0291333198547 0.1744513 0.3
300 534.0327608585358 0.1679191484032561 0.3
300 536.0361666679382 0.1673950561797753 0.3
300 538.0400335788727 0.1679262460961899 0.3
300 540.0435116291046 0.1718690818238601 0.3
300 542.0470235347748 0.1688041973766396 0.3
300 544.05024933815 0.17103369999999998 0.3
300 546.0540974140167 0.16735140537164273 0.3
300 548.0576152801514 0.16737658963148033 0.3
300 550.061972618103 0.1657166458072591 0.3
300 552.0653626918793 0.16649743910056214 0.3
300 554.0682322978973 0.1659317219787101 0.3
300 556.0715243816376 0.16763997498436523 0.3
300 558.0746908187866 0.168955 0.3
300 560.0780930519104 0.1716589 0.3
300 562.0813057422638 0.16972818011257038 0.3
300 564.0848116874695 0.16511769712140176 0.3
300 566.0892653465271 0.16720100062539087 0.3
300 568.0924391746521 0.1682176279650437 0.3
300 570.0964825153351 0.17244355444305381 0.3
300 572.0995893478394 0.16603687304565354 0.3
300 574.1033189296722 0.16838372034956303 0.3
300 576.1064021587372 0.16500542839274546 0.3
300 578.10959649086 0.17830712586098935 0.3
300 580.1139042377472 0.16864971214017524 0.3
300 582.1168780326843 0.1915392759051186 0.3
300 584.1215422153473 0.17088469120399252 0.3
300 586.1252200603485 0.5860656910569106 0.3
300 588.1289823055267 0.4546018523153943 0.3
300 590.1326422691345 0.199229918699187 0.3
300 592.1356835365295 0.1682263829787234 0.3
300 594.1390435695648 0.164861684341859 0.3
300 596.1422357559204 0.18900225281602004 0.3
300 598.1457209587097 0.16304987531172072 0.3
300 600.148918390274 0.16749165315034312 0.3
300 602.1528635025024 0.16505558052434458 0.3
300 604.1560928821564 0.23350497816593888 0.3
300 606.1601881980896 0.1671888209606987 0.3
300 608.1639273166656 0.18808683718028696 0.3
300 610.167090177536 0.1669498127340824 0.3
300 612.1707413196564 0.15035555555555555 0.3
300 614.1742007732391 0.11338227215980025 0.3
300 616.1781275272369 0.17546078504672896 0.3
300 618.1827826499939 0.16709386733416773 0.3
300 620.1864814758301 0.16819870324189526 0.3
300 622.1900928020477 0.19312979387882573 0.3
300 624.1938500404358 0.16962285714285716 0.3
300 626.1972985267639 0.16944649188514355 0.3
300 628.2006189823151 0.1744915427857589 0.3
300 630.2046751976013 0.1667727670206121 0.3
300 632.208475112915 0.1386681351689612 0.3
300 634.2123639583588 0.1673645112781955 0.3
300 636.2160329818726 0.17054085981308412 0.3
300 638.2198824882507 0.18815324223602486 0.3
300 640.2233920097351 0.16370022304832713 0.3
300 642.2275154590607 0.1651236815920398 0.3
300 644.2313961982727 0.1674211793916822 0.3
300 646.235424041748 0.1668326439628483 0.3
300 648.2390956878662 0.16652353304508954 0.3
300 650.2427077293396 0.1648302463054187 0.3
300 652.2463090419769 0.13913328413284132 0.3
300 654.2518281936646 0.16688878901373283 0.3
300 656.2558226585388 0.1632712 0.3
300 658.2595303058624 0.15541366645846344 0.3
300 660.2636008262634 0.1583135459662289 0.3
300 662.2671897411346 0.16012818011257035 0.3
300 664.2715127468109 0.1618687 0.3
300 666.2752077579498 0.18735313005600499 0.3
300 668.2793264389038 0.1598623720349563 0.3
300 670.2828705310822 0.1623976044915783 0.3
300 672.2864234447479 0.16114158650843222 0.3
300 674.2903571128845 0.15921252348152787 0.3
300 676.2940335273743 0.1619778 0.3
300 678.2981946468353 0.15915812617114306 0.3
300 680.3020250797272 0.15958621722846442 0.3
300 682.3057780265808 0.1569316354556804 0.3
300 684.3097360134125 0.1662981 0.3
300 686.3136010169983 0.16351959949937422 0.3
300 688.3187742233276 0.16602117353308363 0.3
300 690.3226473331451 0.1583641 0.3
300 692.3264918327332 0.1589534459036898 0.3
300 694.3308162689209 0.16374619999999998 0.3
300 696.3346347808838 0.15800874453466585 0.3
300 698.3388254642487 0.15825818863210495 0.3
300 700.342535495758 0.16136529338327094 0.3
300 702.3463761806488 0.15896841051314142 0.3
300 704.3506655693054 0.16711405371642724 0.3
300 706.354654788971 0.16005170305676855 0.3
300 708.3589947223663 0.16104319600499375 0.3
300 710.3626565933228 0.1624660174781523 0.3
300 712.3659963607788 0.1624418 0.3
300 714.3698453903198 0.15689380685358256 0.3
300 716.3737280368805 0.15882713391739675 0.3
300 718.3778383731842 0.1424293816364772 0.3
300 720.3818476200104 0.14685767209011263 0.3
300 722.3866894245148 0.14487146600124765 0.3
300 724.3907701969147 0.146049656893325 0.3
300 726.3949120044708 0.1667287835308796 0.3
300 728.3983860015869 0.14428558603491273 0.3
300 730.4023189544678 0.19682091307066918 0.3
300 732.4063563346863 0.16586040565457896 0.3
300 734.410233259201 0.16807639728562615 0.3
300 736.4143793582916 0.1688668656716418 0.3
300 738.417906999588 0.16041967540574284 0.3
300 740.4221224784851 0.15562896810506566 0.3
300 742.4259345531464 0.1453038850718301 0.3
300 744.4298870563507 0.14093952559300874 0.3
300 746.4336087703705 0.14256850000000001 0.3
300 748.4371373653412 0.1420534 0.3
300 750.4412624835968 0.14394953692115145 0.3
300 752.4448547363281 0.14211116104868915 0.3
300 754.4486284255981 0.14159630231105558 0.3
300 756.4523596763611 0.1487543570536829 0.3
300 758.4570910930634 0.15112988764044943 0.3
300 760.4608337879181 0.1564049530956848 0.3
300 762.4648110866547 0.15145746091307066 0.3
300 764.4689357280731 0.16729642052565707 0.3
