0 1.3161911964416504 27.215287645221736
2 3.3198318481445312 26.80536707210031
3 5.3236777782440186 26.52316102180685
5 7.327078819274902 27.26562518425984
6 9.331022262573242 29.159087370393504
7 11.334396362304688 30.082697727840202
8 13.337870836257935 30.044919301745637
9 15.341325521469116 30.139524483188048
10 17.344916343688965 29.09033384806974
11 19.348865032196045 29.90698799254195
12 21.352991342544556 30.081852369077307
13 23.35685634613037 29.863117425742576
14 25.361137628555298 30.40197153894081
16 27.365076065063477 30.043891773490977
17 29.36891269683838 30.385185730267246
18 31.37311291694641 29.21882580323786
19 33.37720537185669 29.621253349968807
20 35.3808376789093 29.758708457711442
22 37.38451337814331 28.6025
23 39.388429164886475 28.37586928169894
24 41.39267635345459 24.75081222707424
26 43.39669322967529 24.58202303560275
27 45.40051865577698 24.527222031152647
29 47.40456986427307 24.768413466334167
30 49.408458948135376 19.557247479674796
32 51.41212797164917 16.301142857142857
33 53.41595244407654 15.911709781386632
35 55.4199116230011 16.13004597873671
37 57.42387056350708 12.343433946216384
38 59.42778444290161 13.081398477854023
40 61.43208956718445 13.239239825762288
42 63.436689138412476 12.794719099999998
43 65.44082117080688 10.95679431775701
45 67.44473028182983 10.283966783042393
47 69.44858765602112 11.096843718028696
49 71.45267271995544 10.408164685358255
50 73.45599269866943 9.266703651090342
52 75.4599347114563 10.07225095890411
54 77.46356272697449 11.49127950062422
56 79.46741795539856 11.390880497512438
58 81.47155714035034 11.081097910447761
59 83.47526502609253 10.824920224299065
61 85.47919368743896 14.086839305210919
63 87.48291444778442 14.174753158551813
64 89.4868860244751 15.236673558052436
66 91.49049663543701 17.258371217988756
67 93.494225025177 19.53135399249061
69 95.49914336204529 19.231869281698938
71 97.50321197509766 19.175432235441452
72 99.50690507888794 22.9958222
74 101.5108551979065 23.763926545908806
75 103.51441240310669 23.64228104607721
77 105.51825189590454 23.547010118675825
78 107.52237582206726 23.06754201743462
79 109.52617192268372 25.498081603005634
81 111.53011155128479 24.722121514587215
82 113.53381752967834 24.705711403726706
84 115.53730940818787 25.166555522388062
85 117.541179895401 25.240496099999998
87 119.5450747013092 25.88735341235184
88 121.54898023605347 25.241633117206984
89 123.55288505554199 24.551115012468827
91 125.55691432952881 24.7943538
92 127.56076455116272 24.912503529411765
94 129.5661540031433 24.238098285714287
95 131.57013034820557 24.275327680798007
97 133.5738708972931 23.37187945068664
98 135.5776765346527 23.594317409713575
100 137.5818214416504 23.21592034934498
101 139.58609104156494 23.2697426
102 141.58953642845154 24.22851820448878
104 143.59319591522217 24.639074421513445
105 145.59713315963745 24.155031505309182
107 147.60118532180786 23.07592304429195
108 149.6050043106079 26.335797579538365
110 151.6088161468506 26.264721895261843
111 153.6128797531128 26.381307496886674
112 155.61714696884155 26.5364912
114 157.6206977367401 24.44593549031855
115 159.62530398368835 24.029552618453863
117 161.62952995300293 25.036104412678682
118 163.6332175731659 25.038753694704052
120 165.6367666721344 23.25131036204744
121 167.6406750679016 22.2825669
123 169.64470314979553 21.320302244389026
124 171.64831018447876 21.41865853841349
126 173.6521532535553 21.50924684144819
127 175.65520930290222 21.36738463840399
129 177.6598138809204 20.448688838951313
130 179.66343092918396 21.327418789769183
132 181.6669762134552 19.37590474046279
133 183.6705780029297 16.256047429643527
135 185.67485094070435 16.42816760475297
137 187.67843508720398 15.932208539325842
138 189.68256449699402 11.999901938711695
140 191.68648767471313 11.93307914893617
142 193.69058322906494 11.98059517198249
144 195.69519448280334 11.944632385723231
145 197.6994218826294 8.6824550966937
147 199.7031753063202 7.729851628197131
149 201.7070701122284 8.334974504672896
151 203.71069025993347 5.593254531835206
153 205.714763879776 5.702153054341037
155 207.7187922000885 5.637551681195517
157 209.72275352478027 3.46987917654398
158 211.72709107398987 2.9848442446941323
160 213.73068928718567 3.3961381863664792
162 215.73468160629272 5.6762435043804755
164 217.7400472164154 5.3754995
166 219.74368357658386 5.9154362
168 221.74771976470947 9.761012966895692
170 223.7516279220581 14.365536500000001
171 225.7553904056549 14.321482347066167
173 227.7603042125702 14.118825970149254
174 229.76408696174622 21.117664437538846
176 231.76836276054382 21.7870647761194
177 233.77228903770447 21.7690041
179 235.77604866027832 21.646894527238572
180 237.7801456451416 26.17829797246558
182 239.78404760360718 27.024755700000004
183 241.78796195983887 27.164783431066752
185 243.79182863235474 26.556310822942642
186 245.7959976196289 27.230736399999998
187 247.79967880249023 28.18768441656211
189 249.80390548706055 28.2083197
190 251.80739736557007 28.3466306
191 253.81093311309814 28.31163139114161
193 255.81454634666443 25.678188293897886
194 257.8186285495758 25.642337313432833
196 259.82231187820435 25.23567739674593
197 261.8268208503723 24.919781099999998
198 263.83068442344666 24.770712590738423
200 265.83460569381714 25.21327470331043
201 267.8385934829712 24.67027647720175
203 269.84269428253174 24.50483574468085
204 271.84625720977783 25.377074884591387
206 273.8496160507202 25.465867332916925
207 275.8532214164734 25.104060448877807
208 277.85698437690735 25.517110694183863
210 279.86083722114563 26.35612201367309
211 281.8649272918701 26.299354800000003
213 283.8686566352844 26.558238302122344
214 285.87257194519043 26.24647155527795
215 287.87655544281006 26.186816957605984
217 289.88001227378845 24.19788104347826
218 291.8839981555939 24.745220200000002
220 293.8872187137604 24.78870407985028
221 295.89172983169556 24.673573499377337
223 297.89561557769775 26.306785741088177
224 299.8995792865753 26.17659702685821
225 301.90333342552185 25.374560997506237
227 303.90718698501587 26.718604444444445
228 305.9111852645874 30.0983227
229 307.9150686264038 29.98762181818182
231 309.91932559013367 29.317013400125237
232 311.9231550693512 29.642206263256394
233 313.92663502693176 29.77038191130543
234 315.9308879375458 30.21532434456929
236 317.9346385002136 30.443088961201504
237 319.93878507614136 29.61785735660848
238 321.9423449039459 29.425241871490954
239 323.94619631767273 29.699659650872817
241 325.950129032135 26.64652987531172
242 327.95387983322144 27.50282078115313
243 329.95909667015076 26.76770056144729
245 331.96199655532837 27.101245942571783
246 333.9658098220825 25.351016488169364
247 335.9693078994751 26.136253275326286
249 337.9730224609375 25.731935043586553
250 339.9771201610565 25.481610693316675
252 341.98077917099 25.043943142144638
253 343.98561835289 24.294155810473818
255 345.98921513557434 22.949094415990007
256 347.992968082428 23.9304494
258 349.9965991973877 23.6712596
259 352.00075817108154 19.620215669586987
261 354.0044584274292 20.0014371
262 356.0078773498535 20.487416523364484
264 358.0119068622589 18.428170374064837
265 360.01560974121094 15.44659365792759
267 362.0193247795105 15.465869099999999
269 364.023802280426 15.256513
270 366.0271770954132 9.945705097056983
272 368.0309085845947 11.251568379052369
274 370.0349235534668 12.333598199999999
276 372.0385580062866 10.279887570268583
278 374.042298078537 7.446364821986258
279 376.04609298706055 6.765331997495304
281 378.04981684684753 6.687896464709557
283 380.0535864830017 4.6072236
285 382.0579717159271 3.4503842295695573
287 384.0617015361786 4.746203092269327
289 386.0656723976135 5.4143726
291 388.06987953186035 4.586641948782011
293 390.0735352039337 5.4641991
294 392.0778064727783 14.323184119850188
296 394.0814678668976 13.193156408977554
298 396.08633303642273 14.153920599625232
299 398.09035873413086 14.102019575530585
300 400.0943064689636 0.1421730836454432
300 402.09801983833313 0.13414698372966208
300 404.1014437675476 0.12748094881398253
300 406.10517930984497 0.13722450405489706
300 408.1087076663971 0.131094
300 410.11233949661255 0.12664643792888336
300 412.11598801612854 0.14818889999999998
300 414.11921644210815 0.1308993
300 416.123140335083 0.1339162953692115
300 418.12657284736633 0.1299458
300 420.12971806526184 0.1289874171357098
300 422.1339032649994 0.13275248908296944
300 424.13760566711426 0.12807930087390762
300 426.14149618148804 0.13178426516572858
300 428.1452085971832 0.1268385518102372
300 430.14985036849976 0.13517721424109932
300 432.15414667129517 0.1290415490318551
300 434.1575765609741 0.1292694
300 436.16146421432495 0.1329163
300 438.16511607170105 0.129068927680798
300 440.16870880126953 0.12735640224859462
300 442.1722950935364 0.1315568
300 444.17587018013 0.1348472385723231
300 446.17952251434326 0.12898238600874454
300 448.1830360889435 0.1348047470331043
300 450.1869475841522 0.1408631
300 452.1906440258026 0.15135389999999999
300 454.1945810317993 0.15128385723231058
300 456.1984395980835 0.158883
300 458.2022349834442 0.15190783042394015
300 460.2061104774475 0.15188261356565028
300 462.20995473861694 0.1593718
300 464.21394658088684 0.1709826
300 466.2175703048706 0.15344968184653776
300 468.22151732444763 0.15071150530918176
300 470.224547624588 0.1524058
300 472.228417634964 0.15181807259073843
300 474.231974363327 0.15003454317897372
300 476.23581409454346 0.14744646211646836
300 478.23910307884216 0.14816070087609512
300 480.242910861969 0.1478648310387985
300 482.2462785243988 0.15153157829070493
300 484.2498335838318 0.15280099875156053
300 486.2535297870636 0.1493462
300 488.25678730010986 0.1529420224719101
300 490.26036500930786 0.15098636647904942
300 492.2638289928436 0.15083897435897436
300 494.26829743385315 0.14977915211970075
300 496.2721450328827 0.15641008739076154
300 498.2756474018097 0.1518184865540963
300 500.2795009613037 0.17062444027517198
300 502.28310441970825 0.1502331914893617
300 504.2867748737335 0.15325698561601
300 506.29087686538696 0.15631309999999998
300 508.294273853302 0.15210377570093458
300 510.2983102798462 0.15016464129756704
300 512.3019206523895 0.15261744229569557
300 514.3061623573303 0.15045353383458648
300 516.3103392124176 0.14932787008119924
300 518.3136434555054 0.1505114606741573
300 520.3175308704376 0.1504792
300 522.321108341217 0.15227661865998748
300 524.3247745037079 0.14995705368289639
300 526.3296935558319 0.1503280249221184
300 528.3334312438965 0.14976249532127262
300 530.3381042480469 0.14811558328134747
300 532.3413755893707 0.10418245789145353
300 534.3452968597412 0.15352727272727273
300 536.3486740589142 0.1702043
300 538.3517847061157 0.14814750780762023
300 540.3558843135834 0.12704250156347716
300 542.3598330020905 0.12470774233896186
300 544.3639810085297 0.12758212234706615
300 546.3674657344818 0.1287586741713571
300 548.3713281154633 0.12616159999999998
300 550.3748805522919 0.12554051154086088
300 552.3788189888 0.1220121151439299
300 554.382532119751 0.12417281602002503
300 556.3865339756012 0.12576040025015633
300 558.3904860019684 0.126949
300 560.3951027393341 0.12212262008733624
300 562.3989109992981 0.12306588382261087
300 564.4027314186096 0.12547529999999998
300 566.4069170951843 0.150763727329581
300 568.4101386070251 0.1514039
300 570.4137983322144 0.1482028
300 572.4176347255707 0.14865315887850467
300 574.421205997467 0.14936825515947466
300 576.4246637821198 0.1485035
300 578.4284422397614 0.1483762
300 580.4322426319122 0.153943585259213
300 582.4355742931366 0.15172448340638697
300 584.4386096000671 0.15102639149468416
300 586.4423458576202 0.15170411507191994
300 588.4461350440979 0.15135308703819664
300 590.4501202106476 0.1502728
300 592.4536821842194 0.15052595744680852
300 594.4580159187317 0.14874986866791745
300 596.4619657993317 0.149304
300 598.4653117656708 0.1489395128044972
300 600.469203710556 0.1503266541588493
300 602.4727740287781 0.10725820000000001
300 604.4765295982361 0.1484185
300 606.4800312519073 0.14842476547842404
300 608.483562707901 0.1504575920149719
300 610.48730635643 0.14804200501253134
300 612.491250038147 0.1513403123048095
300 614.4950180053711 0.1489894
300 616.4989929199219 0.14763516811955169
300 618.5026063919067 0.15175820224719103
300 620.5060906410217 0.14795212991880075
300 622.5095846652985 0.15644070175438596
300 624.5127429962158 0.14922396497811133
300 626.516494512558 0.14804684144818975
300 628.5209467411041 0.14686833644859812
300 630.5244936943054 0.14824654590880698
300 632.5276384353638 0.1505725
300 634.5312235355377 0.14940657911194496
300 636.5351598262787 0.1505523
300 638.5382857322693 0.1482926829268293
300 640.5418066978455 0.14753872340425533
300 642.5452795028687 0.14717621486570895
300 644.5486690998077 0.14756357276702062
300 646.552316904068 0.15399665209244223
300 648.5555794239044 0.15136320200125078
300 650.5587956905365 0.1498475358702433
300 652.5621209144592 0.1521522
300 654.5656077861786 0.15179779999999998
300 656.5692164897919 0.14890206378986867
300 658.5727241039276 0.14874819427148195
300 660.5773632526398 0.1482126695706285
300 662.5818090438843 0.14880119925046845
300 664.5861191749573 0.16729424109931293
300 666.5896289348602 0.1494984
300 668.5933611392975 0.14662745783885073
300 670.5967741012573 0.15337425891181988
300 672.6008534431458 0.14683892567145534
300 674.6047832965851 0.1344747663551402
300 676.6083033084869 0.12545416458852868
300 678.6123292446136 0.12563760000000002
300 680.6160497665405 0.12660744069912608
300 682.6200139522552 0.12227029999999998
300 684.6237618923187 0.12614885696439726
300 686.6275935173035 0.1259997501561524
300 688.6311078071594 0.1289047
300 690.6348650455475 0.13025299188007494
300 692.6381688117981 0.1281701189730745
300 694.6427934169769 0.1343547717323327
300 696.6465828418732 0.1227514392991239
300 698.6506581306458 0.13361452723857234
300 700.6546728610992 0.12872975609756096
300 702.6585862636566 0.12537568039950062
300 704.6621985435486 0.12878703241895262
300 706.6662020683289 0.13473580988117573
300 708.6697874069214 0.12959010618363523
300 710.6735973358154 0.1308433
300 712.6769134998322 0.1303577736085053
300 714.6806359291077 0.13234758276077452
300 716.6843190193176 0.14792014990630856
300 718.6877853870392 0.12499437851342911
300 720.6910276412964 0.12723485642946317
300 722.6947128772736 0.1332953520249221
300 724.6987125873566 0.1358370093457944
300 726.7022867202759 0.12604197623514699
300 728.7070240974426 0.1311034809731753
300 730.7105805873871 0.13258939488459137
300 732.7144417762756 0.13094286071205496
300 734.718291759491 0.131168
300 736.7222933769226 0.12511959974984366
300 738.7257494926453 0.1310468
300 740.7295117378235 0.131128655409631
300 742.7330839633942 0.1302854
300 744.7367043495178 0.13165045539613227
300 746.7405183315277 0.1340316395494368
300 748.7440805435181 0.13122245789145354
300 750.748101234436 0.12681385866166353
300 752.7515852451324 0.13436724094881397
300 754.7554383277893 0.13500991880074953
300 756.7599079608917 0.13020537836147594
300 758.7631990909576 0.1285952
300 760.7670383453369 0.1333714142678348
300 762.7718398571014 0.13499992504684571
300 764.775787115097 0.12928170212765958
300 766.7796351909637 0.13277056320400502
300 768.7834780216217 0.13146262828535668
300 770.7868325710297 0.12733767209011265
300 772.7905480861664 0.13335964934251723
300 774.7946610450745 0.1298055715178014
300 776.7989223003387 0.147501588492808
300 778.8025779724121 0.1304746
300 780.8065555095673 0.12766349999999999
300 782.8101570606232 0.13085953836556458
300 784.814190864563 0.1302313
300 786.8178477287292 0.13716661260137242
300 788.8218641281128 0.1310189054726368
300 790.8261649608612 0.12116082551594745
300 792.8297076225281 0.12871549999999998
300 794.833188533783 0.13611113892365456
300 796.8377211093903 0.12833558052434457
300 798.8414850234985 0.130111
300 800.8452253341675 0.1259270911360799
300 802.8490359783173 0.1277144
300 804.8526260852814 0.1265954
300 806.8565192222595 0.12802101313320824
300 808.8602521419525 0.12277256714553404
300 810.8640193939209 0.12447969962453066
300 812.8677544593811 0.12631174484052532
300 814.8718016147614 0.1297254216114928
300 816.878262758255 0.1262431880448319
300 818.8819167613983 0.12648064797507788
300 820.8859927654266 0.13092877805486286
300 822.889723777771 0.13162273579013117
300 824.8936741352081 0.1271237952559301
300 826.8978080749512 0.12497547099189021
300 828.9024217128754 0.1270954
300 830.9061398506165 0.1675832790988736
300 832.9100410938263 0.1249123
300 834.9137337207794 0.12452297314178638
300 836.9178450107574 0.1669586525265128
300 838.9218509197235 0.146621
300 840.9252433776855 0.15139205992509364
300 842.9288687705994 0.153979774718398
300 844.9323637485504 0.31242262828535666
300 846.9361684322357 0.14738455396132252
300 848.9396266937256 0.1475196
300 850.9430112838745 0.14652614232209737
300 852.9474229812622 0.14512559650218612
300 854.9510045051575 0.1390402002503129
300 856.9551029205322 0.12435809999999999
300 858.9586081504822 0.12461807259073843
300 860.9621453285217 0.12466851782363979
300 862.9659764766693 0.1234556
300 864.9706416130066 0.13059632270168856
300 866.9747149944305 0.12083317926296065
300 868.9785220623016 0.12738028732042472
300 870.9827041625977 0.12239120549656465
300 872.986138343811 0.1218345
300 874.9896385669708 0.12726704190118826
300 876.9934480190277 0.12432230287859825
300 878.9972743988037 0.1299758348968105
300 881.0011241436005 0.12264334790755776
300 883.0046789646149 0.13084993757802746
300 885.0082638263702 0.12224050031269544
300 887.0122199058533 0.12360789999999999
300 889.0155651569366 0.123134376956794
300 891.0196430683136 0.1238042
300 893.0232110023499 0.12498227215980025
300 895.0267941951752 0.1324438226108682
300 897.0304846763611 0.14961359999999999
300 899.0352165699005 0.15050316447779863
300 901.0388462543488 0.15373841349156778
300 903.0428812503815 0.12505560000000002
300 905.046793460846 0.1504481
300 907.0505037307739 0.14835634543178974
300 909.0542905330658 0.16837083176985615
300 911.0577912330627 0.15307794743429284
300 913.0616726875305 0.14968834478450968
300 915.0652766227722 0.15091952588895818
300 917.0695471763611 0.1552812
300 919.073248386383 0.15067258889582033
300 921.07670545578 0.14779431421446382
300 923.0799171924591 0.1510858426966292
300 925.0834674835205 0.14801160000000002
300 927.0874042510986 0.1479524107701941
300 929.0907933712006 0.1480467
300 931.0952019691467 0.1498309
300 933.09863114357 0.15084197623514697
300 935.1024243831635 0.14982644152595373
300 937.1062150001526 0.14951890137328339
300 939.1093311309814 0.15076052401746726
300 941.1130588054657 0.1512506
300 943.1163458824158 0.14950688360450562
300 945.1201457977295 0.1517997
300 947.1234195232391 0.15323654568210263
300 949.1266300678253 0.15343709637046307
300 951.1302034854889 0.1512780487804878
300 953.1338789463043 0.15053729999999999
300 955.1379182338715 0.14995482176360225
