0 1.656083106994629 29.592629812734085
2 3.6600842475891113 29.817953590062114
3 5.664065599441528 29.77694473358116
4 7.667813301086426 29.98856523364486
5 9.672155380249023 30.060249508400748
6 11.676599025726318 30.2769352309613
7 13.680477142333984 29.78593450031037
8 15.684162139892578 30.07958878504673
10 17.68900752067566 30.16695880448319
11 19.693021297454834 30.04211960199005
12 21.697213172912598 30.84115800995025
13 23.701231956481934 29.4156650216987
14 25.70478105545044 29.733124670807452
15 27.70834493637085 29.92909159528243
16 29.71235203742981 29.871060410703176
17 31.71592879295349 30.05780523038605
18 33.719401121139526 30.066813009345793
19 35.7228217124939 30.213172601372428
20 37.726743936538696 29.664837805486282
22 39.73071885108948 29.37125452513967
23 41.73476457595825 30.214803927905532
24 43.73846435546875 30.329039750467874
25 45.74229955673218 29.98241917602996
26 47.74620008468628 29.79485281891724
27 49.7510027885437 29.605882270742356
28 51.75488018989563 29.357996114570362
30 53.758946895599365 30.182718701622974
31 55.76253938674927 30.078902501555692
32 57.766769886016846 29.984059126092383
33 59.770713090896606 30.025744809494064
34 61.77465081214905 30.449532315394244
35 63.77918815612793 30.459372784019973
36 65.78264117240906 30.412608519675207
38 67.78665900230408 29.713727640449438
39 69.79080176353455 30.54285091817614
40 71.79435467720032 30.147954841121493
41 73.79893970489502 30.457920700876095
42 75.80305528640747 30.20702472863381
43 77.80665016174316 30.164641697877652
45 79.81039047241211 29.8795103
46 81.81393027305603 29.92675680798005
47 83.81799387931824 30.079738989394883
48 85.82200050354004 29.993160050062578
49 87.82555961608887 30.221420463368815
50 89.82976150512695 30.342486800000003
52 91.83341765403748 30.21824209476309
53 93.83773136138916 29.878554014962592
54 95.84163236618042 29.955772442223612
55 97.84522747993469 30.494322148657087
56 99.84947323799133 30.03089317529632
57 101.8531141281128 30.711198796992484
58 103.8568024635315 29.9274425452277
60 105.86117720603943 29.657882128991858
61 107.86496210098267 29.94261726420987
62 109.86901664733887 29.986319649781112
63 111.8729145526886 29.671330105524518
64 113.87660312652588 29.9438816957606
65 115.88123965263367 30.236775239279055
67 117.88509058952332 29.89105848447205
68 119.8886399269104 29.072498976279647
69 121.89207649230957 30.225950842170928
70 123.896080493927 30.035078924327706
71 125.89984393119812 30.041667257963773
72 127.9040834903717 30.0538127680798
73 129.90751314163208 30.52355917345022
75 131.911363363266 30.123520595164287
76 133.9153928756714 29.176764710280374
77 135.91935205459595 30.22943649781113
78 137.92321848869324 30.263369814126396
79 139.9269504547119 29.488390156152406
80 141.93060064315796 29.6311726
81 143.93478202819824 30.388801697877653
83 145.938481092453 30.287331217988754
84 147.9429111480713 29.607665970149256
85 149.94738006591797 30.26766095950156
86 151.95166730880737 29.35696888888889
87 153.95485591888428 29.940588118811885
88 155.95824790000916 29.874475935563815
89 157.96336817741394 30.423045300000002
91 159.96615481376648 30.30042270742358
92 161.9702489376068 29.688723534536404
93 163.97404527664185 30.1419763
94 165.97786808013916 30.065906683229816
95 167.98203921318054 29.835559701492535
96 169.98573803901672 30.78924736318408
97 171.98928046226501 30.076616204107033
99 173.99296045303345 29.591005006195786
100 175.9968616962433 29.339328439450686
101 178.00040364265442 30.013932584269664
102 180.00416684150696 30.1284987
103 182.00756740570068 29.817362892768077
104 184.01153445243835 29.89291857410882
105 186.01517701148987 30.548293516552157
106 188.01921033859253 29.88591250468457
108 190.02372360229492 29.545166829268293
109 192.0276517868042 30.271325586034912
110 194.03060865402222 29.232018671632527
111 196.03403663635254 30.041285600000002
112 198.03786778450012 30.341671455340414
113 200.04180574417114 30.009137432686288
114 202.04574942588806 30.149780262008736
116 204.04979729652405 30.177121789931633
117 206.0536184310913 30.62884261356565
118 208.05869245529175 29.861132784019972
119 210.06157064437866 30.28113305105853
120 212.06542825698853 30.12470294264339
121 214.06942319869995 29.904270231105556
123 216.07542777061462 30.348548214731586
124 218.07934856414795 30.24040724547158
125 220.08354949951172 29.8714119
126 222.0871946811676 30.220163406386973
127 224.09149408340454 30.707107573300064
128 226.0962371826172 29.7964407960199
130 228.09939575195312 29.895697036114573
131 230.1038019657135 30.36602305764411
132 232.10771536827087 30.1485788
133 234.1119508743286 30.105579487179483
134 236.11569809913635 30.7871335246413
135 238.1198947429657 29.2294589
136 240.12386202812195 29.849977619937697
138 242.1275987625122 30.407786732919256
139 244.1314194202423 30.36055640897756
140 246.1351146697998 30.181603795255928
141 248.13912081718445 30.34994506866417
142 250.1428997516632 29.687354489668127
143 252.1469349861145 29.922422144638404
145 254.15089631080627 29.4632924
146 256.1548345088959 29.8930527
147 258.159606218338 30.158589781386635
148 260.16316390037537 29.790509
149 262.16669631004333 30.253900436681224
150 264.17079162597656 30.103025290806755
151 266.1746027469635 30.150171442848222
152 268.1784381866455 29.6683414
154 270.18254590034485 29.435637353308366
155 272.1863315105438 30.03064394753279
156 274.19062876701355 30.24747645443196
157 276.19460463523865 29.679697578027465
158 278.19847989082336 30.03611240821406
159 280.2027835845947 30.515174984365228
161 282.20698142051697 30.06416857855362
162 284.21078181266785 29.82244957605985
163 286.2142379283905 30.408459338739863
164 288.21806287765503 29.47222924034869
165 290.22227215766907 29.335851692692067
166 292.2259142398834 29.52952981226533
167 294.2296190261841 30.027003816604708
169 296.2335457801819 28.86709140361822
170 298.2373831272125 29.825581030415893
171 300.24109625816345 30.146580433973963
172 302.24518942832947 28.85463630314233
173 304.2483592033386 29.388463622828787
174 306.25223326683044 30.652261618929018
175 308.25576853752136 30.41332224719101
177 310.2596266269684 30.112962994385526
178 312.26314902305603 29.88770371482176
179 314.26766991615295 30.275859636819035
180 316.2722132205963 29.8195743358396
181 318.27541947364807 30.18021536159601
182 320.2790277004242 30.14400159402242
183 322.2827980518341 29.926773732833954
185 324.28682374954224 30.005757094552287
186 326.29069805145264 29.949555300000004
187 328.29447841644287 29.829583451713393
188 330.298122882843 29.925168039950062
189 332.3020832538605 30.243399277258565
190 334.3058536052704 29.987324055068836
192 336.3099181652069 30.106881794392525
193 338.31387853622437 29.75280429195259
194 340.3176324367523 29.747590467872737
195 342.32160806655884 30.029926376089666
196 344.32544565200806 29.728361071651086
197 346.3299078941345 30.190836472795496
199 348.3335337638855 30.37010984404242
200 350.3374536037445 30.156494291068082
201 352.3407464027405 29.983359
202 354.34467577934265 30.033088861076347
203 356.34860706329346 29.939583042394013
204 358.3520700931549 30.025787081518356
205 360.3564488887787 30.177860374531836
207 362.36023688316345 30.082588329177057
208 364.3638517856598 30.129960971962618
209 366.36764907836914 29.901973798256538
210 368.3712818622589 29.85210693266833
211 370.3753852844238 30.105136774193547
212 372.37911653518677 29.920447900000003
214 374.38326835632324 30.1205270529595
215 376.3876783847809 29.61258596754057
216 378.3914349079132 29.592548657089317
217 380.3956000804901 30.42473841547099
218 382.40062499046326 29.943489019362897
219 384.4048159122467 30.2236062077597
220 386.4091274738312 30.165153537117906
222 388.4129753112793 30.261883400000002
223 390.4169657230377 29.346852933832707
224 392.42076683044434 29.346794453466586
225 394.42488193511963 29.996449533291848
226 396.4286870956421 30.827792
227 398.4325067996979 29.576116037383176
229 400.436354637146 29.986112820512822
230 402.4403557777405 30.4300203
231 404.4441180229187 29.965838
232 406.4475474357605 29.542480548286605
233 408.45140409469604 30.168526057571967
234 410.45514154434204 29.916506933667087
236 412.4592750072479 30.7640271339174
237 414.4629108905792 29.52824633811603
238 416.46787452697754 29.893566027397263
239 418.4716069698334 30.363029206745786
240 420.47559237480164 29.551711105590062
241 422.4793860912323 30.450516227357898
242 424.4834945201874 29.432807495315426
244 426.48790979385376 29.86363119151591
245 428.4921073913574 30.18100712945591
246 430.49609375 29.864699251870324
247 432.50018668174744 30.10207451371571
248 434.50409960746765 30.237466285003112
249 436.5083498954773 29.94112559650219
251 438.51187014579773 30.362214825870648
252 440.51552176475525 30.830619262960653
253 442.51939249038696 29.646454164588526
254 444.52434492111206 29.767275658140985
255 446.52734112739563 30.669158147684605
256 448.53252148628235 30.017360802005012
257 450.53646755218506 29.76637241723922
259 452.5407166481018 30.094502928660827
260 454.5446891784668 30.299218288569644
261 456.548362493515 29.635214790755775
262 458.5523307323456 29.42591128911139
263 460.55597591400146 30.26175710723192
264 462.5598180294037 29.222666799750467
266 464.56398153305054 29.867769819314642
267 466.5676462650299 29.925782414008754
268 468.5716848373413 30.19797486858573
269 470.575412273407 29.89500782011243
270 472.57932472229004 29.52530908182386
271 474.58362197875977 30.497428292682926
273 476.5873966217041 29.920090018691585
274 478.59129190444946 29.957937578027465
275 480.5960237979889 29.78916990642545
276 482.6006622314453 30.042296800000003
277 484.6044509410858 30.030420387257962
278 486.6083104610443 30.022252284644196
279 488.61194825172424 29.450437839851023
281 490.616085767746 29.59130011228946
282 492.61993193626404 29.773717837165943
283 494.6236779689789 29.89145085678549
284 496.6275825500488 29.923109256714554
285 498.63144302368164 29.957444602876798
286 500.63533449172974 30.13971334987593
288 502.63923835754395 30.51420462211118
289 504.64315485954285 29.837314791277258
290 506.6465232372284 29.293425908807
291 508.65100169181824 29.740302432938243
292 510.65474128723145 30.324579513412353
293 512.6584548950195 29.29383890274314
295 514.663646697998 29.686312069392812
296 516.6675355434418 30.30339110280374
297 518.6714246273041 29.658099287945035
298 520.6754727363586 30.346268981886322
299 522.6796061992645 30.15225197244834
300 524.6830730438232 0.1458285857321652
300 526.6868031024933 0.1367050593379138
300 528.6906876564026 0.1441493066833229
300 530.6942329406738 0.13336878901373284
300 532.697675704956 0.1293992745465916
300 534.7012801170349 0.13110931335830214
300 536.7046937942505 0.13073170731707318
300 538.7084350585938 0.15095624765478424
300 540.7124650478363 0.1303868918073796
300 542.7162370681763 0.13040640801001252
300 544.7200930118561 0.12896630393996247
300 546.7253265380859 0.13173847309136422
300 548.7291359901428 0.142957
300 550.7330784797668 0.1355045903689806
300 552.7369923591614 0.12894041224234853
300 554.740621805191 0.13142948685857322
300 556.7441914081573 0.13214668335419275
300 558.7477087974548 0.1285152220137586
300 560.7514142990112 0.1336937
300 562.7548151016235 0.1297474078700812
300 564.7591502666473 0.13004464419475656
300 566.7627675533295 0.13158447910168433
300 568.7667925357819 0.1556399
300 570.7706167697906 0.15493359999999998
300 572.7742745876312 0.1538426899128269
300 574.7781038284302 0.15507008119925045
300 576.7816121578217 0.1543584
300 578.7856569290161 0.1548886837180287
300 580.7899503707886 0.15413286695815115
300 582.7936940193176 0.1548561298377029
300 584.7973349094391 0.15343950093574546
300 586.800961971283 0.1530419975031211
300 588.8046317100525 0.153039549154665
300 590.8085868358612 0.1546239
300 592.8120777606964 0.1544364455569462
300 594.8154547214508 0.1534007
300 596.8193664550781 0.1521332
300 598.8229920864105 0.15207304565353347
300 600.8274779319763 0.15102048780487803
300 602.8312871456146 0.1253671
300 604.8351953029633 0.12537094316052466
300 606.8386669158936 0.1327299
300 608.8422989845276 0.1494993
300 610.8455216884613 0.12929008739076156
300 612.8506314754486 0.12645642946317104
300 614.854391336441 0.1293610986267166
300 616.858550786972 0.1292049530956848
300 618.8619453907013 0.1272136
300 620.8658719062805 0.1386771072319202
300 622.8692982196808 0.1347685393258427
300 624.8725302219391 0.13065856160100064
300 626.8762154579163 0.1348516354556804
300 628.8800210952759 0.14209821138211381
300 630.8843953609467 0.17602272841051314
300 632.8878366947174 0.1564191859737007
300 634.8919186592102 0.1544044
300 636.8954355716705 0.15785455909943716
300 638.8995027542114 0.17600948813982523
300 640.903281211853 0.1543008760951189
300 642.9067513942719 0.1305028
300 644.9104566574097 0.15623145534041225
300 646.914849281311 0.15458583229036296
300 648.9186632633209 0.15602523690773068
300 650.9225676059723 0.1556395012468828
300 652.9257159233093 0.1551529
300 654.9292802810669 0.15284404494382023
300 656.9332098960876 0.15566990630855715
300 658.9365916252136 0.10879189493433396
300 660.9406712055206 0.1550637
300 662.9444088935852 0.1523207
300 664.9483857154846 0.1520417521902378
300 666.9517443180084 0.1566905315822389
300 668.9557723999023 0.15603695380774033
300 670.9596304893494 0.10680260325406758
300 672.9638366699219 0.15235579999999999
300 674.9674634933472 0.1546716905801622
300 676.9707958698273 0.12789449781659387
300 678.9756586551666 0.1541895945102932
300 680.9794087409973 0.173112709113608
300 682.9836275577545 0.15934819262038774
300 684.9877905845642 0.1548593644859813
300 686.9914228916168 0.15476082551594747
300 688.995355129242 0.1564206113537118
300 690.9992380142212 0.1554444472204872
300 693.0031068325043 0.15553371714643302
300 695.0069003105164 0.1533636
300 697.0104010105133 0.15245662921348316
300 699.0139079093933 0.15249811131957475
300 701.0173037052155 0.154042
300 703.0213670730591 0.1559373566084788
300 705.0247445106506 0.16047299562226391
300 707.0279490947723 0.15351749687108887
300 709.0322780609131 0.1562503564727955
300 711.0359916687012 0.15570022528160202
300 713.0394258499146 0.161685739238927
300 715.0433394908905 0.16178754834684966
300 717.0464236736298 0.16206861423220972
300 719.0501809120178 0.153547698066126
300 721.0534565448761 0.15476109999999998
300 723.0571458339691 0.1559111555277951
300 725.0604701042175 0.1545378
300 727.0637867450714 0.15385155722326455
300 729.0676078796387 0.1761149718574109
300 731.0715110301971 0.15264919999999998
300 733.0749890804291 0.15419827392120075
300 735.0788207054138 0.15552947040498444
300 737.0821452140808 0.15442691682301438
300 739.0858142375946 0.1552619774718398
300 741.0906238555908 0.15426646766169155
300 743.0942983627319 0.1512122693266833
300 745.098242521286 0.15274639949906074
300 747.1018121242523 0.15474758276077452
300 749.105500459671 0.1578516281971304
300 751.1092269420624 0.1564967209011264
300 753.1125543117523 0.1557381
300 755.1159880161285 0.15481752190237796
300 757.1194181442261 0.1590578222778473
300 759.1230487823486 0.15532632104934416
300 761.1265153884888 0.15331715355805245
300 763.1300694942474 0.15392169893816365
300 765.1334702968597 0.15880090112640802
300 767.1370098590851 0.1547485821361649
300 769.1404948234558 0.15632859462835727
300 771.1441152095795 0.153890563204005
300 773.1474583148956 0.1541991
300 775.153039932251 0.1553464084946908
300 777.1567440032959 0.15484413274890418
300 779.1601293087006 0.1524409
300 781.1639437675476 0.1532915
300 783.1675717830658 0.15475315855181024
300 785.1715443134308 0.15502328955597247
300 787.1752066612244 0.09466456535334584
300 789.1786835193634 0.15400090112640802
300 791.1822900772095 0.1539916552154903
300 793.1858415603638 0.15180734082397002
300 795.1897099018097 0.1560740074906367
300 797.1933779716492 0.16022854283927454
300 799.1971025466919 0.15555940298507462
300 801.2010669708252 0.1718499937539038
300 803.2046775817871 0.15508545682102629
300 805.2078785896301 0.15637573483427142
300 807.2125375270844 0.15879955084217093
300 809.2163090705872 0.15657659999999998
300 811.2199938297272 0.15211792110206637
300 813.2236258983612 0.1556529
300 815.2271416187286 0.15452594257178526
300 817.2304365634918 0.15218538413491567
300 819.2345545291901 0.15514650031191515
300 821.2389631271362 0.1524639800995025
300 823.2426884174347 0.15223051186017478
300 825.2462329864502 0.15279191011235957
300 827.2498986721039 0.17002360573923891
300 829.2533252239227 0.15173896314803248
300 831.2570130825043 0.15072349127182044
300 833.2604343891144 0.15406828535669587
300 835.2644436359406 0.15949807259073842
300 837.268807888031 0.1525289693941287
300 839.2735776901245 0.1577814865708932
300 841.2775499820709 0.15141046845721423
300 843.281201839447 0.15302998748435545
300 845.285064458847 0.1528632790988736
300 847.2886924743652 0.15481686053783617
300 849.2935237884521 0.15229661461586508
300 851.3004539012909 0.15132371339563863
300 853.3043794631958 0.15447394621638524
300 855.3084192276001 0.15417004372267334
300 857.3118751049042 0.1534442052565707
300 859.3155665397644 0.1554754556803995
300 861.3195948600769 0.15131001866832608
300 863.3230550289154 0.15362655021834062
300 865.3266723155975 0.15645265127885216
300 867.3305885791779 0.1584752
300 869.3344833850861 0.1537613
300 871.338278055191 0.15572237946149028
300 873.3431222438812 0.15301101305158485
300 875.3469290733337 0.1548007495315428
300 877.3506824970245 0.15584050031269545
300 879.3542668819427 0.15456299625468164
300 881.3576204776764 0.15335399249061327
300 883.3613438606262 0.15239056768558953
300 885.3647859096527 0.15133941286695815
300 887.368460893631 0.1537523
300 889.372373342514 0.15280129918800747
300 891.3764867782593 0.1560995244055069
300 893.3798093795776 0.15674323547782634
300 895.3838787078857 0.15586204132748904
300 897.387200832367 0.15148958098811757
300 899.390786409378 0.15169410881801124
300 901.3942003250122 0.1496085839051778
300 903.3975930213928 0.15547755305867667
300 905.4007391929626 0.1544476
300 907.4042680263519 0.15767539424280352
300 909.4084739685059 0.1557458177278402
300 911.4124660491943 0.15581791380387258
300 913.4161148071289 0.1580406508135169
300 915.419548034668 0.1552197246558198
300 917.4230468273163 0.1552282823235478
300 919.4268341064453 0.1582874593241552
300 921.4301626682281 0.1539746974422957
300 923.4335668087006 0.15308762023735167
300 925.4376878738403 0.1583253066332916
300 927.4412932395935 0.15641686053783616
300 929.4456353187561 0.15544749063670413
300 931.4494869709015 0.13425898813241724
300 933.4532737731934 0.1233864504054897
300 935.4572196006775 0.1235077
300 937.4615097045898 0.126505536159601
300 939.4652373790741 0.1328101
300 941.4685244560242 0.12882533166458074
300 943.4727120399475 0.12706830000000002
300 945.4764602184296 0.1259888430268918
300 947.480269908905 0.1287431421446384
300 949.4836046695709 0.12755828037383177
300 951.4866154193878 0.12874476547842403
300 953.4905710220337 0.12590002496878902
300 955.4937374591827 0.12900547158026235
300 957.497074842453 0.12743635683094198
300 959.5003509521484 0.12941138211382114
300 961.5036582946777 0.1277092634207241
300 963.5071349143982 0.1302291
300 965.5104603767395 0.13210433479075578
300 967.5139105319977 0.1318763
300 969.5172097682953 0.13437290000000002
300 971.5221033096313 0.13862501872659175
300 973.5262758731842 0.15702036227357902
300 975.5298504829407 0.1542182
300 977.5340223312378 0.15232249532127262
300 979.5379638671875 0.15337191489361704
300 981.5414793491364 0.15747529999999998
300 983.5455882549286 0.1548905801621959
300 985.5494518280029 0.15456470588235294
300 987.5533785820007 0.15681672090112642
300 989.5570361614227 0.15518042446941324
300 991.5606663227081 0.15806958698372967
300 993.5642318725586 0.1539857
300 995.568169593811 0.2907670588235294
300 997.5715153217316 0.1742387
300 999.5752458572388 0.15534719199499686
300 1001.5787553787231 0.11093586508432231
300 1003.5825040340424 0.15277349999999998
300 1005.5871803760529 0.1673753095684803
300 1007.5906660556793 0.15314916354556804
300 1009.5948812961578 0.15268738154613468
300 1011.5986430644989 0.15453331667707682
300 1013.602068901062 0.15472780487804877
300 1015.6056308746338 0.15595421415153413
300 1017.6090037822723 0.15568490306441526
300 1019.6128151416779 0.13742332084893882
300 1021.6162948608398 0.15292207629768606
300 1023.6202363967896 0.15228360000000002
300 1025.6242170333862 0.1537964772017489
300 1027.627628326416 0.15758830730793255
300 1029.631451845169 0.1527479650436954
300 1031.6348123550415 0.1512867
300 1033.6384489536285 0.15375260923845194
300 1035.6419034004211 0.1545484072454716
300 1037.6456320285797 0.15276638403990023
300 1039.6507682800293 0.15226663329161452
300 1041.6541073322296 0.15312359326263258
300 1043.658447265625 0.15485454772301935
300 1045.6621751785278 0.15625452276980661
300 1047.6657054424286 0.1557152220137586
300 1049.6698625087738 0.15443566625155666
300 1051.6735346317291 0.15262315264797507
300 1053.6776750087738 0.13231840498442368
300 1055.6809389591217 0.12513236907730674
300 1057.6849992275238 0.12757026282853567
300 1059.6887402534485 0.15786
300 1061.6922664642334 0.1260454
300 1063.6957969665527 0.12662137672090112
300 1065.6990187168121 0.12457528089887641
300 1067.7023091316223 0.12754220286247667
300 1069.7059495449066 0.12904388542963885
300 1071.7099118232727 0.13069403245942574
300 1073.7142386436462 0.13132554307116104
300 1075.7177736759186 0.1291552
300 1077.721274137497 0.12651558328134746
300 1079.7248017787933 0.12679379999999998
300 1081.7281746864319 0.1340634
300 1083.7317106723785 0.1243598248905566
300 1085.7352643013 0.1236470794246404
300 1087.7390005588531 0.1270680824484697
300 1089.7423565387726 0.13224590738423028
300 1091.7465443611145 0.12969424109931293
300 1093.7499434947968 0.13650121325828643
300 1095.753882408142 0.15577546134663342
300 1097.7574627399445 0.15447565814098566
300 1099.7616720199585 0.15498193628981888
300 1101.7653276920319 0.15619642276422765
300 1103.7692396640778 0.1566815259537211
300 1105.7731699943542 0.15581038148843027
300 1107.777116060257 0.13714345601996258
300 1109.7806470394135 0.13036502186133667
300 1111.7841064929962 0.126891
300 1113.787258863449 0.12808734540911929
300 1115.79052400589 0.12837549594510292
300 1117.793953180313 0.13022404984423674
300 1119.7973928451538 0.1323854772301934
300 1121.8014070987701 0.13014714196372734
300 1123.8048424720764 0.1256272829481574
300 1125.809106349945 0.1550503128911139
300 1127.8131182193756 0.1535325156445557
300 1129.8172519207 0.15450133666458463
300 1131.8211624622345 0.1558392
300 1133.8253955841064 0.1551766437928883
300 1135.829482793808 0.152603391521197
300 1137.833240032196 0.1529193254216115
300 1139.8371963500977 0.15340192379762646
300 1141.8410613536835 0.15428084893882646
300 1143.845086812973 0.15307658140985653
300 1145.8484477996826 0.1553914196372733
300 1147.852353811264 0.13042101313320825
300 1149.8563115596771 0.1534354971857411
300 1151.8600056171417 0.15253540388227926
300 1153.8633964061737 0.1531663579474343
300 1155.866928577423 0.15344768558951963
300 1157.8702924251556 0.15529757802746566
300 1159.873788356781 0.17035622735790132
300 1161.877287864685 0.15538848219862586
300 1163.8806204795837 0.15206393996247655
300 1165.8841664791107 0.15549151097178682
300 1167.8877353668213 0.15553972465581978
300 1169.891998052597 0.12611467832604623
300 1171.8966138362885 0.13352014990630856
300 1173.9001550674438 0.1250505434103685
300 1175.9042184352875 0.12453760000000001
300 1177.9075968265533 0.1585504
300 1179.9113309383392 0.155501588492808
300 1181.9147169589996 0.15455569461827284
300 1183.9185860157013 0.1560437
300 1185.9219827651978 0.1541291
300 1187.9255797863007 0.1529793878825734
300 1189.9302616119385 0.12693886321049344
300 1191.9337100982666 0.1530012257661038
300 1193.937469959259 0.153335234521576
300 1195.9411737918854 0.15192439450686643
300 1197.9446165561676 0.15096615384615383
300 1199.9482326507568 0.15726899312070045
300 1201.9519033432007 0.1551131542785759
300 1203.956812620163 0.12577039350405997
300 1205.9606025218964 0.12651622735790133
300 1207.9642145633698 0.12638468085106383
300 1209.968120098114 0.12532535669586983
300 1211.9718446731567 0.1349321325828643
300 1213.9754939079285 0.1314585231539424
300 1215.979240655899 0.1320091942535915
300 1217.9824595451355 0.12476734082397005
300 1219.9863593578339 0.12460002492211837
300 1221.9901399612427 0.1259626865671642
300 1223.9935789108276 0.12713004372267334
300 1225.9972598552704 0.12875847785402372
300 1228.0007286071777 0.12855336244541485
300 1230.0041427612305 0.1301870331043098
300 1232.0073409080505 0.12862468085106382
300 1234.011355638504 0.1284115855181024
300 1236.015056848526 0.12895001248439453
300 1238.0201406478882 0.13623750623441397
300 1240.0236756801605 0.12655640224859463
300 1242.0271754264832 0.12607909943714823
300 1244.0309779644012 0.13473248439450686
300 1246.0346357822418 0.1292992759051186
300 1248.0386202335358 0.12461344978165938
300 1250.042224407196 0.12467108057464084
300 1252.0456659793854 0.1240718102372035
300 1254.0491001605988 0.1285475733000624
300 1256.0527923107147 0.126496379525593
300 1258.0561809539795 0.12538367041198503
300 1260.0600073337555 0.12903344590368981
300 1262.0631268024445 0.12700793988728867
300 1264.0665698051453 0.12557188242651657
300 1266.0699830055237 0.12720730913642053
300 1268.0740830898285 0.1552126236693801
300 1270.0793240070343 0.15337826141338337
300 1272.083310842514 0.1550153846153846
300 1274.0865471363068 0.1548614
300 1276.090368270874 0.1547602
300 1278.0939183235168 0.15676299999999999
300 1280.0981187820435 0.15364685857321653
300 1282.1017944812775 0.1526444027517198
300 1284.1054632663727 0.15167850000000002
300 1286.1091413497925 0.1513679
300 1288.1128079891205 0.1553964772017489
300 1290.1166870594025 0.15306907268170428
300 1292.1205649375916 0.15133418386491557
300 1294.1247491836548 0.15550248905565978
300 1296.1285960674286 0.1508949
300 1298.1323618888855 0.1515801
300 1300.1358225345612 0.15426284283030683
300 1302.1396985054016 0.12731464330413014
300 1304.1447970867157 0.1272035
300 1306.1483843326569 0.12463249530956849
300 1308.1518785953522 0.11230261086820736
300 1310.1556777954102 0.12367032418952618
300 1312.1590757369995 0.1265294572676232
300 1314.1625573635101 0.1271975093399751
300 1316.1667201519012 0.12994432398753894
300 1318.170292854309 0.12709349968808484
300 1320.174072265625 0.12836757026858214
300 1322.1774547100067 0.12679875078076203
300 1324.1815412044525 0.12696779026217228
300 1326.1848638057709 0.125897
300 1328.1891491413116 0.14191610486891387
300 1330.1925823688507 0.12976449718925673
300 1332.1963992118835 0.15176953212726138
300 1334.2007830142975 0.13012863920099874
300 1336.2053134441376 0.12606652526512788
300 1338.2088012695312 0.12535745477230195
300 1340.2126853466034 0.1312843
300 1342.2163729667664 0.1294276
300 1344.220332145691 0.12988267667292058
300 1346.2242288589478 0.12931078076202374
300 1348.2275867462158 0.14471198998748436
300 1350.2315299510956 0.13395495630461923
300 1352.2354214191437 0.1553422889305816
300 1354.2391726970673 0.1557052157598499
300 1356.2424190044403 0.15500692067457839
300 1358.2460443973541 0.15266783479349186
300 1360.2495703697205 0.15502600874453468
300 1362.253023147583 0.1531723
300 1364.2568409442902 0.15193666041275797
300 1366.2605838775635 0.1540669
300 1368.2652337551117 0.16105963772642098
300 1370.2693107128143 0.1566457
300 1372.2730638980865 0.15565381636477202
300 1374.2763550281525 0.15498003747657715
300 1376.2801666259766 0.1545628
300 1378.2835536003113 0.1563933
300 1380.2875299453735 0.1555396876951905
300 1382.2906868457794 0.15437568480300187
300 1384.2942163944244 0.15597421611492818
300 1386.2974984645844 0.1729484
300 1388.3009314537048 0.15325208255159473
300 1390.304443359375 0.15208249687890138
300 1392.3079397678375 0.17330334376956794
300 1394.3114819526672 0.24140337711069415
300 1396.3152968883514 0.1444188617886179
300 1398.319008588791 0.12407404627892432
300 1400.3231287002563 0.13204745932415518
300 1402.3271925449371 0.13027198001249218
300 1404.33100771904 0.12587452841973767
300 1406.3346140384674 0.13092624219725343
300 1408.3382980823517 0.14318993146417444
300 1410.3419427871704 0.13055640224859463
300 1412.3456399440765 0.13775640449438203
300 1414.349638223648 0.13394368519675204
300 1416.3534126281738 0.15127729662077596
300 1418.357721567154 0.16543100562148658
300 1420.3612878322601 0.15558784240150095
300 1422.364952802658 0.16028555694618274
300 1424.3688254356384 0.15337394128669582
300 1426.3724415302277 0.15481585991244529
300 1428.3766481876373 0.1548654
300 1430.3802976608276 0.1537576014990631
300 1432.3836641311646 0.1069789906542056
300 1434.3879396915436 0.12786691588785046
300 1436.3918988704681 0.1522795012468828
300 1438.39594912529 0.14353169269206745
300 1440.4002826213837 0.1300670919324578
300 1442.4039449691772 0.1262247
300 1444.4075434207916 0.13091512195121952
300 1446.4114456176758 0.12834268582136166
300 1448.4154443740845 0.14494167709637046
300 1450.4189212322235 0.13083607254534085
300 1452.4226696491241 0.1522946158650843
300 1454.4266557693481 0.13291553894080999
300 1456.4303443431854 0.13151640449438204
300 1458.434069633484 0.12958842170929508
300 1460.4379830360413 0.12846162297128588
300 1462.4415605068207 0.12680139650872818
300 1464.4454185962677 0.1310308
300 1466.44922041893 0.1426725593008739
300 1468.4543073177338 0.1467958474046279
300 1470.4580030441284 0.13022343106674986
300 1472.462010383606 0.12731163954943678
300 1474.4657559394836 0.1298244
300 1476.4690215587616 0.13469857321652065
300 1478.4733300209045 0.1564965
300 1480.4768748283386 0.15724287679799873
300 1482.4804320335388 0.10706408494690818
300 1484.484069108963 0.15293767209011264
300 1486.4876506328583 0.15295909830933
300 1488.4915363788605 0.1542859862241703
300 1490.495568037033 0.15391559724828016
300 1492.498761177063 0.15392660412757972
300 1494.5024964809418 0.15389754210854648
300 1496.5061872005463 0.15531072319201997
300 1498.5097267627716 0.15733937421777222
300 1500.513962507248 0.15234739726027396
300 1502.5174095630646 0.15484366812227074
300 1504.521420955658 0.1547232
300 1506.524864435196 0.15548662086196127
300 1508.5287401676178 0.15489811131957473
300 1510.5324556827545 0.15342741573033708
300 1512.5359468460083 0.1519096435272045
300 1514.5398440361023 0.15652047589229806
300 1516.5435719490051 0.15600210262828534
300 1518.5467829704285 0.1569591984971822
300 1520.550173997879 0.1529125406758448
300 1522.5539016723633 0.17291046192259676
300 1524.5577313899994 0.15549748592870544
300 1526.561077594757 0.1534909
300 1528.5648686885834 0.1526082
300 1530.5682981014252 0.15198679174484053
300 1532.5726177692413 0.1528910569105691
300 1534.576575756073 0.15309810000000001
300 1536.5803508758545 0.15528219999999998
300 1538.584484577179 0.15436467792370231
300 1540.5882222652435 0.15337425891181988
300 1542.5919997692108 0.15250552451893234
300 1544.5953874588013 0.15804135168961203
300 1546.5992288589478 0.1538776
300 1548.6026191711426 0.15253323327079424
300 1550.6062500476837 0.15515677298311445
300 1552.6096410751343 0.1562269
300 1554.6136164665222 0.1526783042394015
300 1556.6170394420624 0.154507066916823
300 1558.6203801631927 0.15479549436795995
300 1560.6238992214203 0.15278263256394262
300 1562.6276450157166 0.1548200876643707
300 1564.6311249732971 0.15410735128365685
300 1566.6359770298004 0.15125083645443196
300 1568.6393084526062 0.15294701622971285
300 1570.6425433158875 0.15263700187382884
300 1572.6506197452545 0.15566743142144637
300 1574.6548936367035 0.1524088
300 1576.6586875915527 0.1523666708307308
300 1578.6625950336456 0.15423489041953664
300 1580.666027545929 0.15222738423028787
300 1582.669261932373 0.15683128044971892
300 1584.6730997562408 0.10712709999999999
300 1586.676213979721 0.1545319
300 1588.6797218322754 0.17481892365456822
300 1590.6836295127869 0.15368434728294814
300 1592.6868364810944 0.15308451090342678
300 1594.6907150745392 0.12848389756402248
300 1596.6944930553436 0.1512192518703242
300 1598.6985552310944 0.15163086929330832
300 1600.7018377780914 0.15415385384134916
300 1602.7057540416718 0.155702
300 1604.709112405777 0.15359020612117427
300 1606.7128484249115 0.15528324797001875
300 1608.716496706009 0.1528669163545568
300 1610.7199265956879 0.15359769712140176
300 1612.7232809066772 0.15259737335834897
300 1614.7269022464752 0.15097987515605493
300 1616.7302787303925 0.15258342928660826
300 1618.7346029281616 0.15354536828963797
300 1620.7377259731293 0.1557422
300 1622.7411270141602 0.1559929912390488
300 1624.7450087070465 0.1527385
300 1626.7482373714447 0.1508807995003123
300 1628.751835346222 0.1511758302122347
300 1630.7549664974213 0.15140394506866417
300 1632.7596213817596 0.15393561952440551
300 1634.7629561424255 0.1524332122730119
300 1636.7670760154724 0.15116177611006879
300 1638.7706928253174 0.15402150966936992
300 1640.7741537094116 0.15216931163954944
300 1642.7778041362762 0.15163372891942536
300 1644.7810442447662 0.15162173641474078
300 1646.784360408783 0.15112500625782227
300 1648.788007259369 0.1547628267667292
300 1650.7919917106628 0.1553836556456644
300 1652.7952480316162 0.1550826932668329
300 1654.798585176468 0.15312270168855535
300 1656.8027040958405 0.1518464878353088
300 1658.8065297603607 0.1262593636930755
300 1660.810126543045 0.1262805253283302
300 1662.814139842987 0.15057349156777014
300 1664.8181183338165 0.1549985776668746
300 1666.8219299316406 0.15274859638178415
300 1668.8259024620056 0.1553174
300 1670.8294925689697 0.1547517801374141
300 1672.8328394889832 0.15854218886804253
300 1674.8363618850708 0.15817257357545397
300 1676.839787721634 0.15609723922548407
300 1678.8434393405914 0.15455078848560702
300 1680.846521615982 0.15584560700876096
300 1682.8501000404358 0.15635321695760598
300 1684.8538491725922 0.15527525296689568
300 1686.857272386551 0.15494284289276808
300 1688.8608539104462 0.15675654568210262
300 1690.864424943924 0.15631060587133042
300 1692.8682680130005 0.15612556456643792
300 1694.8716270923615 0.1552351780137414
300 1696.8763258457184 0.15694650843222988
300 1698.8805108070374 0.1571930369442705
300 1700.8842585086823 0.15573126408010013
300 1702.8877868652344 0.15743200499687696
300 1704.891774892807 0.15660619435736678
300 1706.8955721855164 0.15808100062539085
300 1708.899661064148 0.1537074
300 1710.903537273407 0.1545386733416771
300 1712.9072668552399 0.1535099
300 1714.910706281662 0.17328300000000002
300 1716.9147803783417 0.15255795128044972
300 1718.9181880950928 0.17164297686053784
300 1720.9215922355652 0.15590633416458852
300 1722.9253778457642 0.1531797626483448
300 1724.9290328025818 0.15119132169576058
300 1726.9324073791504 0.15481351689612016
300 1728.9362647533417 0.1531758348968105
300 1730.9408230781555 0.15193299999999998
300 1732.9442329406738 0.1538846779237023
300 1734.9477388858795 0.15123427857589009
300 1736.9514844417572 0.15512425798371948
300 1738.9548976421356 0.15589306683322923
300 1740.9588298797607 0.15648610381488431
300 1742.9625263214111 0.15474081300813008
300 1744.9657340049744 0.15416738154613466
300 1746.9695222377777 0.15393555140186915
300 1748.9734597206116 0.1549859337913804
300 1750.9775533676147 0.15343780958307407
300 1752.9810049533844 0.15371169058016218
300 1754.9848091602325 0.15190342072409488
300 1756.9883646965027 0.15206180685358256
300 1758.9922533035278 0.13230969355847405
300 1760.996069908142 0.12639458985597996
300 1763.000245332718 0.1262640849469082
300 1765.0041823387146 0.12913919999999998
300 1767.0080156326294 0.1295616760475297
300 1769.0114531517029 0.136074686716792
300 1771.01522898674 0.1305790523690773
300 1773.0190114974976 0.13047940224159402
300 1775.0227789878845 0.130736109384711
300 1777.0260934829712 0.1317947565543071
300 1779.0299844741821 0.12915272045028142
300 1781.0335412025452 0.13369887640449438
300 1783.0372092723846 0.12956072274143302
300 1785.0406844615936 0.13290629999999998
300 1787.0441720485687 0.1361893816364772
300 1789.0476529598236 0.13351724483406385
300 1791.0515310764313 0.14278383989993745
300 1793.05517244339 0.1324564
300 1795.0588700771332 0.13599369211514395
300 1797.0633826255798 0.13236451653150344
300 1799.0673711299896 0.1469754420921544
300 1801.0713477134705 0.13844893882646692
300 1803.0750410556793 0.1536381
300 1805.0788719654083 0.15607004377736086
300 1807.0824029445648 0.1692923845193508
300 1809.0861933231354 0.1486568
300 1811.089674949646 0.15668708829054476
300 1813.093859910965 0.15286625858838226
300 1815.097201347351 0.15468167186525264
300 1817.100566625595 0.09674649968691296
300 1819.1045110225677 0.15310207759699623
300 1821.108798980713 0.15602091307066918
300 1823.1124413013458 0.15624700876095118
300 1825.1161623001099 0.15835790000000002
300 1827.1195647716522 0.17117300000000002
300 1829.1235053539276 0.1573115789473684
300 1831.1272876262665 0.15338760175328742
300 1833.131078004837 0.1555596
300 1835.1346852779388 0.15527314571607254
300 1837.1383862495422 0.16072930000000002
300 1839.1429605484009 0.1585263
300 1841.1463832855225 0.1564662172284644
300 1843.1502113342285 0.15494867124142234
300 1845.1533966064453 0.15316087664370695
300 1847.1570303440094 0.15342949343339587
300 1849.1605577468872 0.15318674171357097
300 1851.1644835472107 0.17098736710444026
300 1853.167833328247 0.1523305801621959
300 1855.171396970749 0.1541675358702433
300 1857.1749489307404 0.1561448
300 1859.1786229610443 0.15676487804878048
300 1861.1820363998413 0.15493822721598002
300 1863.1856005191803 0.1533685
300 1865.1891794204712 0.15321938940809968
300 1867.1924831867218 0.1543074314214464
300 1869.1963412761688 0.12901103620474408
300 1871.1999852657318 0.15931579999999998
300 1873.2037353515625 0.1551906941838649
300 1875.2080883979797 0.15464154709918904
300 1877.2116293907166 0.1578524577861163
300 1879.2154614925385 0.15409688944409744
300 1881.2192618846893 0.1543456660412758
300 1883.2230553627014 0.13298041275797373
300 1885.2269113063812 0.13234806491885143
300 1887.2306911945343 0.14594768269831354
300 1889.234218597412 0.12944050031269544
300 1891.2375791072845 0.12716439999999998
300 1893.2414853572845 0.12703370786516854
300 1895.246010541916 0.12588646288209607
300 1897.249558210373 0.126346
300 1899.2535083293915 0.1295443695380774
300 1901.2572326660156 0.12701967459324157
300 1903.2611391544342 0.13197144646211648
300 1905.264945268631 0.15220342714196372
300 1907.2686517238617 0.1527932042473454
300 1909.272219657898 0.1532731957473421
300 1911.275957107544 0.1552642
300 1913.2795782089233 0.15363111944965605
300 1915.2835760116577 0.15258983135540288
300 1917.2874283790588 0.15614719199499688
300 1919.290944814682 0.15581419999999999
300 1921.295324087143 0.135997
300 1923.2986438274384 0.12711039999999998
300 1925.3020606040955 0.13440880550343964
300 1927.305564403534 0.12895700374531835
300 1929.3103377819061 0.13350705808869456
300 1931.3141746520996 0.12867507807620238
300 1933.318372964859 0.1270673
300 1935.3222279548645 0.1274369038701623
300 1937.3257849216461 0.13115387116948093
300 1939.3292853832245 0.1275724017467249
300 1941.333690404892 0.12994160000000002
300 1943.3374495506287 0.127492
300 1945.3411374092102 0.1275523
300 1947.3445508480072 0.12484727045596503
300 1949.3483324050903 0.1261145
300 1951.352341413498 0.12844356830941983
300 1953.3558747768402 0.1284787008119925
300 1955.3598585128784 0.13478248284466623
300 1957.3634102344513 0.12635238927011852
300 1959.3670346736908 0.12906793017456358
300 1961.3704125881195 0.1269089912826899
300 1963.3748180866241 0.14168946450809464
300 1965.3783564567566 0.13478183864915572
300 1967.382295370102 0.1561837296620776
300 1969.385778427124 0.15714461538461538
300 1971.389545917511 0.1568633
300 1973.393180847168 0.15223071161048687
300 1975.39701628685 0.15200980612883053
300 1977.4004044532776 0.15185622027534418
300 1979.4036540985107 0.15282633291614517
300 1981.4077877998352 0.1428930510585305
300 1983.4114663600922 0.12798720799500313
300 1985.4156415462494 0.13315684605757197
300 1987.4193913936615 0.13112690000000002
300 1989.4232785701752 0.13564646288209609
300 1991.4268817901611 0.1320494618272841
300 1993.4310677051544 0.1383701186758276
300 1995.4352893829346 0.1366783
300 1997.4391548633575 0.14087630461922596
300 1999.4426181316376 0.13618555208983157
300 2001.4461891651154 0.13063101123595505
300 2003.4501402378082 0.1384088722741433
300 2005.4539840221405 0.1343412367270456
300 2007.4576778411865 0.1350823
300 2009.4618113040924 0.1383486679174484
300 2011.4655258655548 0.13433538077403245
300 2013.4695086479187 0.13592419475655432
300 2015.4732234477997 0.13293617021276596
300 2017.4768075942993 0.13864
300 2019.4807267189026 0.13936030037546934
300 2021.484423160553 0.13133441599000625
300 2023.488373041153 0.13372417761100688
300 2025.4922273159027 0.13125226733291692
300 2027.4958310127258 0.14179526612398247
300 2029.5006411075592 0.14330023735165523
300 2031.504254579544 0.1375885857321652
300 2033.5083668231964 0.15441560000000001
300 2035.5119512081146 0.15343629536921152
300 2037.5154206752777 0.1565158448060075
300 2039.51913189888 0.15393146417445483
300 2041.5229783058167 0.1549703564727955
300 2043.5268323421478 0.15279929912390489
300 2045.5306849479675 0.15180833957553058
300 2047.5345027446747 0.1564894
300 2049.5380630493164 0.15230761548064917
300 2051.5418708324432 0.1523756304619226
300 2053.5459744930267 0.1514299
300 2055.5493659973145 0.15233069331667706
300 2057.553243160248 0.15132342286071204
300 2059.556945323944 0.1551264080100125
300 2061.561320066452 0.15807399624765478
300 2063.5658645629883 0.1558623
300 2065.5695102214813 0.15282491557223266
300 2067.572947025299 0.15508727045596502
300 2069.57688498497 0.15236628992628992
300 2071.5800807476044 0.1550240099937539
300 2073.583587169647 0.155997698561601
300 2075.5870609283447 0.1566154846779237
300 2077.590683698654 0.1544398753894081
300 2079.593767642975 0.15536120150187735
300 2081.5974662303925 0.15410476903870163
300 2083.6005704402924 0.1559834
300 2085.6037514209747 0.1593309818636648
300 2087.606972694397 0.15858948157401626
300 2089.6109189987183 0.15475477826358527
300 2091.6147677898407 0.15266741713570983
300 2093.6185653209686 0.12933223264540336
300 2095.623202562332 0.1300719050593379
300 2097.626974582672 0.13074158650843223
300 2099.63125705719 0.1310836272670419
300 2101.6350195407867 0.1277281398252185
300 2103.6391031742096 0.1296261
300 2105.6427278518677 0.13575014383989992
300 2107.6466147899628 0.1367034
300 2109.6504118442535 0.1293737
300 2111.654187440872 0.1301081
300 2113.6581768989563 0.13759230480949405
300 2115.6627621650696 0.13292346849656894
300 2117.6667454242706 0.13738293566520923
300 2119.670641183853 0.1342246
300 2121.6745026111603 0.13228893882646692
300 2123.6786761283875 0.13164372267332916
300 2125.682460784912 0.12918012484394506
300 2127.686275243759 0.14090514285714284
300 2129.691141605377 0.14433157829070492
300 2131.694617986679 0.1317215221459763
300 2133.698352098465 0.1331737
300 2135.7022273540497 0.13155557776389756
300 2137.7060391902924 0.13161141433021806
300 2139.709591150284 0.13042004987531172
300 2141.7132778167725 0.12985255292652553
300 2143.717121362686 0.1344261
300 2145.7208874225616 0.13645471580262336
300 2147.724764585495 0.14603196998123827
300 2149.728449821472 0.13443093867334166
300 2151.732624053955 0.1265725
300 2153.7368655204773 0.13414498122653315
300 2155.7403512001038 0.13204184769038702
300 2157.7441029548645 0.13054419011882426
300 2159.747921705246 0.1264532667083073
300 2161.7521679401398 0.1275176014990631
300 2163.7572252750397 0.13299029999999998
300 2165.761241674423 0.13942137672090113
300 2167.765020608902 0.1457531914893617
300 2169.768641471863 0.13009510944340213
300 2171.7729229927063 0.12869806371018114
300 2173.7770059108734 0.1358570893191755
300 2175.780418395996 0.13490743429286609
300 2177.7842361927032 0.13564462211118053
300 2179.7883920669556 0.1352592518703242
300 2181.792126893997 0.129840550343965
300 2183.79581451416 0.1357135
300 2185.7993149757385 0.13506698313554028
300 2187.80286860466 0.15757801374141162
300 2189.8068313598633 0.15651687695190505
300 2191.8114087581635 0.15385963772642097
300 2193.8148267269135 0.15570778263585258
300 2195.8185579776764 0.1552556608478803
300 2197.8227281570435 0.16060866082603253
300 2199.826060295105 0.5328203745318352
300 2201.829737186432 0.17047869999999998
300 2203.833713054657 0.17614729205753596
300 2205.8372008800507 0.15224546023794616
300 2207.840640068054 0.1489462914321451
300 2209.844302415848 0.4057274185463659
300 2211.847541809082 0.17250398500936914
300 2213.850748062134 0.15180082654978083
300 2215.8545315265656 0.15559804633688165
300 2217.8581488132477 0.1559334
300 2219.8620660305023 0.16112210262828536
300 2221.8654429912567 0.1540407490636704
300 2223.8695044517517 0.09986825297432686
300 2225.873242378235 0.12485797246558199
300 2227.879012823105 0.12650952618453865
300 2229.8827469348907 0.1314215
300 2231.8867585659027 0.13062343964978113
300 2233.8904798030853 0.13631769999999999
300 2235.8943424224854 0.12952204871955028
300 2237.8979573249817 0.1308053
300 2239.9020369052887 0.1542743
300 2241.905916452408 0.1529479
300 2243.9091408252716 0.15677835942391985
300 2245.912727355957 0.15988262664165104
300 2247.915967464447 0.1542817521902378
300 2249.9200088977814 0.1571697310819262
300 2251.9230892658234 0.15646709193245778
300 2253.926269054413 0.15457089999999998
300 2255.9303481578827 0.15058754834684968
300 2257.934460401535 0.13952180112570356
300 2259.939071416855 0.13380508728179552
300 2261.942737340927 0.1393693
300 2263.946456670761 0.1606628714107366
300 2265.9501678943634 0.1549338673341677
300 2267.953417778015 0.15376649594003747
300 2269.95694565773 0.1537755
300 2271.9602262973785 0.15869967459324155
300 2273.963762283325 0.15172587133041848
300 2275.967035293579 0.1513561976235147
300 2277.970322370529 0.15375860262008734
300 2279.974136829376 0.15724740186915886
300 2281.9779913425446 0.14607241422333125
300 2283.9818198680878 0.12886848560700875
300 2285.985526561737 0.1284127
300 2287.9892468452454 0.12684497811131956
300 2289.992854833603 0.1298775265459088
300 2291.996862888336 0.14401618988132417
300 2294.001508951187 0.14193208489388265
300 2296.005031347275 0.1342508
300 2298.009234189987 0.1275918449030644
300 2300.013048171997 0.15496866749688668
300 2302.01669049263 0.15429659388646288
300 2304.020329475403 0.17196405506883605
300 2306.024250984192 0.15606137672090115
300 2308.027820110321 0.15477490294301816
300 2310.0317628383636 0.1568359224515322
300 2312.0353314876556 0.17673439999999999
300 2314.039694786072 0.1559154
300 2316.043199300766 0.1551095434646654
300 2318.0468533039093 0.15440080050031268
300 2320.050472974777 0.16065260787992494
300 2322.0538487434387 0.15701436795994994
300 2324.0574791431427 0.1547792259675406
300 2326.060804128647 0.1553723153942428
300 2328.0654816627502 0.1532504
300 2330.069230556488 0.1526412
300 2332.072890520096 0.1519649
300 2334.0764842033386 0.15129541927409262
300 2336.08008313179 0.1547616219588272
300 2338.0837519168854 0.157087639323732
300 2340.087606191635 0.15631860262008734
300 2342.0910789966583 0.15771907442151345
300 2344.094537258148 0.15292656269494698
300 2346.0980257987976 0.1519094132334582
300 2348.1015973091125 0.15405464753587023
300 2350.1048810482025 0.15411722326454033
300 2352.1081252098083 0.15096650813516896
300 2354.111795902252 0.15100273011897306
300 2356.115232229233 0.1518407
300 2358.1185364723206 0.15330104738154612
300 2360.123071908951 0.1550679301745636
300 2362.1267709732056 0.1537125187032419
300 2364.1306862831116 0.155474614902943
300 2366.134145259857 0.156288519675203
300 2368.138110399246 0.15188052401746724
300 2370.141763448715 0.15362155957579537
300 2372.1451172828674 0.152216435272045
300 2374.148695230484 0.15290453066332915
300 2376.152060985565 0.1535937157107232
300 2378.1557314395905 0.15530406504065042
300 2380.1588594913483 0.1515927454659162
300 2382.1622948646545 0.15157556527170518
300 2384.165549516678 0.10574650843222985
300 2386.168869495392 0.15130360573923893
300 2388.172252893448 0.1557772
300 2390.175580263138 0.15283402126328957
300 2392.1787905693054 0.15278278924327704
300 2394.183091402054 0.15212632104934415
300 2396.1870329380035 0.15551859824780975
300 2398.1905541419983 0.15227952529668956
300 2400.194244861603 0.15399275452841973
300 2402.198011159897 0.15130280000000002
300 2404.201796770096 0.12227862414008757
300 2406.205725669861 0.1244917926296065
300 2408.20947599411 0.1307311
300 2410.2131996154785 0.12873893816364773
300 2412.21719288826 0.12613513108614233
300 2414.221338748932 0.1269963727329581
300 2416.225025177002 0.1275472
300 2418.2288479804993 0.12650271481942715
300 2420.233049631119 0.15417394128669581
300 2422.2368454933167 0.1549603502188868
300 2424.2409200668335 0.15497591989987483
300 2426.2450437545776 0.1538465540963102
300 2428.2489798069 0.15320951188986232
300 2430.2532482147217 0.1527017772215269
300 2432.2566175460815 0.15633318352059924
300 2434.260353565216 0.1562305559025609
300 2436.2637045383453 0.15408120150187735
300 2438.2671060562134 0.15174312109862673
300 2440.2706229686737 0.15151960024984384
300 2442.2741746902466 0.15201818863210492
300 2444.2776992321014 0.1543904
300 2446.2811448574066 0.15311959974984365
300 2448.2846915721893 0.15194543178973718
300 2450.288238763809 0.1544376
300 2452.2918281555176 0.15504640400250158
300 2454.2949771881104 0.15681782227784732
300 2456.29824590683 0.15370419999999999
300 2458.3019483089447 0.15246470955652716
300 2460.3053500652313 0.1547265958775765
300 2462.309938430786 0.1551229
300 2464.313939809799 0.1559268913857678
300 2466.317130804062 0.15441488139825219
300 2468.3211648464203 0.15642029999999998
300 2470.324707508087 0.15504719101123596
300 2472.3286776542664 0.15267088069956278
300 2474.332076072693 0.154136
300 2476.3354785442352 0.15416540675844806
300 2478.33926486969 0.1522063579474343
300 2480.342840909958 0.15221533458411507
300 2482.3463695049286 0.15193114303560273
300 2484.350389480591 0.1584912
300 2486.354115962982 0.15058046163443545
300 2488.357999563217 0.1575164
300 2490.361792087555 0.1532850936329588
300 2492.3654730319977 0.15203992495309568
300 2494.3695664405823 0.15230661672908866
300 2496.373079776764 0.15243955056179775
300 2498.37694644928 0.15229942571785268
300 2500.3805191516876 0.1577205739238927
300 2502.3840169906616 0.1560977
300 2504.3874785900116 0.15551569731081927
300 2506.3911271095276 0.15302676691729325
300 2508.394973754883 0.1523506
300 2510.3985884189606 0.15455180000000002
300 2512.4025847911835 0.15281828856964397
300 2514.4064197540283 0.15251822388993122
300 2516.410078763962 0.15650773466833542
300 2518.4136147499084 0.1559034
300 2520.4174053668976 0.15831415365396626
300 2522.420862197876 0.1556472385723231
300 2524.4239304065704 0.1554505434103685
300 2526.4275135993958 0.1556239
300 2528.431851863861 0.15899837398373984
300 2530.435499191284 0.15534908635794742
300 2532.4394569396973 0.1589712570356473
300 2534.4433166980743 0.15454519074421513
300 2536.4464712142944 0.1571017772215269
300 2538.450402736664 0.1568752529668957
300 2540.454559326172 0.1564485607008761
300 2542.45752453804 0.1531752309612984
300 2544.4608232975006 0.1527439700374532
300 2546.4644243717194 0.1560742535915053
300 2548.4682528972626 0.15754387016229712
300 2550.4720165729523 0.15487261384903306
300 2552.4752554893494 0.1535548717948718
300 2554.478780031204 0.15503939962476548
300 2556.482634305954 0.15108052401746724
300 2558.486225128174 0.15160719101123596
300 2560.4905066490173 0.1562582316313823
300 2562.494771003723 0.15425620882535737
300 2564.498813867569 0.15501622971285892
300 2566.5024440288544 0.15633909999999998
300 2568.5065116882324 0.1656102935665209
300 2570.5106060504913 0.15257977528089886
300 2572.5137481689453 0.1532434
300 2574.5173075199127 0.15200999999999998
300 2576.520913362503 0.15183910280373833
300 2578.524204492569 0.15401708202880401
300 2580.5281414985657 0.1519075422138837
300 2582.5317254066467 0.1539978
300 2584.5351753234863 0.1601574
300 2586.538672208786 0.15450963704630788
300 2588.5422241687775 0.1551288778054863
300 2590.5453991889954 0.1584265502183406
300 2592.548442363739 0.156791
300 2594.5518860816956 0.15815589486858572
300 2596.5565824508667 0.1554897
300 2598.5602424144745 0.15479511221945136
300 2600.5643441677094 0.15806067584480601
300 2602.568122625351 0.12743145534041223
300 2604.5723259449005 0.12529722152690864
300 2606.575965642929 0.12633776110068792
300 2608.579999923706 0.14082191369606004
300 2610.5835638046265 0.1293856
300 2612.5872292518616 0.12661546533416615
300 2614.5911951065063 0.1284117
300 2616.595165014267 0.12843572767020614
300 2618.5992341041565 0.1317109806371018
300 2620.6028351783752 0.13148369999999998
300 2622.607129573822 0.13225498127340823
300 2624.6110446453094 0.13148540809968848
300 2626.614825487137 0.13775919899874844
300 2628.618634700775 0.14237667083854819
300 2630.6234934329987 0.1405780225281602
300 2632.6270174980164 0.1306139
300 2634.630867958069 0.12973531542785757
300 2636.6347122192383 0.13252314606741572
300 2638.63848900795 0.13148664169787766
300 2640.642386674881 0.13115100000000002
300 2642.6459922790527 0.13515577235772358
300 2644.6499285697937 0.1414212
300 2646.65372467041 0.15117165315034312
300 2648.657607793808 0.14293060511540862
300 2650.661326646805 0.12882718301061835
300 2652.665220975876 0.13359010618363523
300 2654.669214963913 0.1495875
300 2656.6728806495667 0.13185619999999998
300 2658.6766550540924 0.1604402490660025
300 2660.680930376053 0.1546915887850467
300 2662.6843304634094 0.17475767645221738
300 2664.6902232170105 0.15659159076731127
300 2666.693829059601 0.15452704119850186
300 2668.698035955429 0.15742458072590737
300 2670.7018535137177 0.1281494132334582
300 2672.705541372299 0.1520081
300 2674.7093102931976 0.15135179999999998
300 2676.712913751602 0.15476077451592754
300 2678.716025352478 0.1518759
300 2680.7198424339294 0.1270540262993112
300 2682.7237310409546 0.12881590994371483
300 2684.7271163463593 0.12757173233270797
300 2686.730761051178 0.13380657089319176
300 2688.73459815979 0.1434470911360799
300 2690.7384419441223 0.1319385152838428
300 2692.741926431656 0.1329524047470331
300 2694.7458367347717 0.1315306
300 2696.7498865127563 0.1392281
300 2698.7540743350983 0.13874219999999998
300 2700.757372379303 0.13302841448189762
300 2702.7606811523438 0.14133236545682104
300 2704.7640764713287 0.13822086412022544
300 2706.7672414779663 0.1373712858926342
300 2708.7709724903107 0.14484627108057466
300 2710.774347782135 0.1374047
300 2712.7782804965973 0.131688
300 2714.7813816070557 0.1398644
300 2716.7850301265717 0.1410804987531172
300 2718.7884755134583 0.1358169144284822
300 2720.792500972748 0.1380737039350406
300 2722.795791387558 0.13687825109306684
300 2724.7997541427612 0.140236
300 2726.804211139679 0.1539177958672511
300 2728.807772874832 0.15271531172069824
300 2730.811923980713 0.156791
300 2732.8153188228607 0.15391470000000002
300 2734.8191566467285 0.15413026282853567
300 2736.822786092758 0.15622046221111804
300 2738.826577425003 0.15629502487562189
300 2740.8301775455475 0.10764918073796123
300 2742.8342204093933 0.15512650813516896
300 2744.837504863739 0.16179747657713928
300 2746.8411960601807 0.1528272829481574
300 2748.8450400829315 0.1565694
300 2750.848704099655 0.15574261740763934
300 2752.8526644706726 0.1549767
300 2754.856968164444 0.15485932584269663
300 2756.8606045246124 0.15517978736710444
300 2758.864827156067 0.15699749999999998
300 2760.8699028491974 0.13367056768558952
300 2762.873466014862 0.1282255770430443
300 2764.877338409424 0.1350830730793254
300 2766.8809957504272 0.13484533500313087
300 2768.8847069740295 0.14544991859737008
300 2770.888251543045 0.13452515644555696
300 2772.892149925232 0.13379947532792005
300 2774.8962597846985 0.13349563477173232
300 2776.8997797966003 0.12939637273295812
300 2778.903956413269 0.1518832459425718
300 2780.907603740692 0.13320695434646654
300 2782.9111020565033 0.13082740137758297
300 2784.9148573875427 0.1280178222778473
300 2786.918267250061 0.1299374781523096
300 2788.9219636917114 0.14389632958801496
300 2790.925477027893 0.13354423940149626
300 2792.9290223121643 0.13658660012476606
300 2794.9335238933563 0.1413750031152648
300 2796.937078475952 0.13782651685393257
300 2798.9413430690765 0.15459722326454034
300 2800.945051431656 0.1529662960649594
300 2802.949257850647 0.126843
300 2804.9529988765717 0.15215829893683552
300 2806.956481695175 0.156222
300 2808.9605615139008 0.15460632895559723
300 2810.964290380478 0.15721676047529706
300 2812.968113899231 0.1558730793254216
300 2814.971853017807 0.15769788353162179
300 2816.9750130176544 0.15785948653725734
300 2818.9787023067474 0.15518410993129295
300 2820.9821395874023 0.15347307932542162
300 2822.986120700836 0.15339892567145533
300 2824.989354610443 0.15560874453466583
300 2826.993318080902 0.15201847690387016
300 2828.9975118637085 0.14841374141161773
300 2831.001247406006 0.1344222860712055
300 2833.005841255188 0.15092177389131795
300 2835.009516477585 0.13401308364544318
300 2837.013210773468 0.1314796252342286
300 2839.016994714737 0.1339535790131168
300 2841.0206344127655 0.13163070000000002
300 2843.023950815201 0.1288616
300 2845.0279359817505 0.132255
300 2847.032333135605 0.1312031
300 2849.036612033844 0.14432459712679574
300 2851.0401208400726 0.13037288305190745
300 2853.043704032898 0.1339485821361649
300 2855.0472412109375 0.13150443890274313
300 2857.0507485866547 0.12781077306733166
300 2859.0546526908875 0.1268531523750771
300 2861.0595746040344 0.13707657285803626
300 2863.063158273697 0.13059138038725798
300 2865.0668749809265 0.1342748
300 2867.071237564087 0.13433827715355806
300 2869.0751116275787 0.149403391521197
300 2871.078921318054 0.1482664334790756
300 2873.082663536072 0.1350692
300 2875.0866215229034 0.13280009993753902
300 2877.0906143188477 0.14675967520299812
300 2879.0941092967987 0.1529983239524703
300 2881.0978887081146 0.15213306633291615
300 2883.1014637947083 0.15134574454828661
300 2885.105538368225 0.17356577861163228
300 2887.1088993549347 0.15647820224719103
300 2889.113026380539 0.15598510930668333
300 2891.116465330124 0.15519020612117426
300 2893.1211807727814 0.1558722
300 2895.1247639656067 0.15623944896681277
300 2897.12828540802 0.15684727045596503
300 2899.131852865219 0.15876675844806007
300 2901.135512113571 0.15487498746867168
300 2903.1390902996063 0.1541993746091307
300 2905.142397403717 0.15665627965043694
300 2907.14573597908 0.15706856785490933
300 2909.149270296097 0.15660069999999998
300 2911.152617454529 0.1525572482801751
300 2913.1556985378265 0.15187214017521902
300 2915.159210920334 0.15527989987484356
300 2917.162723302841 0.15581682896379526
300 2919.166710138321 0.15541756402248597
300 2921.17041182518 0.13160054897067996
300 2923.17417883873 0.132826
300 2925.1791701316833 0.1428118574108818
300 2927.182832956314 0.13828362726704188
300 2929.186840057373 0.14767850280723643
300 2931.1907634735107 0.1542576220275344
300 2933.1945054531097 0.15689101376720901
300 2935.1979670524597 0.15924903870162296
300 2937.201244354248 0.15426387016229715
300 2939.204890012741 0.15330249999999998
300 2941.208213329315 0.1527517698561601
300 2943.211696624756 0.15130289292423293
300 2945.21501994133 0.15673238451935081
300 2947.218333721161 0.1548163204005006
300 2949.221658229828 0.1579122
300 2951.2250769138336 0.15493023720349564
300 2953.2284891605377 0.15246217772215268
300 2955.2319819927216 0.1523248
300 2957.235314130783 0.15399765439800375
300 2959.239129304886 0.15712559300873907
300 2961.242308616638 0.16070187734668334
300 2963.245276451111 0.1530879
300 2965.248782157898 0.1520445112781955
300 2967.2518751621246 0.15219031894934335
300 2969.255743741989 0.15395073842302878
300 2971.2590956687927 0.1554985866166354
300 2973.26234292984 0.15496594628357277
300 2975.2654325962067 0.1544122923173017
300 2977.2684993743896 0.1593401876172608
300 2979.271740436554 0.1566488944409744
300 2981.275659561157 0.15672739076154807
300 2983.27903342247 0.1564153
300 2985.282351255417 0.16006158452900812
300 2987.2855060100555 0.15542246096189882
300 2989.289651155472 0.15513647790914747
300 2991.2933642864227 0.15476970679975047
300 2993.296522140503 0.1545047
300 2995.3005373477936 0.1555758348968105
300 2997.3036909103394 0.15558140809968848
300 2999.306840658188 0.15585851156973107
300 3001.3105747699738 0.15560841319228375
300 3003.314350605011 0.15470508135168962
300 3005.3174121379852 0.15239875078076204
300 3007.3204753398895 0.15283388471177944
300 3009.3240077495575 0.15455729831144466
300 3011.3272018432617 0.1568223720349563
300 3013.3337211608887 0.15597593008739075
300 3015.3372933864594 0.15908052532833022
300 3017.3410861492157 0.15440130162703378
300 3019.3445448875427 0.15355287054409006
300 3021.3492753505707 0.15948114570361144
300 3023.352546930313 0.15726637445209768
300 3025.356447696686 0.1540318
300 3027.360388278961 0.15342439024390245
300 3029.363826274872 0.15603202001250782
300 3031.3674750328064 0.1530761
300 3033.370815515518 0.15264040025015635
300 3035.374153137207 0.127516
300 3037.377607345581 0.17619932457786117
300 3039.381795167923 0.1327385536159601
300 3041.385280609131 0.1400065
300 3043.389095544815 0.13268524344569288
300 3045.3928797245026 0.1369778222778473
300 3047.396805524826 0.13770633354153655
300 3049.401046514511 0.13589023720349563
300 3051.404573202133 0.13608834478450968
300 3053.408429145813 0.13534785314250156
300 3055.41375875473 0.13887870727159726
300 3057.417578935623 0.13424399750156152
300 3059.421159029007 0.1327254398003743
300 3061.424916267395 0.1414873
300 3063.4285275936127 0.1403903
300 3065.432532310486 0.13505672090112641
300 3067.4362592697144 0.13726198874296436
300 3069.4402599334717 0.1406287
300 3071.4440104961395 0.1377623940149626
300 3073.4480555057526 0.1373626
300 3075.451827287674 0.1370325360050094
300 3077.4556436538696 0.13362743429286608
300 3079.4598450660706 0.14866651657285804
300 3081.463569164276 0.1394966
300 3083.4676582813263 0.15179904881101378
300 3085.471073627472 0.14218092615769712
300 3087.4750962257385 0.1386996127420362
300 3089.4800815582275 0.14491285892634206
300 3091.4839363098145 0.14224938826466915
300 3093.48890709877 0.1386621
300 3095.492889881134 0.13489877652933832
300 3097.496842622757 0.13313148564294633
300 3099.500656604767 0.13605413383364603
300 3101.50470161438 0.13880374765771392
300 3103.5084750652313 0.13719175515302934
300 3105.512496471405 0.13401064334790755
300 3107.516177415848 0.1558893
300 3109.5201144218445 0.1543825
300 3111.5234417915344 0.17368505315822388
300 3113.527090072632 0.1565899374217772
300 3115.530839204788 0.11510764227642277
300 3117.5344240665436 0.1521320650813517
300 3119.5377991199493 0.1705952220137586
300 3121.5423967838287 0.1542783042394015
300 3123.545957326889 0.1544206
300 3125.54940867424 0.15174657517155332
300 3127.552857398987 0.1517308682073704
300 3129.5564329624176 0.152301588492808
300 3131.5599160194397 0.15228653725735755
300 3133.5638148784637 0.10338023794614903
300 3135.567168235779 0.1569252
300 3137.570705652237 0.1550130168644597
300 3139.574532032013 0.1536131
300 3141.5778613090515 0.15305091364205256
300 3143.581602573395 0.1528156
300 3145.5850415229797 0.1535846904315197
300 3147.588685274124 0.15252402751719824
300 3149.592329978943 0.15140319201995014
300 3151.595558166504 0.15335028037383178
300 3153.599358320236 0.15099088418430884
300 3155.6032450199127 0.15346908182386007
300 3157.6068403720856 0.15180656269494697
300 3159.6099491119385 0.10473265791119449
300 3161.6137278079987 0.15602112640801002
300 3163.616904735565 0.15148598503740648
300 3165.619938135147 0.14946983729662078
300 3167.6234152317047 0.15540943089430895
300 3169.627678155899 0.1526834
300 3171.630800485611 0.15511674796747968
300 3173.6339802742004 0.15532806007509387
300 3175.637575149536 0.158369
300 3177.640873670578 0.15568569288389514
300 3179.64430475235 0.15399157632398755
300 3181.6472866535187 0.1568932
300 3183.650629758835 0.15519459324155194
300 3185.6539776325226 0.1567309
300 3187.6569089889526 0.15699932457786117
300 3189.6614685058594 0.15288770000000002
300 3191.6651945114136 0.15323330000000002
300 3193.6689927577972 0.1530048
300 3195.6722111701965 0.15776220137585992
300 3197.6755754947662 0.15636457214241098
300 3199.6796839237213 0.15345296758104737
300 3201.6835086345673 0.1538815759849906
300 3203.686891555786 0.1557141
300 3205.690818309784 0.15417078651685392
300 3207.694012403488 0.1558340037476577
300 3209.698280096054 0.15803872579637726
300 3211.701503276825 0.15331822388993122
300 3213.704755783081 0.1523828785982478
300 3215.7079527378082 0.15275431433938635
300 3217.711161375046 0.1542552
300 3219.714790582657 0.15170088694565897
300 3221.7178013324738 0.15464455284552844
300 3223.7230684757233 0.15421083645443195
300 3225.727091550827 0.1772474
300 3227.730782032013 0.15374128830519074
300 3229.7342989444733 0.1527714
300 3231.7373521327972 0.15754666666666667
300 3233.7413609027863 0.14936264504054897
300 3235.7450153827667 0.1382945
300 3237.7492339611053 0.12963108057464084
300 3239.7530059814453 0.1345753095684803
300 3241.756489753723 0.13046857142857143
300 3243.7606751918793 0.13485943855271365
300 3245.7639977931976 0.1391714535246413
300 3247.768363714218 0.1402831
300 3249.7720198631287 0.1540969
300 3251.775961637497 0.1547325921299188
300 3253.779837846756 0.15574172284644194
300 3255.782963514328 0.15626460386774796
300 3257.787476539612 0.15396082551594747
300 3259.791205883026 0.15329071339173966
300 3261.7944028377533 0.1540078
300 3263.7976269721985 0.15432100125156445
300 3265.801617860794 0.1594621
300 3267.804785013199 0.1553614
300 3269.8086540699005 0.15439250000000002
300 3271.8118953704834 0.15517868667917448
300 3273.8152000904083 0.15322840000000001
300 3275.818907737732 0.152443645443196
300 3277.8223984241486 0.15291517198248905
300 3279.8261194229126 0.15265803381340012
300 3281.829327583313 0.15266751719824892
300 3283.8329124450684 0.15423390761548064
300 3285.836405992508 0.15226650031191516
300 3287.8406898975372 0.15139632270168857
300 3289.845323562622 0.17780415519399248
300 3291.849565267563 0.1505424109931293
300 3293.8528847694397 0.12781306633291614
300 3295.8568828105927 0.12637943855271366
300 3297.8604691028595 0.13323196998123826
300 3299.8641562461853 0.12798720799500313
300 3301.8685731887817 0.1329430682529743
300 3303.8721146583557 0.1344301811367895
300 3305.87615942955 0.13154966292134831
300 3307.8795957565308 0.13724898061288304
300 3309.8833611011505 0.1353218
300 3311.886753320694 0.1297531957473421
300 3313.890451192856 0.1318690818238601
300 3315.8937706947327 0.13388906132665832
300 3317.8973677158356 0.13857638975640224
300 3319.901305913925 0.13062854283927455
300 3321.906320333481 0.14993008739076155
300 3323.9102647304535 0.13141446808510637
300 3325.913894176483 0.1520712
300 3327.9174914360046 0.13694730793254217
300 3329.9211111068726 0.1373633520950594
300 3331.924909591675 0.13671364602876798
300 3333.928861141205 0.13086909318323953
300 3335.932716846466 0.15472909999999998
300 3337.9364483356476 0.1558439950062422
300 3339.9398102760315 0.1624663585259213
300 3341.9432435035706 0.15318183864915572
300 3343.9477207660675 0.1521071
300 3345.9513046741486 0.15227870000000002
300 3347.9550127983093 0.1399630538172716
300 3349.9591147899628 0.1322031
300 3351.962643146515 0.13306756722951846
300 3353.9661304950714 0.1341736
300 3355.970794439316 0.14277333333333334
300 3357.9746177196503 0.13191820448877806
300 3359.9785449504852 0.13536099875156055
300 3361.9821207523346 0.137017
300 3363.985528230667 0.13252605607476636
300 3365.9894597530365 0.1333461
300 3367.992979288101 0.1402791
300 3369.996736049652 0.13915186991869918
300 3372.0006415843964 0.13460052401746725
300 3374.004542827606 0.14420657089319175
300 3376.008066892624 0.13847349186483102
300 3378.0117468833923 0.1373412382739212
300 3380.0155594348907 0.13253549594510294
300 3382.019275903702 0.1376212
300 3384.0231862068176 0.14225751094434022
300 3386.0275638103485 0.13116946182728412
300 3388.032292842865 0.1422296
300 3390.036972284317 0.13172886945658963
300 3392.0405094623566 0.1303673387601753
300 3394.0444095134735 0.1297193
300 3396.0478661060333 0.1285921
300 3398.051946401596 0.13496650813516897
300 3400.055431127548 0.1310747
300 3402.0589787960052 0.1338851127819549
300 3404.0631444454193 0.1364148592870544
300 3406.0671072006226 0.1359876846057572
300 3408.0706849098206 0.1334850872817955
300 3410.0740056037903 0.13373792759051184
300 3412.0777485370636 0.1340467207995003
300 3414.0813779830933 0.1291116052467208
300 3416.085145711899 0.14502645846346035
300 3418.0889172554016 0.1388609881175735
300 3420.092460155487 0.1338380024968789
300 3422.0971460342407 0.1420998875702686
300 3424.1004683971405 0.1330925657071339
300 3426.1043663024902 0.1321708
300 3428.1081244945526 0.14528710444027518
300 3430.1118507385254 0.12866551594746717
300 3432.115742921829 0.1747206
300 3434.1195681095123 0.17327799874921826
300 3436.1233558654785 0.15602122653316647
300 3438.1270864009857 0.12933140722291406
300 3440.1310698986053 0.15119910447761192
300 3442.134525537491 0.16076229426433913
300 3444.137865304947 0.15561773891317926
300 3446.1416923999786 0.15619862757330008
300 3448.145474433899 0.4452831
300 3450.149525165558 0.1307923
300 3452.152699947357 0.1517096
300 3454.1563951969147 0.15815353788353162
300 3456.1607809066772 0.15468037523452158
300 3458.1644332408905 0.1548700938086304
300 3460.1691002845764 0.15995296457426972
300 3462.1733210086823 0.1568425468164794
300 3464.17728972435 0.15223965021861338
300 3466.180734872818 0.15419675405742822
300 3468.1843812465668 0.1277143
300 3470.1884319782257 0.1269652
300 3472.1926305294037 0.1433198
300 3474.196432828903 0.1331096871088861
300 3476.200743198395 0.1278874296435272
300 3478.2045266628265 0.13289305816135086
300 3480.2085993289948 0.1285821
300 3482.2126054763794 0.12847809881175737
300 3484.2169358730316 0.1318152
300 3486.2208404541016 0.1295898936835522
300 3488.2255136966705 0.1473143570536829
300 3490.229568719864 0.13388694132334583
300 3492.2336173057556 0.1339595752654591
300 3494.23774766922 0.13173436408977557
300 3496.2416133880615 0.14034733416770964
300 3498.2451527118683 0.1380630788485607
300 3500.248988866806 0.13209687890137328
300 3502.2529907226562 0.14527121098626716
300 3504.256686925888 0.12979726988102694
300 3506.2605283260345 0.12911629536921151
300 3508.2642118930817 0.13319004377736085
300 3510.268184900284 0.1269567041198502
300 3512.2719337940216 0.129002
300 3514.2756502628326 0.12689169269206746
300 3516.2798161506653 0.1304746
300 3518.2836260795593 0.1304351780137414
300 3520.2886848449707 0.12956524344569287
300 3522.292811870575 0.12790096189881325
300 3524.2969546318054 0.12717117206982542
300 3526.300877094269 0.1382665502183406
300 3528.3051266670227 0.14736649188514356
300 3530.3091146945953 0.15659525593008738
300 3532.3126904964447 0.15254767311291328
300 3534.316717863083 0.15236347282948157
300 3536.320340156555 0.15111795638629286
300 3538.323612689972 0.15656235146966854
300 3540.3272335529327 0.15719994996873043
300 3542.330947637558 0.1526024765478424
300 3544.3343040943146 0.15506708307307931
300 3546.337900876999 0.15432304809494066
300 3548.341289281845 0.15417746091307066
300 3550.345052719116 0.1554745
300 3552.34899187088 0.15568769038701624
300 3554.354137659073 0.15653795511221946
300 3556.35813498497 0.155145
300 3558.3617849349976 0.15246590000000002
300 3560.3657705783844 0.15608981931464175
300 3562.3692882061005 0.155661822721598
300 3564.3725032806396 0.15780933083176987
300 3566.375978708267 0.1548514
300 3568.3793630599976 0.1550492883895131
300 3570.383147716522 0.15586863579474344
300 3572.3862648010254 0.15732577139287945
300 3574.389442920685 0.1571858411507192
300 3576.392580509186 0.15505260787992495
300 3578.395797729492 0.16127669586983728
300 3580.3988206386566 0.15726098811757347
300 3582.4025716781616 0.1554336079900125
300 3584.4057269096375 0.15465472239550843
300 3586.4100539684296 0.15451917448405253
300 3588.413746356964 0.153645443196005
300 3590.4174766540527 0.1500991119449656
300 3592.421656847 0.12980843945068662
300 3594.425267457962 0.13057841150719202
300 3596.429305076599 0.13321091364205256
300 3598.432717561722 0.1367635
300 3600.436487197876 0.130629887359199
300 3602.439989089966 0.13182157697121402
300 3604.443767309189 0.13583629536921152
300 3606.447284221649 0.13933928705440898
300 3608.4510309696198 0.14923096935584743
300 3610.454993724823 0.13279970204841712
300 3612.4587366580963 0.1378976860537836
300 3614.462541103363 0.1407417636022514
300 3616.46617603302 0.13526224438902743
300 3618.470624923706 0.1415173067331671
300 3620.4749002456665 0.1521151
300 3622.4784677028656 0.1377202751719825
300 3624.4825382232666 0.13641199751088987
300 3626.4861738681793 0.1333984778540237
300 3628.4899520874023 0.149851072319202
300 3630.4940161705017 0.13907997501561523
300 3632.4974026679993 0.13411253898939487
300 3634.5012788772583 0.13675924906132667
300 3636.504869699478 0.14329779439252335
300 3638.5085668563843 0.13925326670830732
300 3640.512307882309 0.13720140175219023
300 3642.516321182251 0.13562142678347935
300 3644.5199160575867 0.13511448621553884
300 3646.5236327648163 0.13608724547158027
300 3648.5275163650513 0.13764602876798
300 3650.5315070152283 0.13555609999999998
300 3652.5358715057373 0.14303480649188516
300 3654.539676427841 0.1351630538172716
300 3656.543557405472 0.1345343
300 3658.547446489334 0.15498693266832916
300 3660.5510342121124 0.15722018785222291
300 3662.555406808853 0.155192104934416
300 3664.558627843857 0.1549138423028786
300 3666.562347650528 0.1549926
300 3668.566352367401 0.15747962476547844
300 3670.570126056671 0.1575198002496879
300 3672.5735490322113 0.15616558951965065
300 3674.5776340961456 0.1551011617738913
300 3676.5813274383545 0.16004117426608372
300 3678.5852031707764 0.15530563591022445
300 3680.5889689922333 0.15555070000000001
300 3682.5922396183014 0.1547919449656035
300 3684.597052335739 0.15674103685196752
300 3686.600847005844 0.15728779512804497
300 3688.6044619083405 0.15976325203252031
300 3690.6082093715668 0.15503819774718397
300 3692.61164355278 0.15357156445556946
300 3694.615859746933 0.13849669781931465
300 3696.6196587085724 0.1328472
300 3698.623895406723 0.13296639600249843
300 3700.6274921894073 0.15594840000000001
300 3702.6306762695312 0.15814315789473685
300 3704.634096622467 0.15561908578584846
300 3706.6373631954193 0.154637
300 3708.64093875885 0.15663830212234706
300 3710.6444573402405 0.15638484052532833
300 3712.6473426818848 0.15470818523153942
300 3714.650797367096 0.1561535919899875
300 3716.6544291973114 0.15290397003745318
300 3718.6588871479034 0.1558263914946842
300 3720.662714958191 0.15326212234706618
300 3722.66605758667 0.1523217
300 3724.670156955719 0.15543870324189527
300 3726.673448562622 0.15422082397003745
300 3728.677482843399 0.15518367959949936
300 3730.6807980537415 0.1525056679151061
300 3732.6846091747284 0.16069606495940036
300 3734.688000679016 0.15534819262038774
300 3736.6913628578186 0.1552821
300 3738.6950166225433 0.15724839875389407
300 3740.698414325714 0.15692217636022515
300 3742.7015194892883 0.15474806491885143
300 3744.705064535141 0.15594633416458853
300 3746.708175420761 0.1557880324797002
300 3748.711512565613 0.1336283468496569
300 3750.7157521247864 0.15550669168230144
300 3752.720254421234 0.1590934
300 3754.7241084575653 0.15559599499374216
300 3756.7272658348083 0.15587794743429287
300 3758.731111764908 0.1546695684803002
300 3760.7343730926514 0.1536474406991261
300 3762.738123893738 0.15455729831144466
300 3764.7416417598724 0.1571567540574282
300 3766.745566368103 0.1562876012461059
300 3768.7489223480225 0.1551694382022472
300 3770.752774953842 0.15773066332916147
300 3772.7560300827026 0.15586995616781466
300 3774.76002907753 0.15484730000000002
300 3776.7636568546295 0.1554454
300 3778.768137693405 0.15235769999999998
300 3780.7718970775604 0.1555807138384471
300 3782.7755863666534 0.15572260651629072
300 3784.7801167964935 0.15441915211970075
300 3786.784017086029 0.1554376
300 3788.787919282913 0.1571246
300 3790.7914423942566 0.1551461991233563
300 3792.7956223487854 0.1560106
300 3794.799129009247 0.15452893882646693
300 3796.803277492523 0.15413047381546136
300 3798.807508945465 0.13539653150343106
300 3800.8110790252686 0.12780324594257178
300 3802.8145525455475 0.14494351030605873
300 3804.818274974823 0.14106159048215405
300 3806.821882009506 0.13088418691588785
300 3808.825580596924 0.14684297686053785
300 3810.8288946151733 0.13069758599124454
300 3812.8328564167023 0.1345384
300 3814.8362991809845 0.13007860174781524
300 3816.8404700756073 0.12971548346849657
300 3818.844846010208 0.13412524344569288
300 3820.84877204895 0.1416195
300 3822.852564096451 0.13211617260787992
300 3824.8564846515656 0.13225055659787366
300 3826.860335588455 0.1348640900562852
300 3828.8643279075623 0.1451983
300 3830.8682906627655 0.13139932457786116
300 3832.8717801570892 0.13178336460287682
300 3834.8757758140564 0.13236883051907442
300 3836.8793556690216 0.12959330418488443
300 3838.883302927017 0.1365961
300 3840.8870141506195 0.1293005
300 3842.890588760376 0.13345851156973107
300 3844.894979953766 0.13176769038701625
300 3846.8985340595245 0.13135939962476548
300 3848.9025270938873 0.14155013116801998
300 3850.9072053432465 0.14482691682301438
300 3852.910977602005 0.1518155458515284
300 3854.9152302742004 0.140340712945591
300 3856.9190113544464 0.2014971642723298
300 3858.9230930805206 0.1543885
300 3860.926622390747 0.13281791119449654
300 3862.9300830364227 0.14465168539325843
300 3864.9335782527924 0.13464855534709194
300 3866.9367389678955 0.1355146966854284
300 3868.9403223991394 0.140383819661866
300 3870.9437499046326 0.1353893816364772
300 3872.9474160671234 0.1327169
300 3874.9513070583344 0.14264958801498126
300 3876.955335378647 0.1544252369077307
300 3878.9587922096252 0.13167061173533084
300 3880.963028907776 0.1570846558197747
300 3882.9669132232666 0.17324182386008743
300 3884.9712793827057 0.15281048034934497
300 3886.974857568741 0.15508125156445557
300 3888.9785475730896 0.15267429999999999
300 3890.982723236084 0.16999088861076345
300 3892.986055135727 0.1542542
300 3894.9900572299957 0.15177091364205256
300 3896.9933800697327 0.1546744853399875
300 3898.997176170349 0.156758
300 3901.0003957748413 0.15619884856070088
300 3903.003923177719 0.17595754693366708
300 3905.0083639621735 0.1744389243277048
300 3907.011806488037 0.15996587867417136
300 3909.0157141685486 0.1556178
300 3911.01895070076 0.1546554596622889
300 3913.022133588791 0.15451779999999998
300 3915.025335788727 0.15387668122270742
300 3917.0289092063904 0.16253065502183406
300 3919.033801794052 0.1551399
300 3921.037793636322 0.15339867747972552
300 3923.041282892227 0.1525959275452842
300 3925.0449357032776 0.09402663335415365
300 3927.0483627319336 0.1534570893191755
300 3929.0523726940155 0.1569454
300 3931.056155204773 0.15506551594746718
300 3933.0599496364594 0.1539197001873829
300 3935.0639128684998 0.1587506
300 3937.067305326462 0.15439730673316707
300 3939.070643186569 0.15376439725171767
300 3941.07368850708 0.15376149906308556
300 3943.0772218704224 0.15266608369768894
300 3945.0803532600403 0.1276224
300 3947.0835621356964 0.15125570000000002
300 3949.086926460266 0.1528997
300 3951.0918135643005 0.12956765957446809
300 3953.095561027527 0.12930493116395494
300 3955.099540710449 0.1271356597873671
300 3957.1030402183533 0.128518
300 3959.106952905655 0.1302024765478424
300 3961.1103386878967 0.1350486053783615
300 3963.114176273346 0.13030874296435271
300 3965.117846727371 0.1291984
300 3967.121237754822 0.13138446941323345
300 3969.1253480911255 0.12851217877094973
300 3971.129096031189 0.1314796
300 3973.133169412613 0.141846
300 3975.136777639389 0.1276765
300 3977.1407749652863 0.1319674
300 3979.144819498062 0.1516594
300 3981.148693561554 0.14202776942355888
300 3983.152667760849 0.1552391
300 3985.1575405597687 0.14606090000000002
300 3987.161443710327 0.15622911360799002
300 3989.1657538414 0.1567110224438903
300 3991.1693501472473 0.1526546091307067
300 3993.17316865921 0.1518420986883198
300 3995.1764709949493 0.15261685660613653
300 3997.1804523468018 0.16151715178013742
300 3999.1841282844543 0.177574
300 4001.187723875046 0.1549268585732165
300 4003.1919078826904 0.13994187265917601
300 4005.195561170578 0.13121429106808244
300 4007.19939994812 0.13886921348314607
300 4009.20339012146 0.13269296689569018
300 4011.2073669433594 0.13126778473091363
300 4013.211263895035 0.1563488541014402
300 4015.214872121811 0.15773728580362728
300 4017.2194311618805 0.15688305190744214
300 4019.2233719825745 0.15470708385481854
300 4021.2269434928894 0.15575785134291067
300 4023.230463027954 0.15529095684803002
300 4025.2342002391815 0.15186536828963795
300 4027.238272666931 0.1539978
300 4029.242282152176 0.1576138566978193
300 4031.2456011772156 0.1503980062305296
300 4033.2492377758026 0.15248879450343533
300 4035.2528789043427 0.1533255
300 4037.256452560425 0.1537914196372733
300 4039.2600135803223 0.1542688360450563
300 4041.263689517975 0.15634374452097682
300 4043.2674922943115 0.14726042446941323
300 4045.2715318202972 0.15316346417445484
300 4047.275379896164 0.15756827930174563
300 4049.279469013214 0.15641904288377873
300 4051.283929824829 0.15225456359102243
