1 1.573016881942749 24.096260298507463
2 3.577685594558716 23.139347016229713
4 5.581435441970825 23.4502313
5 7.585198402404785 23.760488373831777
6 9.589256286621094 23.62106284289277
8 11.593137741088867 23.792261336664584
9 13.596881628036499 23.39228152404747
11 15.600569486618042 23.76137007481297
12 17.60420036315918 23.9409378
14 19.608545541763306 23.371381732087226
15 21.6122043132782 23.67297912390488
17 23.61601686477661 23.635359003115262
18 25.620105981826782 23.553214481897626
20 27.623980283737183 23.72805016270338
21 29.627763509750366 23.230861388367728
23 31.632043600082397 23.500321398252186
24 33.63623094558716 23.85152089943785
26 35.640856981277466 22.9986811514393
27 37.64454674720764 23.9505722
28 39.6487078666687 23.845112219451373
30 41.652671813964844 23.79882819713038
31 43.65593647956848 23.62631251870324
33 45.65961503982544 24.045805885286782
34 47.663771867752075 23.464289651741293
36 49.66702675819397 24.19518704856787
37 51.67113208770752 25.03258663347853
39 53.67467260360718 22.90610994385527
40 55.67863059043884 24.894000648783532
42 57.682116746902466 24.29567240948814
43 59.686004877090454 25.51931641791045
44 61.6897656917572 24.40369138576779
46 63.69377422332764 24.078240099626402
47 65.6974127292633 24.7321434
49 67.70106911659241 23.72361691827823
50 69.70482349395752 23.507529382407984
52 71.70931816101074 23.531694472863382
53 73.71292066574097 23.568260074906366
55 75.71695852279663 23.4904166687461
56 77.72080183029175 23.347100713838447
58 79.7246561050415 23.638136423676013
59 81.72830200195312 23.714996627108057
60 83.73228859901428 23.464499427148194
62 85.73635768890381 23.39324596381784
63 87.74017858505249 23.54300692067458
65 89.74444699287415 23.82336109657321
66 91.74797511100769 23.844327
68 93.75225615501404 24.3192789
69 95.7557213306427 23.478571992504683
71 97.75968074798584 23.319489215442093
72 99.76341962814331 23.91217317529632
74 101.76850485801697 23.71600938826467
75 103.77223420143127 24.07800854465959
77 105.7761504650116 22.775266292834893
78 107.77991557121277 23.931888239700374
80 109.7836503982544 23.60829473158552
81 111.78811359405518 23.402932401746725
82 113.79168653488159 22.827541213258286
84 115.7958300113678 23.898732652552926
85 117.7999427318573 23.715462671660426
87 119.80379486083984 24.16197698630137
88 121.80753779411316 23.776414141161776
90 123.81129336357117 23.647142127659574
91 125.81541681289673 23.633239900249375
93 127.81930112838745 23.96214036227358
94 129.82281184196472 23.21811072319202
96 131.82662892341614 23.68935646105919
97 133.8316354751587 23.32661859714463
99 135.83515214920044 24.059499825218477
100 137.83894872665405 23.351835716064755
101 139.84266829490662 24.1218742
103 141.84648370742798 24.094365243445694
104 143.84997510910034 23.823918951965066
106 145.85354590415955 23.915254831460675
107 147.85670399665833 24.1805378
109 149.86030650138855 23.571349213483145
110 151.86376643180847 23.760714925373133
112 153.86700916290283 23.71381153894081
113 155.87115120887756 23.323889831144466
115 157.87543153762817 23.79131975031211
116 159.87937235832214 23.571326820737042
117 161.88324809074402 23.883311730168643
119 163.88736510276794 23.515175277258567
120 165.89227104187012 23.88317418068536
122 167.8959300518036 23.535549471064094
123 169.89961981773376 24.893791319574735
125 171.90288639068604 23.42694660049628
126 173.90619564056396 23.357026433915212
128 175.9097876548767 24.549258686679174
129 177.91335248947144 23.882934264339152
131 179.91711831092834 22.922715302935664
132 181.92064380645752 24.025085378361478
133 183.9244101047516 20.934481247660635
135 185.92801642417908 23.40255441396509
136 187.9313085079193 23.40384895522388
138 189.93520045280457 23.66071574734209
139 191.9393150806427 23.923674000000002
141 193.9431037902832 23.44620382261087
142 195.94739627838135 23.720044815970056
144 197.95113253593445 23.70417319280843
145 199.95549821853638 23.12686741016109
147 201.95919942855835 23.747096993137866
148 203.96294927597046 23.20261968808484
150 205.96696257591248 23.514400199875077
151 207.97117018699646 23.488038703241894
152 209.97503972053528 23.49986919053549
154 211.97882223129272 23.1521868
155 213.98280930519104 23.460827661691543
157 215.9864010810852 23.08719980087119
158 217.9901008605957 23.509708200000002
160 219.9938099384308 23.150798498122654
161 221.99794149398804 23.488775530586768
163 224.0017728805542 23.806778309329992
164 226.00565767288208 23.379004032561053
166 228.0096127986908 22.989587915106117
167 230.01429796218872 23.78848119700748
169 232.01809072494507 24.333188014981275
170 234.02221369743347 24.19300551378446
171 236.02569770812988 23.9607541713571
173 238.02965712547302 24.461388936170213
174 240.0333695411682 23.78798051217989
176 242.0372543334961 23.412747265917602
177 244.04150700569153 23.045517051842598
179 246.04541063308716 23.631777478152312
180 248.04934239387512 23.807875511221948
182 250.053142786026 23.201070930668333
183 252.05716753005981 24.066697185741088
185 254.06083750724792 23.543055759096614
186 256.06494188308716 23.4513408
188 258.0687053203583 24.137930506566605
189 260.0729570388794 24.9201784423676
190 262.07670068740845 23.481827584480598
192 264.0814690589905 23.5543919
193 266.0856728553772 23.6269745
195 268.0892689228058 23.419940537164273
196 270.09319949150085 23.284206226650063
198 272.0969922542572 23.5779798
199 274.10114192962646 23.6815472659176
201 276.10483050346375 23.208352019950123
202 278.10862159729004 23.353977663960023
204 280.1125817298889 23.387706550652577
205 282.11633110046387 23.257124194756553
207 284.12035751342773 23.582109769757313
208 286.1238603591919 23.6966501618929
210 288.12752294540405 22.96415601246106
211 290.1315450668335 23.684210542056075
212 292.1352984905243 23.754491001866832
214 294.1386909484863 23.42193874143302
215 296.14270782470703 23.10699096935585
217 298.14702105522156 23.520059875467
218 300.1511085033417 23.756807576323986
220 302.155024766922 23.585061373283395
221 304.15960359573364 23.188609099999997
223 306.163170337677 23.41500132417239
224 308.16689372062683 23.343340062305295
226 310.1707193851471 23.620439178593653
227 312.17501950263977 23.17283215980025
229 314.1789813041687 23.19086474766355
230 316.18344497680664 23.440218842563784
232 318.1873481273651 23.356114899999998
233 320.19106793403625 23.57656887780549
234 322.1950697898865 23.317173632958802
236 324.19866037368774 23.521028970679975
237 326.2028057575226 23.54447721046077
239 328.2066128253937 23.998660435052827
240 330.21138548851013 22.597979388646287
242 332.2152314186096 23.597526
243 334.21889996528625 23.440940385812073
245 336.2223517894745 23.665644956195244
246 338.22587394714355 23.603097691827823
248 340.22970032691956 23.351004411214955
249 342.2330939769745 23.6808597758406
251 344.23711919784546 23.291768576802507
252 346.2411239147186 23.081365892634206
253 348.24515676498413 23.244635905118603
255 350.25001096725464 23.404793607990012
256 352.25314354896545 24.14148876951905
258 354.2571265697479 23.7442302366127
259 356.2606737613678 23.740376505948653
261 358.26445174217224 23.297557952559302
262 360.2683367729187 23.815310592638802
264 362.27232480049133 23.623756347717322
265 364.2776298522949 23.1404318699187
267 366.28155159950256 23.161053607476635
268 368.2857894897461 23.24039570536829
270 370.28959488868713 23.531592645962732
271 372.29383659362793 23.466672559300875
273 374.2977252006531 23.235316327543423
274 376.3017547130585 24.097256373831776
275 378.30556058883667 23.081908007495315
277 380.30996203422546 23.63532785982478
278 382.31401896476746 23.751824080100125
280 384.31773257255554 23.662335378835316
281 386.3216905593872 23.33289308364544
283 388.32590985298157 23.157560373366522
284 390.32976818084717 23.4218334
286 392.33408403396606 23.325169744548287
287 394.337664604187 23.827266899999998
289 396.3416130542755 23.100359551681198
290 398.3456599712372 23.90559128911139
292 400.3492603302002 23.389896685428393
293 402.35350799560547 23.663234978138664
294 404.357234954834 23.8241795
296 406.3609161376953 23.093625787181082
297 408.36485958099365 23.11936298879203
299 410.36853098869324 23.230506433915213
300 412.3724174499512 0.1446668664169788
300 414.37573289871216 0.13395367895065582
300 416.3793294429779 0.13447109999999998
300 418.3826825618744 0.12698281444582815
300 420.3864209651947 0.1450664665415885
300 422.38948822021484 0.13132933832709115
300 424.3930072784424 0.1312408510638298
300 426.3963680267334 0.1286397997496871
300 428.39968514442444 0.12822028696194634
300 430.4036912918091 0.1282214
300 432.40765833854675 0.13508618659987476
300 434.4114511013031 0.150885
300 436.4156584739685 0.151443
300 438.41918182373047 0.1530581
300 440.4232454299927 0.15477306733167082
300 442.4267761707306 0.1536552
300 444.4307792186737 0.15340044831880448
300 446.4343731403351 0.15280660000000001
300 448.4377450942993 0.1541387632729544
300 450.4418320655823 0.15296270337922402
300 452.44554829597473 0.09461123202001251
300 454.4494881629944 0.15446738423028786
