0 1.050011157989502 9.996326708385482
2 3.0533370971679688 10.743188400000001
4 5.057326078414917 10.013320050062578
6 7.060737371444702 9.5288082382134
7 9.065560102462769 10.071750012484394
9 11.06919550895691 9.374231725856697
11 13.073317527770996 9.367312069608452
13 15.077994108200073 9.533889157829071
15 17.081616401672363 10.497853673088875
16 19.085339546203613 8.871394292834891
18 21.088919401168823 10.734409317470258
20 23.092675924301147 9.459151690580162
22 25.096649885177612 10.147216836861768
23 27.10068941116333 9.748240948222083
25 29.104987382888794 10.003854138145613
27 31.109071969985962 8.96992450563204
29 33.11307644844055 10.340132221530803
31 35.117427349090576 10.360712854465959
32 37.12128019332886 9.120492246421904
34 39.12535548210144 10.58061001873829
36 41.12881422042847 10.158216827586207
38 43.132506132125854 10.188216683417085
39 45.13591551780701 10.710710459627329
41 47.14234232902527 10.397679849906192
43 49.14575505256653 10.097397453183522
45 51.14923858642578 10.749693358348967
46 53.15307331085205 9.8964984
48 55.15664887428284 10.318170543410368
50 57.160189151763916 8.914112779512804
52 59.16395545005798 9.901606579439253
54 61.168227672576904 9.306676834890967
55 63.171828508377075 10.743163627329192
57 65.17601156234741 9.707438601747816
59 67.17968034744263 9.159680997506234
61 69.18392848968506 9.735413300124533
62 71.18755841255188 9.386423485321673
64 73.19141507148743 9.619158455790783
66 75.1952109336853 9.75027323767935
68 77.19938731193542 9.388904573208723
70 79.2031831741333 9.747789520846299
71 81.20675039291382 9.697658417445483
73 83.21068978309631 9.680374497816594
75 85.21494174003601 10.91956225281602
77 87.21843791007996 10.2994343
78 89.22220134735107 8.837795489096573
80 91.22599244117737 9.455485685785536
82 93.23008298873901 10.82732032398754
84 95.23375415802002 9.871173267080744
85 97.23737812042236 9.84090776119403
87 99.2412850856781 9.911393715710723
89 101.24491739273071 10.395990185873606
91 103.2488899230957 10.026859165109034
93 105.25231122970581 10.485131848164281
94 107.25578331947327 10.36843925093633
96 109.25922131538391 9.505718126171143
98 111.26357078552246 9.945126372121967
100 113.26837253570557 9.353004350528279
101 115.27227520942688 10.0981331
103 117.27575993537903 10.27060634207241
105 119.27964878082275 10.51844729309272
107 121.28335428237915 9.579007420362274
108 123.28686714172363 10.16360463551402
110 125.29087901115417 9.758689135034224
112 127.2943685054779 9.743303235477827
114 129.29879307746887 9.52900094645081
116 131.3025324344635 10.4934443
117 133.30615282058716 10.2417131
119 135.30975651741028 9.802247141971481
121 137.31368732452393 10.498496458852868
123 139.31743597984314 10.145124854489165
124 141.32110691070557 9.41872700876095
126 143.32466745376587 10.330955805243445
128 145.32839179039001 10.545901722846441
130 147.33314681053162 9.368471815346226
131 149.33674025535583 9.679344438902742
133 151.34059739112854 10.218129634674924
135 153.34432172775269 9.26597320049813
137 155.34806966781616 9.826768
139 157.35182166099548 9.512754741433021
140 159.35587692260742 10.532495152647975
142 161.35979557037354 9.525185196261681
144 163.36353397369385 10.6463068164794
146 165.36720848083496 10.127462900000001
147 167.37124156951904 9.632321388716678
149 169.3751540184021 9.389222850031114
151 171.3787534236908 9.62463550842171
153 173.382581949234 9.581532012461059
155 175.38656187057495 9.603966190180238
156 177.39059853553772 9.589919700000001
158 179.3938159942627 9.374646284289277
160 181.39919257164001 9.538181010605115
162 183.4028036594391 9.826763718028696
163 185.4067783355713 9.846135825545172
165 187.4107961654663 9.345626136645963
167 189.41543817520142 9.741835716064758
169 191.41942286491394 9.099605439800374
171 193.42326521873474 10.136941824953444
172 195.426983833313 9.380382050963332
174 197.43137121200562 9.372941217391304
176 199.4353404045105 9.778011742660837
178 201.439514875412 9.775583420724095
180 203.44330644607544 9.199677109034269
181 205.446959733963 9.306358606965174
183 207.4505910873413 9.249159153175592
185 209.45452070236206 9.989234185901434
187 211.45823311805725 9.88321210756723
188 213.4630081653595 10.219203674736189
190 215.4673309326172 9.730316915422886
192 217.47134160995483 9.989335995009357
194 219.47532844543457 8.936308081936685
195 221.47898316383362 10.3250461
197 223.48289799690247 9.506689058016219
199 225.4869647026062 9.348380548628429
201 227.490820646286 9.401343003115265
203 229.49498677253723 9.76101343320849
204 231.49896121025085 9.679637679351217
206 233.50293111801147 9.478097811131958
208 235.50687217712402 9.370000399002494
210 237.51034283638 9.820668792029888
212 239.5145673751831 8.587861831775701
213 241.51862692832947 9.793131970074812
215 243.52240180969238 9.696215193026152
217 245.52621173858643 9.3561475844806
219 247.5298457145691 9.7604833894081
220 249.5335350036621 9.96586590143481
222 251.53673005104065 9.413528434185901
224 253.54118180274963 10.075052859813084
226 255.54485726356506 9.783646704049845
228 257.5489134788513 9.8199937922403
229 259.55259346961975 9.404739004975124
231 261.5562355518341 10.581890646766169
233 263.55966424942017 9.79463520599251
235 265.5637364387512 9.262338990654206
236 267.5672163963318 9.365115226848975
238 269.57127928733826 9.448670386052303
240 271.574951171875 9.4106695576324
242 273.5787513256073 9.76123451371571
244 275.5827031135559 9.617362896379525
245 277.58643412590027 9.30830474766355
247 279.5914125442505 9.343590811485642
249 281.5953290462494 9.299127372353674
251 283.5990991592407 9.790806902545004
252 285.6030740737915 9.802812069825437
254 287.60702991485596 9.7801814
256 289.6109666824341 7.074059788425638
258 291.6150372028351 9.495131826086958
260 293.6187105178833 10.428697285180572
261 295.6225962638855 9.695277654398003
263 297.62625217437744 10.34546961851157
265 299.630490064621 10.403596261682244
267 301.6338577270508 9.597429806371018
268 303.6374042034149 8.878820847880299
270 305.64099168777466 10.908155411471322
272 307.6449601650238 9.457098884758363
274 309.6484708786011 8.838920348692403
275 311.6534163951874 10.16228047352025
277 313.6574990749359 9.770893930348258
279 315.6612169742584 9.804799601494397
281 317.66500306129456 9.971139337913804
283 319.66862964630127 9.534283790523691
284 321.6722717285156 8.554873208489388
286 323.676078081131 9.968249353233832
288 325.679790019989 10.773038403990025
290 327.68324995040894 9.301213965087282
291 329.6869230270386 10.349186045934204
293 331.6904683113098 10.676230292470441
295 333.6940886974335 9.58707695380774
297 335.69798254966736 9.528689107922645
298 337.7020072937012 10.33664329382408
300 339.7055604457855 1.3082924
300 341.70913577079773 0.13349027431421445
300 343.71387457847595 0.16485760801502816
