0 1.844390869140625 29.86515741293532
1 3.848071575164795 29.51446483014206
1 5.851576566696167 29.744915052827842
2 7.85491418838501 29.808601043478262
2 9.858865022659302 30.21499805728518
3 11.86293649673462 30.128677787445618
3 13.86676573753357 29.59077557894737
4 15.870169401168823 29.6162489993785
5 17.87368154525757 29.348935177570095
5 19.877203702926636 29.52121978921265
6 21.88059401512146 30.271155844806007
6 23.884326457977295 29.706974984443065
7 25.88792610168457 29.428357816377172
8 27.89237928390503 30.248356830941987
8 29.89623188972473 30.4102
9 31.89983892440796 29.370207023661273
9 33.90374946594238 30.2190538
10 35.907251596450806 30.31607740648379
11 37.91067838668823 30.044080398505603
11 39.91549348831177 29.3613263681592
12 41.91924166679382 29.81200787048568
12 43.92319869995117 30.12902218340611
13 45.92874789237976 30.03145168427595
13 47.932729721069336 29.799209919404834
14 49.93684697151184 30.24226730238394
15 51.941190242767334 29.628588879256966
15 53.94538855552673 29.660922756052145
16 55.94892382621765 30.031004499689246
16 57.952184200286865 29.645594118380064
17 59.955748081207275 30.012097816593887
17 61.959601163864136 30.02690762732919
18 63.96361064910889 30.49719401496259
19 65.96751523017883 30.238885907384226
19 67.9713282585144 30.51507554449284
20 69.97577905654907 29.844864621164685
20 71.9802074432373 29.63933316708229
21 73.98419666290283 29.73150363069245
22 75.98784041404724 29.807440498753117
22 77.99206638336182 29.573498218318694
23 79.99575161933899 29.164498553615957
23 81.9995493888855 29.75765936606588
24 84.0032148361206 30.040649111389232
25 86.00702285766602 30.054612002495322
25 88.01117634773254 29.86956600623053
26 90.01478981971741 29.482816339787632
26 92.01924133300781 30.101169038701624
27 94.02330684661865 30.053402646691634
28 96.02732062339783 29.900148742216686
28 98.03163599967957 30.07311321272614
29 100.0351209640503 29.50426792546584
29 102.03914546966553 29.77831600499376
30 104.04289221763611 29.674167980049877
31 106.04678630828857 30.424607979924716
31 108.05054521560669 29.749602076637828
32 110.05554366111755 29.757554726368156
32 112.05940866470337 29.990426633291616
33 114.06322312355042 30.28115055276382
34 116.06715416908264 29.851242646691635
34 118.07097029685974 29.340651378665005
35 120.0748918056488 30.833919099437146
35 122.0791163444519 30.25981886036318
36 124.08318662643433 30.319894235588972
37 126.08742070198059 29.875099193047795
37 128.09084463119507 29.930832870544087
38 130.09472155570984 30.035885485284908
38 132.09843516349792 30.336313842333958
39 134.10274195671082 30.199521490683228
40 136.10704064369202 29.796491020663744
40 138.11115097999573 29.853318703241893
41 140.11483693122864 29.665100736119776
41 142.1191611289978 30.444405746408492
42 144.12419199943542 30.435947400000003
43 146.1280734539032 30.124124744069913
43 148.13228178024292 29.759071661481016
44 150.13659262657166 30.030533665835414
44 152.1403615474701 30.17799636589919
45 154.14466738700867 29.91855560823456
46 156.1480417251587 29.611073689440992
46 158.15167546272278 29.878125528455286
47 160.15584230422974 29.767465801621956
47 162.16015911102295 29.98132248756219
48 164.1647560596466 30.037376479400752
49 166.16872000694275 30.003405956386292
49 168.1725046634674 29.756826998754672
50 170.1760013103485 30.255552059925094
50 172.18020224571228 29.68580476012461
51 174.18432474136353 30.064876417910448
51 176.1879312992096 29.76698310667498
52 178.1924605369568 30.059111865252653
53 180.19602227210999 29.698550723192017
53 182.1998348236084 30.058896049844236
54 184.2036747932434 30.37039263223398
54 186.20713448524475 30.130681324172393
55 188.21065974235535 30.51287904940588
55 190.2140827178955 29.76263127819549
56 192.21785855293274 29.58602812694462
57 194.22143387794495 29.895913354153652
57 196.2260365486145 29.515930348258706
58 198.2295548915863 29.858751780137418
58 200.2331986427307 29.851084405724954
59 202.23651599884033 29.870822515566626
59 204.24029994010925 30.051689182782283
60 206.2435839176178 30.218300324594257
60 208.24722337722778 29.75368592408214
61 210.25185632705688 29.759176380481776
62 212.25571012496948 29.98212262008734
62 214.25926065444946 30.11563487179487
63 216.2629578113556 29.93292939130435
63 218.26656126976013 29.835926757763975
64 220.27065753936768 30.42330157470552
64 222.27442049980164 30.46773237267081
65 224.27852630615234 30.448433775573463
66 226.28258156776428 29.982861879278154
66 228.28649020195007 30.15372
67 230.29165530204773 29.71822120571784
67 232.2940490245819 30.228383542573027
68 234.29796695709229 29.253399182662537
69 236.30232739448547 30.0465414622057
69 238.30648136138916 29.581048402734616
70 240.31000351905823 29.26608486956522
70 242.31431770324707 30.195441503759398
71 244.3191888332367 30.445216656308265
71 246.32342338562012 29.40697482587065
72 248.3270173072815 29.906425540372673
73 250.33127188682556 29.88082404968944
73 252.3347625732422 29.906324236760124
74 254.33881950378418 29.996161093847114
74 256.34261560440063 30.116254217772216
75 258.34605169296265 30.094551432129514
76 260.35022830963135 29.731219104477614
76 262.35386395454407 29.783605870646767
77 264.3580090999603 29.768547573300065
77 266.3619785308838 30.5474658
78 268.36607933044434 29.79388638906153
79 270.37025809288025 29.340695258245177
79 272.37511110305786 30.35552990619137
80 274.3785865306854 30.47826610421836
80 276.3823654651642 30.40914442367601
81 278.38747453689575 30.523021276595745
82 280.39170598983765 30.146801147847786
82 282.3956320285797 30.51732369077307
83 284.40027356147766 29.892253923892703
83 286.4041860103607 29.695846952203603
84 288.4074923992157 29.857216737235365
85 290.41181111335754 29.75354089552239
85 292.4151887893677 30.09577773349938
86 294.41934514045715 30.352340947630925
86 296.4226908683777 29.060777043478257
87 298.4269552230835 29.678883480422623
87 300.43018770217896 30.272782465753423
88 302.4340660572052 29.87781595519602
89 304.437433719635 30.067014348097317
89 306.4409577846527 29.763494400000003
90 308.444331407547 29.722231777089785
90 310.44907784461975 29.93850433915212
91 312.45374155044556 30.04883605493134
91 314.457496881485 29.772748124223604
92 316.46208143234253 29.99817779439252
93 318.4653549194336 30.005228067542213
93 320.4696590900421 29.62750021236727
94 322.4736180305481 30.883246384039904
94 324.4775650501251 30.095115505617976
95 326.48165369033813 30.015639399999998
96 328.4852375984192 30.193702643391525
96 330.4893448352814 30.17498148286604
97 332.49385809898376 30.011617369727045
97 334.49689769744873 30.143816758104734
98 336.50089406967163 29.895683602251406
98 338.5045802593231 30.1306729
99 340.50851821899414 30.12303920348475
100 342.51192140579224 29.741721995012472
100 344.51625299453735 29.694443972517178
101 346.5200309753418 29.86011303482587
101 348.52407598495483 29.866981945137155
102 350.52799105644226 29.982054392059553
103 352.5323543548584 29.981770972568576
103 354.53616881370544 30.012028800000003
104 356.54048681259155 29.981162420461633
104 358.544376373291 30.233773834586465
105 360.54817485809326 29.56315178082192
106 362.5526828765869 29.956493625547903
106 364.5564160346985 29.810101373283395
107 366.56063055992126 29.897744647975077
107 368.56444334983826 30.015388042262277
108 370.5682575702667 30.120730673316707
109 372.5718424320221 30.11013716427233
109 374.57662296295166 29.0532898630137
110 376.5802686214447 30.028851467832606
110 378.58399987220764 30.237414595267747
111 380.58741211891174 29.79229976323988
111 382.5912585258484 30.206728977556107
112 384.5950057506561 30.56658254226675
112 386.5984013080597 29.731453923892705
113 388.60189962387085 29.78676957605985
114 390.6055130958557 29.740663341645885
114 392.609171628952 29.488199111111115
115 394.61262679100037 30.05033718221666
115 396.6167643070221 29.314015840597758
116 398.62030482292175 30.460733566084784
117 400.6245365142822 29.9410293
117 402.62855982780457 29.961526392009986
118 404.63294196128845 30.019517708592776
118 406.63674235343933 29.926697256857853
119 408.64173412323 29.762582286071204
119 410.64563822746277 29.965381230577997
120 412.6497869491577 30.10861578486554
121 414.6541500091553 29.57185003103662
121 416.65765047073364 30.157487610729884
122 418.6623146533966 29.73070407911001
122 420.6662530899048 30.037481171339564
123 422.6700038909912 29.49615460674157
124 424.67384243011475 29.29766288557214
124 426.67811608314514 30.13513880597015
125 428.68227648735046 30.23744
125 430.6858150959015 29.75908904672897
126 432.68952775001526 29.860337135740973
127 434.6939129829407 29.164362236024843
127 436.69814229011536 29.673085230386054
128 438.7024505138397 30.361448761667702
128 440.70571422576904 30.39183841289523
129 442.70953941345215 30.118768457711443
130 444.7136912345886 29.57896382371198
130 446.71744537353516 29.987663273179837
131 448.72119402885437 29.658957070142765
131 450.7257385253906 29.58638731888545
132 452.7297308444977 29.60958347230865
133 454.73387718200684 29.817610852520225
133 456.73748445510864 29.93589174129353
134 458.7411992549896 29.801526902545007
134 460.74549102783203 29.79591866088035
135 462.74907302856445 30.201810913610938
135 464.7526686191559 29.812144298136644
136 466.75618076324463 29.986625486068114
137 468.759907245636 29.86592545229244
137 470.7637212276459 29.85827700680272
138 472.7679331302643 29.66113328376704
138 474.77232003211975 30.304142484624847
139 476.7760715484619 30.066468216283404
139 478.7795648574829 29.880861861336665
140 480.783597946167 30.3892791
141 482.7872586250305 30.057699286161554
141 484.79098629951477 30.263459713038053
142 486.79451298713684 30.63242899128269
142 488.7988483905792 30.623327760449158
143 490.8036024570465 29.768136336633667
144 492.80767488479614 29.671534464396288
144 494.8121156692505 30.247897855361593
145 496.815580368042 30.53668833957553
145 498.82019805908203 30.7431153
146 500.8243296146393 29.72000238509317
147 502.8288040161133 30.087118601747814
147 504.8325312137604 29.91198470515208
148 506.8381712436676 29.481525505269683
148 508.8422374725342 29.753604275947794
149 510.8458020687103 29.8501921690491
149 512.8503019809723 29.58360406443618
150 514.8541593551636 29.74016009944065
151 516.8582367897034 29.562545652442797
151 518.8618969917297 30.263732835820896
152 520.8658063411713 29.44583935603715
152 522.8701438903809 30.13108459826947
153 524.8740124702454 30.617771264797504
154 526.8775417804718 29.256891144278608
154 528.8820204734802 30.066715613707167
155 530.8855757713318 30.261815591531754
155 532.8895311355591 29.828997834474176
156 534.8932268619537 29.845242417445483
156 536.8968544006348 30.886811757348344
157 538.9018137454987 29.479724572142413
158 540.905618429184 29.88501426260112
158 542.9093201160431 29.7847740459913
159 544.9126949310303 29.905403092269328
159 546.9168541431427 29.9873995505618
160 548.9206809997559 30.42196049751244
161 550.9248378276825 30.279374064837906
161 552.9290056228638 29.820923291770573
162 554.9333875179291 29.977371870324188
162 556.9373514652252 29.885181308411212
163 558.941154718399 30.04218282878412
164 560.9449026584625 30.155086965174128
164 562.9486923217773 29.72749339975093
165 564.9527862071991 29.952584114356746
165 566.9564309120178 29.865446084788026
166 568.9607677459717 29.868017976412165
167 570.9648761749268 30.231648279301748
167 572.9716241359711 29.27984627255756
168 574.9744546413422 29.85481077306733
168 576.9786109924316 30.723609423558894
169 578.9825708866119 29.909590312109863
170 580.9869563579559 29.70495333747669
170 582.9907963275909 29.845671529411767
171 584.9945502281189 29.918941185277603
171 587.0000574588776 30.3538829463171
172 589.0043058395386 29.84758828660436
173 591.0078098773956 30.073473200000002
173 593.0114171504974 29.850543482587067
174 595.0155596733093 29.82034539367638
174 597.0189869403839 30.352469744866212
175 599.0235743522644 29.827187546699875
175 601.026129245758 30.023804510532837
176 603.0301711559296 29.663496488169365
177 605.0335645675659 29.739026983729662
177 607.0382423400879 30.079233374844332
178 609.0419354438782 29.805665472636818
178 611.0457282066345 29.65101285270354
179 613.049152135849 29.781633731343284
179 615.0531594753265 29.506430186799506
180 617.0566635131836 30.07513482951023
181 619.0603003501892 29.731009727047148
181 621.0638771057129 30.137536317420953
182 623.0675821304321 29.85960800497203
182 625.0710473060608 29.715196406737366
183 627.0745646953583 30.145928629882206
183 629.0784175395966 29.334700720496894
184 631.0822017192841 30.078635962616822
185 633.0861039161682 29.954487254780997
185 635.0896015167236 29.725786533665836
186 637.0934567451477 29.658397224287487
186 639.0971884727478 30.814086579439255
187 641.1025655269623 30.29168636024845
187 643.1065032482147 29.992029526184538
188 645.1103520393372 29.73886365109034
189 647.1142065525055 29.569320148331276
189 649.1184964179993 29.604796553846153
190 651.1228160858154 29.93480346964064
190 653.1274611949921 29.956227132169577
191 655.1322107315063 29.9922887367766
192 657.1368818283081 30.142127381546135
192 659.1403007507324 29.932306317103617
193 661.1441287994385 29.9054435
193 663.1479828357697 29.747985753424654
194 665.1518416404724 29.649167910168433
195 667.155816078186 29.804214760423147
195 669.1596586704254 29.949985122103946
196 671.1635806560516 30.23965013732834
196 673.1687216758728 29.991052668329175
197 675.172611951828 30.73505304293715
198 677.1770439147949 29.31986473815461
198 679.1808753013611 29.770305373134327
199 681.1849794387817 30.171291857410882
199 683.1889002323151 29.858510922693267
200 685.1929116249084 29.839713951462354
201 687.1966843605042 30.817736470588237
201 689.2010474205017 29.574225799999997
202 691.2050774097443 29.928642694946973
202 693.2091152667999 29.77843186060983
203 695.2132084369659 30.495002659974908
204 697.2169764041901 30.28441311639549
204 699.2206695079803 30.193009675810472
205 701.2249763011932 30.02646533250466
205 703.2289016246796 29.94848919425359
206 705.2343366146088 30.32071378446115
206 707.2382853031158 29.77985879428216
207 709.2426419258118 30.02139565543071
208 711.2467052936554 30.07358053649407
208 713.2510154247284 29.89476611353712
209 715.2547323703766 30.080519350811485
209 717.2585954666138 29.657793055382704
210 719.2628061771393 30.21706210854648
211 721.2665705680847 30.053454463840403
211 723.2709405422211 30.253352254840728
212 725.2747488021851 30.94232215673981
212 727.2784805297852 29.750638650843225
213 729.2824289798737 30.407675889724313
214 731.2867512702942 29.91051915106117
214 733.2905790805817 29.81007343283582
215 735.2940716743469 29.901487111665624
215 737.2982602119446 30.135340424469415
216 739.3033928871155 30.497433692115145
217 741.3072159290314 30.42566322097378
217 743.3113486766815 30.697797905236907
218 745.314875125885 29.535631840796018
218 747.3189842700958 29.977722946317105
219 749.3228995800018 29.963539291485397
220 751.3267838954926 29.819425436408974
220 753.3305397033691 29.693147015576326
221 755.3352332115173 29.863486745488487
221 757.3387968540192 30.201705667915107
222 759.3426337242126 29.90090812151271
223 761.3472020626068 29.819408617683685
223 763.3511888980865 30.046408621553883
224 765.3564329147339 29.985313757802746
224 767.3599491119385 29.965483084577116
225 769.3636138439178 30.07052764044944
226 771.3675246238708 29.986562001250782
226 773.3723709583282 29.996145009369148
227 775.3760917186737 30.568631011235954
227 777.3808472156525 29.85705827715356
228 779.3849709033966 29.914368974518336
229 781.3883736133575 29.854879801118706
229 783.3929011821747 30.229199200998753
230 785.3961567878723 30.989806169154228
230 787.4004628658295 29.856134248284466
231 789.4047319889069 30.180495043586554
232 791.4084210395813 30.1262197
232 793.4139561653137 29.451208336472067
233 795.4167296886444 30.749680699126092
233 797.4203808307648 30.013453124608642
234 799.4247627258301 30.00384169049099
235 801.428426027298 30.01889351689612
235 803.4322311878204 29.89099745318352
236 805.4359059333801 29.796943980099506
236 807.4407293796539 30.277051528822057
237 809.444925069809 29.72691178082192
237 811.4488153457642 29.898390834371106
238 813.452260017395 30.077151405572756
239 815.4555494785309 29.77434905027933
239 817.4593210220337 29.58516677839851
240 819.4632666110992 30.08362404480398
240 821.4671235084534 29.737597024178548
241 823.4716384410858 29.995652852703543
242 825.4753813743591 30.213790528278434
242 827.4801650047302 30.463071403726712
243 829.4840099811554 29.734231171729697
243 831.4872608184814 29.865122084367247
244 833.4919784069061 30.247455980148885
245 835.4958546161652 29.608115937694706
245 837.5003249645233 29.896137114427862
246 839.5044400691986 30.036212406947893
246 841.508537530899 30.29827582089552
247 843.5120532512665 29.558821719233148
247 845.5163125991821 29.4543594044665
248 847.5203514099121 29.64117704347826
249 849.5249438285828 29.70034947890819
249 851.5291795730591 29.87447409062694
250 853.5340535640717 29.97215292652553
250 855.5380756855011 29.784957620817842
251 857.5423758029938 30.000055514250313
252 859.5460758209229 30.121902708074533
252 861.5501189231873 29.450411844540408
253 863.5540397167206 29.918314925373135
253 865.5575151443481 29.97973267080745
254 867.5618042945862 29.71903702417855
255 869.5655374526978 30.404125321673952
255 871.5693111419678 30.097765164494106
256 873.5746932029724 29.842327145534043
256 875.5780818462372 30.559813466334163
257 877.5820586681366 30.37142774595268
258 879.586079120636 30.06379657142857
258 881.5899124145508 29.677606757763975
259 883.5935802459717 30.25793368877867
259 885.5981376171112 30.18750322580645
260 887.6020817756653 30.7860736
261 889.6061556339264 29.93883725343321
261 891.6104512214661 29.858791720698253
262 893.6144437789917 30.541652039800994
262 895.6179111003876 29.573727700000003
263 897.6215341091156 30.533094116177388
263 899.6254675388336 30.21995478477854
264 901.6288797855377 29.693001907120742
265 903.6325423717499 30.15955317926296
265 905.6357662677765 30.32754131332083
266 907.6405255794525 29.857220419235514
266 909.6445984840393 29.76079760449158
267 911.6488485336304 30.002675244055073
268 913.6523854732513 30.001019887710545
268 915.6567842960358 29.78276262008734
269 917.6605129241943 29.9695165478424
269 919.6650018692017 29.983016929770045
270 921.6686511039734 29.99685234016139
271 923.6730935573578 29.821945504358656
271 925.6767737865448 29.708031582867783
272 927.6805431842804 30.288641995012465
272 929.6840796470642 29.930596228287843
273 931.6875684261322 29.768778222498447
273 933.6911699771881 30.236077654398002
274 935.6955418586731 29.832378742999378
275 937.6995668411255 29.60366199004975
275 939.7039566040039 29.744442458100558
276 941.7075569629669 29.709800696517412
276 943.7117700576782 29.99949588492808
277 945.7158346176147 30.72045447975078
278 947.7202248573303 29.954517087741134
278 949.7237539291382 29.912813507138424
279 951.7280101776123 29.963197315102548
280 953.7321984767914 29.88037081417029
280 955.7361047267914 30.004181532710277
281 957.7402622699738 29.88427331670823
281 959.7443172931671 29.88265763897564
282 961.7482526302338 29.877248877805485
282 963.7518408298492 29.929093416614617
283 965.7558901309967 29.692965985037407
284 967.7598910331726 29.763406184538653
284 969.7639982700348 29.716154218068535
285 971.7677667140961 30.300031441048038
285 973.7726693153381 29.7350139141257
286 975.7764670848846 30.15030378109453
287 977.7801761627197 29.845394943679597
287 979.7843096256256 30.129399274546593
288 981.7882227897644 30.43234188632105
288 983.7921457290649 30.588070212234708
289 985.7956442832947 30.29432483489097
290 987.7993803024292 30.5169162
290 989.8035979270935 30.048940775969964
291 991.8073961734772 29.879721773891315
291 993.8119852542877 30.239393020637902
292 995.81542801857 29.384276635514016
293 997.8191685676575 30.695012916926924
293 999.8235173225403 29.905211343283582
294 1001.8277554512024 29.847083130434783
294 1003.8315932750702 29.64301182327318
295 1005.8353910446167 30.092848539325846
296 1007.8403806686401 29.60804291225887
296 1009.8438062667847 29.919389725685786
297 1011.8474063873291 30.14430430980637
297 1013.8517179489136 30.18596393524284
298 1015.8555436134338 30.0733214
299 1017.8597567081451 29.929569315068495
299 1019.8635320663452 30.010025102932005
300 1021.8675398826599 2.090101872659176
300 1023.871251821518 0.17564939999999998
300 1025.8751301765442 0.1592185
300 1027.8787264823914 0.15879775140537164
300 1029.8825690746307 0.17349443402126327
300 1031.8863570690155 0.1584817445482866
300 1033.8904747962952 0.19106108682073705
300 1035.894156217575 0.154578
300 1037.8976838588715 0.1543908943089431
300 1039.90261054039 0.1550418
300 1041.906292438507 0.1653551
300 1043.910362958908 0.1551614481897628
300 1045.9138224124908 0.1543894198378041
300 1047.917352437973 0.1562421917808219
300 1049.920913696289 0.15386160000000002
300 1051.924663066864 0.15722810269254853
300 1053.928797006607 0.15782778473091363
300 1055.9324173927307 0.1804470794246404
300 1057.9359056949615 0.1611051186017478
300 1059.9395542144775 0.1538126013724267
300 1061.943014383316 0.16245059486537258
300 1063.946408033371 0.15639784865540962
300 1065.9496643543243 0.1538165293383271
300 1067.9528350830078 0.1546217543859649
300 1069.9566507339478 0.1549826925485285
300 1071.9601335525513 0.15470171143035602
300 1073.9647459983826 0.1550076
300 1075.9682357311249 0.13039171036204744
300 1077.9719202518463 0.10782167709637047
300 1079.97660779953 0.15528344784509682
300 1081.9801371097565 0.15815764558547277
300 1083.9835274219513 0.1545915789473684
300 1085.9868371486664 0.13024250156347716
300 1087.9901173114777 0.1538655659787367
300 1089.993489742279 0.15621677096370462
300 1091.9971222877502 0.157182917971196
300 1094.000319480896 0.17630568210262829
300 1096.003856420517 0.1563534953271028
300 1098.0070703029633 0.15983349593495935
300 1100.010894060135 0.1537133
300 1102.0142138004303 0.1539787632729544
300 1104.0179343223572 0.15858754834684965
300 1106.0223248004913 0.16161376558603494
300 1108.0256674289703 0.1572338423028786
300 1110.0292737483978 0.1559933876017533
300 1112.032483100891 0.15599048215403882
300 1114.0360343456268 0.15906551594746715
300 1116.0392787456512 0.1563257107075767
300 1118.0426008701324 0.15635238095238096
300 1120.0461082458496 0.15590457891453524
300 1122.0499064922333 0.1574703
300 1124.0534782409668 0.15601997503121098
300 1126.0568988323212 0.5143025
300 1128.0604407787323 0.15629048155096936
300 1130.0639431476593 0.16108062617407637
300 1132.067305803299 0.15920390243902438
300 1134.0715417861938 0.15663188478396994
300 1136.0750074386597 0.15816676268002505
300 1138.0787074565887 0.15663139462163853
300 1140.0833740234375 0.1719302180685358
300 1142.0872802734375 0.15404924232936756
300 1144.0903370380402 0.15894452097683157
300 1146.0944182872772 0.15819425717852684
300 1148.098069190979 0.1769505882352941
300 1150.1019208431244 0.15621596996245307
300 1152.1054627895355 0.15433966228893056
300 1154.1091613769531 0.1543676
300 1156.1131529808044 0.15591064415259537
300 1158.116741657257 0.15604725907384231
300 1160.120626449585 0.15498493116395495
300 1162.1247119903564 0.15345221526908637
300 1164.1285727024078 0.15712149625935162
300 1166.131736278534 0.15779800000000002
300 1168.135246038437 0.15350311834690045
300 1170.1395518779755 0.15186275689223058
300 1172.1430733203888 0.12689509999999998
300 1174.1483709812164 0.13290516572858035
300 1176.1518170833588 0.13150460961898813
300 1178.15536570549 0.1275354903185509
300 1180.1589217185974 0.12653226533166456
300 1182.1624960899353 0.12639152119700747
300 1184.1661894321442 0.12661343339587242
300 1186.1698949337006 0.12884926920674578
300 1188.1734282970428 0.1268885839051778
300 1190.1775455474854 0.1308296886674969
300 1192.1811935901642 0.1297483
300 1194.1846332550049 0.13297733249843458
300 1196.1879711151123 0.13026398500936914
300 1198.1917989253998 0.1303922903629537
300 1200.195392370224 0.1305538077403246
300 1202.1991987228394 0.13353776110068794
300 1204.2025105953217 0.13031088861076345
300 1206.2069153785706 0.12980258706467662
300 1208.2103242874146 0.1289462914321451
300 1210.2142188549042 0.13168169787765294
300 1212.2175288200378 0.13173286695815115
300 1214.2215962409973 0.1350559900062461
300 1216.2247223854065 0.13322267166042445
300 1218.2286982536316 0.13373231730168644
300 1220.2321741580963 0.13018650031191514
300 1222.235965013504 0.13080374765771394
300 1224.2398059368134 0.1307902
300 1226.2431299686432 0.13058448469706435
300 1228.2463886737823 0.13285033707865168
300 1230.2494006156921 0.13125660613650594
300 1232.2530732154846 0.1328808515967439
300 1234.2566521167755 0.13067405742821472
300 1236.2603206634521 0.13158330218068537
300 1238.2643752098083 0.13287525296689567
300 1240.269302368164 0.1453152559300874
300 1242.2722599506378 0.12946826466916356
300 1244.275728225708 0.12941255146600125
300 1246.2791140079498 0.1296414223331254
300 1248.2824666500092 0.1317700186915888
300 1250.2862527370453 0.14133349968808484
300 1252.289320230484 0.1304173674360574
300 1254.2934494018555 0.1759783270911361
300 1256.2971229553223 0.1547221
300 1258.3011240959167 0.1588408
300 1260.3047637939453 0.1566263914946842
300 1262.308480978012 0.1562059
300 1264.3125298023224 0.16030353087960075
300 1266.316393852234 0.15982338961851156
300 1268.3197586536407 0.159199098873592
300 1270.3237948417664 0.17551209999999998
300 1272.3275573253632 0.15485423220973782
300 1274.3318955898285 0.1555106
300 1276.335622549057 0.15811612257661037
300 1278.339233160019 0.15518021236727045
300 1280.3433361053467 0.15561374141161774
300 1282.3468866348267 0.15352704559650218
300 1284.350885629654 0.15475372107567228
300 1286.354511976242 0.15680149719276357
300 1288.35773062706 0.15309808219178084
300 1290.3618841171265 0.1568882
300 1292.365528345108 0.1577183260462211
300 1294.3695001602173 0.15949641474078702
300 1296.3732526302338 0.15587975031210985
300 1298.3768017292023 0.1318793
300 1300.380471944809 0.1542122
300 1302.383908033371 0.15576841051314144
300 1304.3876435756683 0.15845952559300874
300 1306.392273902893 0.1579533
300 1308.3960502147675 0.1559058823529412
300 1310.400365114212 0.1563933
300 1312.4040822982788 0.156296414740787
300 1314.4073724746704 0.1747858
300 1316.4112663269043 0.153730081300813
300 1318.4147894382477 0.15361737827715355
300 1320.4182660579681 0.13221046845721424
300 1322.4222958087921 0.15304190237797247
300 1324.4266800880432 0.1532451435705368
300 1326.430070400238 0.15661101811367895
300 1328.433845281601 0.15555984981226534
300 1330.4373865127563 0.1550048
300 1332.4407861232758 0.10475251095804633
300 1334.444232225418 0.10906966854283928
300 1336.4477887153625 0.1555187
300 1338.451088666916 0.1530881203007519
300 1340.4556412696838 0.15160085053158223
300 1342.4595067501068 0.15987797119599248
300 1344.4633693695068 0.15829873671044403
300 1346.4669771194458 0.16083138038725797
300 1348.4710714817047 0.1567095434646654
300 1350.4751107692719 0.1564904
300 1352.4787771701813 0.1556007495315428
300 1354.4821174144745 0.1591555
300 1356.4853868484497 0.16079979987492182
300 1358.488816022873 0.1586565396627108
300 1360.492823600769 0.15712571428571429
300 1362.496126651764 0.15804465581977473
300 1364.499606847763 0.15708047529706068
300 1366.5033116340637 0.15366585305105854
300 1368.5064280033112 0.1547953942428035
300 1370.5101172924042 0.15890623279098876
300 1372.5136187076569 0.1577031644777986
300 1374.519054889679 0.17418427414330218
300 1376.522977590561 0.2107592
300 1378.52623462677 0.15759148403256107
300 1380.5300118923187 0.157926
300 1382.5337312221527 0.15507442151344591
300 1384.5377128124237 0.15674423485321673
300 1386.5416734218597 0.15963272954403498
300 1388.545028924942 0.15441881175734834
300 1390.5487313270569 0.15572
300 1392.5530660152435 0.17768149812734083
300 1394.5567691326141 0.16024660000000002
300 1396.560217142105 0.15349586034912718
300 1398.5636823177338 0.1579471
300 1400.5672659873962 0.15853841349156775
300 1402.5702693462372 0.1617123
300 1404.574017047882 0.1567349
300 1406.5785264968872 0.1551631382316314
300 1408.5824227333069 0.1570434521575985
300 1410.5859854221344 0.1591945
300 1412.5893137454987 0.2094939
300 1414.5932548046112 0.1546961
300 1416.5969307422638 0.1795007481296758
300 1418.6000380516052 0.15506255770430444
300 1420.603989124298 0.1737248
300 1422.607269525528 0.17780949999999998
300 1424.6109957695007 0.15822360000000002
300 1426.61439371109 0.09763925093632958
300 1428.617980003357 0.155572734082397
300 1430.6214158535004 0.15769162819713037
300 1432.6249158382416 0.1579594
300 1434.628574371338 0.15919779448621554
300 1436.6320760250092 0.15822639149468418
300 1438.63632273674 0.17388562148657088
300 1440.6404793262482 0.5584052
300 1442.6444900035858 0.15784209737827715
300 1444.6480722427368 0.15686525921299188
300 1446.6518232822418 0.15510196127420361
300 1448.6550924777985 0.1566458
300 1450.659128665924 0.1561869
300 1452.6622710227966 0.15493313320825514
300 1454.6659843921661 0.16128150000000002
300 1456.6693589687347 0.14573153558052435
300 1458.672803401947 0.1561267
300 1460.677216053009 0.15640174890693317
300 1462.6809601783752 0.15375860174781522
300 1464.6851122379303 0.15781046845721425
300 1466.6888127326965 0.15511839799749685
300 1468.6922924518585 0.15643668122270743
300 1470.697565317154 0.15579200995644057
300 1472.7008879184723 0.1564681778334377
300 1474.7047281265259 0.1555397123202001
300 1476.708508491516 0.15392771446462117
300 1478.712189912796 0.1530167709637046
300 1480.7160873413086 0.15644687929956225
300 1482.7193839550018 0.1579783
300 1484.7231101989746 0.1621541463414634
300 1486.7265388965607 0.16630615865084322
300 1488.7302930355072 0.1571797
300 1490.7334685325623 0.1565800250312891
300 1492.7368159294128 0.12807604752970608
300 1494.7406928539276 0.1750583
300 1496.7437570095062 0.1543184
300 1498.7474796772003 0.15623254534083802
300 1500.7508733272552 0.15581601499063086
300 1502.7552843093872 0.1563461
300 1504.7601284980774 0.15770933166770768
300 1506.7635231018066 0.1579929455909944
300 1508.7671756744385 0.15598447088290543
300 1510.7711117267609 0.1562229
300 1512.7743508815765 0.15354560199625703
300 1514.7782852649689 0.1544205385097057
300 1516.7819352149963 0.15691742660836977
300 1518.7856786251068 0.15621143214509067
300 1520.7893965244293 0.153047
300 1522.7927312850952 0.1718203
300 1524.7966964244843 0.15389767209011265
300 1526.8003544807434 0.16290912718204487
300 1528.8046388626099 0.15661506883604506
300 1530.808010816574 0.15617330831769854
300 1532.8117973804474 0.155798648310388
300 1534.8157596588135 0.12671669793621013
300 1536.8193500041962 0.12641362554790234
300 1538.8240084648132 0.1352212866958151
300 1540.8277955055237 0.13894167709637045
300 1542.831833600998 0.12542561797752808
300 1544.835633277893 0.1264635807860262
300 1546.8395261764526 0.12473838447088291
300 1548.843605518341 0.1268019512195122
300 1550.8472752571106 0.12566159999999998
300 1552.8510973453522 0.12497539038101187
300 1554.8548085689545 0.1265203
300 1556.8583285808563 0.124790794246404
300 1558.862208366394 0.12574941983780413
300 1560.8659121990204 0.14960480300187617
300 1562.8695876598358 0.1331865168539326
300 1564.8731281757355 0.12485836352279826
300 1566.8766734600067 0.1257309
300 1568.8804469108582 0.1559168961201502
300 1570.8840336799622 0.15378111319574733
300 1572.8885850906372 0.15987542213883676
300 1574.8924779891968 0.15614909318323952
300 1576.8962111473083 0.15472569643972517
300 1578.8998200893402 0.15418953692115145
300 1580.9038591384888 0.15371691922354414
300 1582.9077770709991 0.15387053091817615
300 1584.9118909835815 0.15503461010605116
300 1586.9154500961304 0.1574038451935081
300 1588.919201850891 0.15700447220487196
300 1590.9229483604431 0.1568582
300 1592.9267451763153 0.15424699562773267
300 1594.9304609298706 0.16109258286429018
300 1596.9339201450348 0.15343890068707058
300 1598.9372885227203 0.15341953836556455
300 1600.9415123462677 0.153004
300 1602.945041179657 0.1432987
300 1604.9491596221924 0.13076157401623983
300 1606.9539706707 0.13686757330006238
300 1608.957997083664 0.12681847690387016
300 1610.9617056846619 0.16084402751719826
300 1612.9655911922455 0.1423239
300 1614.9692022800446 0.146229519650655
300 1616.973176240921 0.13341398130841123
300 1618.9765782356262 0.13537846537741735
300 1620.9807076454163 0.13887461010605115
300 1622.9840676784515 0.13286537741734247
300 1624.987812280655 0.13024558951965068
300 1626.9910297393799 0.1279187492182614
300 1628.994257926941 0.13406071205496564
300 1630.9978358745575 0.1317184721352536
300 1633.0010550022125 0.13175820448877806
300 1635.0044193267822 0.13195204005006259
300 1637.0080716609955 0.1305459
300 1639.0124969482422 0.1596288319800125
300 1641.0161802768707 0.1586535
300 1643.0201206207275 0.15725593536357987
300 1645.0240576267242 0.1753197
300 1647.0275995731354 0.1541316354556804
300 1649.031920671463 0.15926594121325827
300 1651.0357315540314 0.1606294934333959
300 1653.0401713848114 0.1529425327510917
300 1655.0439448356628 0.12644127420362272
300 1657.047521352768 0.1259171036204744
300 1659.051381111145 0.12690189999999998
300 1661.0553381443024 0.1588822027534418
300 1663.0586957931519 0.1574352
300 1665.0626685619354 0.15600139999999998
300 1667.0660207271576 0.1304933416614616
300 1669.069864988327 0.1023053774173425
300 1671.0745215415955 0.1623328838951311
300 1673.0783817768097 0.15715284105131413
300 1675.0818765163422 0.1571487
300 1677.085503578186 0.15788305381727158
300 1679.0897998809814 0.159336414740787
300 1681.0934855937958 0.15972387257963772
300 1683.097678899765 0.1614867
300 1685.1018393039703 0.1565237180286962
300 1687.1051654815674 0.1650885607008761
300 1689.1085987091064 0.15909163227016884
300 1691.1127533912659 0.15323523987538942
300 1693.1165130138397 0.16042557009345795
300 1695.120195388794 0.1592375
300 1697.123817205429 0.15976694565896316
300 1699.1280658245087 0.1740302796768179
300 1701.1318366527557 0.15753699688473521
300 1703.1368515491486 0.1597516
300 1705.1401462554932 0.15977893816364772
300 1707.1436746120453 0.15615119449656034
300 1709.1468851566315 0.1568432729544035
300 1711.1510462760925 0.1574885090455396
300 1713.1546177864075 0.17769657927590513
300 1715.1580924987793 0.15750705808869456
300 1717.1618130207062 0.17509246882793017
300 1719.164974451065 0.156738423028786
300 1721.169073343277 0.1599474656679151
300 1723.1726920604706 0.1593353154278576
300 1725.1768147945404 0.1586195
300 1727.1802084445953 0.15789164683782092
300 1729.1841497421265 0.16024564647095565
300 1731.1876990795135 0.15777430894308941
300 1733.1913893222809 0.1554334459036898
300 1735.1952688694 0.15523535580524345
300 1737.1999475955963 0.15671705919003115
300 1739.203285932541 0.1568191
300 1741.2074167728424 0.17634155957579536
300 1743.2112293243408 0.15797113607990013
300 1745.2149693965912 0.15643049282595134
300 1747.218196630478 0.15555755305867666
300 1749.2216353416443 0.15723762648344786
300 1751.2253589630127 0.10912480300187617
300 1753.2288227081299 0.15344850531582238
300 1755.2322306632996 0.15320774515927546
300 1757.235446691513 0.1634463078848561
300 1759.238425731659 0.1040612
300 1761.2421698570251 0.16102808510638297
300 1763.2450325489044 0.1615159
300 1765.2489199638367 0.1561457
300 1767.252091884613 0.15377756706175918
300 1769.2566595077515 0.15354813241723922
300 1771.2604188919067 0.15259069245165316
300 1773.264010667801 0.12319320424734541
300 1775.267940044403 0.12573921299188007
300 1777.2713162899017 0.12630373983739837
300 1779.2748322486877 0.12727070000000001
300 1781.2787916660309 0.14502755777638976
300 1783.2825973033905 0.12747895131086143
300 1785.2864317893982 0.1287066416510319
300 1787.290050983429 0.1275465502183406
300 1789.2939386367798 0.1330916531503431
300 1791.2976396083832 0.1265143
300 1793.30166721344 0.12792714553404122
300 1795.3054447174072 0.1294254909318324
300 1797.309298992157 0.1261807
300 1799.313239812851 0.15891123904881102
300 1801.3168585300446 0.1596699937460913
300 1803.321524143219 0.15533341661461586
300 1805.3249428272247 0.1561032645403377
300 1807.3282854557037 0.15958176139912555
300 1809.3319461345673 0.15958911360799
300 1811.3360676765442 0.10927048215403881
300 1813.3393859863281 0.15752464129756705
300 1815.3432772159576 0.1578665334166146
300 1817.346997499466 0.1586002503128911
300 1819.350905418396 0.1575251339563863
300 1821.3547766208649 0.17627562773266708
300 1823.358246088028 0.15818593516209475
300 1825.362578868866 0.15134051217988756
300 1827.366281747818 0.1254412
300 1829.370133638382 0.1290079
300 1831.3735702037811 0.1271323
300 1833.3773384094238 0.13047800498753118
300 1835.3810245990753 0.1301271526479751
300 1837.385479927063 0.13709829495955195
300 1839.3889079093933 0.1316647191011236
300 1841.3927886486053 0.1454097
300 1843.396094083786 0.13516005006257822
300 1845.3996155261993 0.13038620861961275
300 1847.4028079509735 0.13356577861163227
300 1849.4063341617584 0.13150635118306353
300 1851.4094862937927 0.13077729999999999
300 1853.4130277633667 0.1380886513362337
300 1855.4167573451996 0.13344359326263258
300 1857.4204404354095 0.13747662288930582
300 1859.4243116378784 0.13422500936914428
300 1861.4279248714447 0.1331897
300 1863.431348323822 0.13448334790755778
300 1865.4347517490387 0.13781852684144819
300 1867.4384291172028 0.13258849656893326
300 1869.4426581859589 0.13776259190031154
300 1871.4468064308167 0.13331078076202374
300 1873.450135231018 0.13482776529338328
300 1875.4540843963623 0.15497221183800625
300 1877.4580647945404 0.17705372426699936
300 1879.4623024463654 0.12970736579275907
300 1881.4660093784332 0.15468157205240174
300 1883.4700558185577 0.09519910056214866
300 1885.473735332489 0.1294452933832709
300 1887.4769878387451 0.1341172534332085
300 1889.4809324741364 0.13474841121495326
300 1891.4844942092896 0.13725822721598002
300 1893.4882426261902 0.13986115288220552
300 1895.4914779663086 0.128008
300 1897.4947321414948 0.13291522798251093
300 1899.4982378482819 0.13208650813516895
300 1901.5026857852936 0.1361177584059776
300 1903.506087064743 0.1364080550343965
300 1905.509887933731 0.14076556456643793
300 1907.5131731033325 0.1357703870162297
300 1909.517047405243 0.14152892211838006
300 1911.5207965373993 0.15488719101123594
300 1913.5243737697601 0.13728470588235292
300 1915.5284404754639 0.13640533333333335
300 1917.5316097736359 0.1360982
300 1919.5353169441223 0.1362134333958724
300 1921.5388815402985 0.13843802376485304
300 1923.5425946712494 0.14072189999999998
300 1925.5460832118988 0.13448943231441046
300 1927.5499000549316 0.13202886392009988
300 1929.5534946918488 0.13409048034934498
300 1931.556776046753 0.13477790857858485
300 1933.5602204799652 0.13484379999999999
300 1935.564931154251 0.14011469999999998
300 1937.5686385631561 0.133859
300 1939.5723612308502 0.13425050656660414
300 1941.5757422447205 0.13848470000000002
300 1943.5796117782593 0.1381785767790262
300 1945.5830607414246 0.1315085
300 1947.5866479873657 0.13539532207629768
300 1949.5900235176086 0.1361555056179775
300 1951.5935094356537 0.133134581772784
300 1953.5968742370605 0.13403577235772357
300 1955.600884437561 0.131777521902378
300 1957.6039745807648 0.1354379974968711
300 1959.607477426529 0.1329461827284105
300 1961.6110923290253 0.13358779237023138
300 1963.6145689487457 0.1334162
300 1965.618277311325 0.1360435184029944
300 1967.621685743332 0.1309431210986267
300 1969.6269216537476 0.13662510930668334
300 1971.630710363388 0.1388520349563046
300 1973.6346728801727 0.1338048560700876
300 1975.638670682907 0.1334855146600125
300 1977.6429216861725 0.13393895261845387
300 1979.6465661525726 0.1323902878598248
300 1981.6502313613892 0.13480485303314574
300 1983.6537363529205 0.13490488444722049
300 1985.6570842266083 0.1360841525953721
300 1987.6602683067322 0.13630759224515324
300 1989.6638145446777 0.13351198998748434
300 1991.6671977043152 0.13447589486858572
300 1993.670908689499 0.134896
300 1995.6742339134216 0.13175585259212994
300 1997.6773145198822 0.1362134333958724
300 1999.6809391975403 0.13606492172824045
300 2001.6854116916656 0.14324936170212768
300 2003.6894447803497 0.13642556803995007
300 2005.6923632621765 0.1340032
300 2007.6959784030914 0.13670297872340426
300 2009.6993024349213 0.13411757044458358
300 2011.7028923034668 0.1335257927590512
300 2013.706738948822 0.13442037453183522
300 2015.7099754810333 0.1366381954887218
300 2017.7135479450226 0.1365471
300 2019.7170510292053 0.13269060511540862
300 2021.7207849025726 0.1356003
300 2023.7244560718536 0.1303624295554164
300 2025.7284350395203 0.1313515211970075
300 2027.7318801879883 0.13409010631644777
300 2029.7358660697937 0.13317883677298312
300 2031.740369796753 0.13601362554790233
300 2033.7442848682404 0.1325393886462882
300 2035.7474422454834 0.1351494
300 2037.7506167888641 0.1334216229712859
300 2039.7543551921844 0.1374477
300 2041.7578327655792 0.13039740486587648
300 2043.7616395950317 0.1366049438202247
300 2045.765470981598 0.13178357053682896
300 2047.7689034938812 0.13218590000000002
300 2049.7724239826202 0.13616149812734082
300 2051.775647878647 0.13198114713216957
300 2053.7787992954254 0.1339934
300 2055.782650709152 0.13791650655021834
300 2057.786020755768 0.132802
300 2059.789954185486 0.1309433811603244
300 2061.7933650016785 0.13670282147315854
300 2063.7970473766327 0.1321883822610868
300 2065.8011186122894 0.1321604996876952
300 2067.805033683777 0.15605193245778612
300 2069.809210062027 0.15638794246404003
300 2071.8126804828644 0.15728479700187384
300 2073.816064596176 0.16327314571607254
300 2075.8194699287415 0.1775308
300 2077.8231616020203 0.1564875
300 2079.8266792297363 0.15636467207995003
300 2081.8303463459015 0.15851059263880227
300 2083.8347256183624 0.1577907423580786
300 2085.838044166565 0.1571816229712859
300 2087.8419365882874 0.1556417239225484
300 2089.8462245464325 0.13763762944479102
300 2091.849958181381 0.1272637
300 2093.8541808128357 0.13245844042420463
300 2095.8580100536346 0.13713822028624767
300 2097.862235546112 0.13078611735330836
300 2099.866618871689 0.128558
300 2101.870504140854 0.1332548
300 2103.874459505081 0.13047835103060587
300 2105.877934217453 0.13103419274092615
300 2107.8814284801483 0.13190097622027536
300 2109.8858811855316 0.1322559600997506
300 2111.889450788498 0.1327819
300 2113.8930702209473 0.13062544090056286
300 2115.8969447612762 0.13057120700437774
300 2117.9007108211517 0.12728953212726138
300 2119.904836177826 0.12915120000000002
300 2121.908551454544 0.13025651031894936
300 2123.9122416973114 0.12887839799749687
300 2125.915759563446 0.12969034353529044
300 2127.9192175865173 0.13240274828232357
300 2129.923028945923 0.13227719298245616
300 2131.9277341365814 0.14518764227642278
300 2133.93168759346 0.13183969962453065
300 2135.935122013092 0.13021438398999374
300 2137.938714027405 0.13089369144284824
300 2139.942781686783 0.13114489999999998
300 2141.9461505413055 0.13211016885553473
300 2143.950015306473 0.13004346849656892
300 2145.953731775284 0.13143451371571072
300 2147.9573245048523 0.12731817385866165
300 2149.961608171463 0.134387
300 2151.9652366638184 0.13011675405742823
300 2153.969240665436 0.12888254522769807
300 2155.972625732422 0.1318180137414116
300 2157.9761459827423 0.1299904678727386
300 2159.979562997818 0.12862348968105064
300 2161.983381509781 0.1314907634543179
300 2163.9871430397034 0.12907013767209013
300 2165.991869211197 0.1396253634085213
300 2167.9953286647797 0.12982042446941325
300 2169.9989025592804 0.1308079900124844
300 2172.002460718155 0.13099715355805244
300 2174.005905151367 0.13341438398999375
300 2176.0102410316467 0.13101759999999998
300 2178.013703107834 0.13191244527829893
300 2180.017112970352 0.1304764956195244
300 2182.0213832855225 0.13287714821763602
300 2184.024533033371 0.13010733416770964
300 2186.0285794734955 0.1321012367270456
300 2188.031955242157 0.1387191011235955
300 2190.0356678962708 0.1295059
300 2192.038877248764 0.13115651847213525
300 2194.0428442955017 0.1278788029925187
300 2196.046128988266 0.1335364
300 2198.0509934425354 0.12947128268991284
300 2200.0546379089355 0.1326375984990619
300 2202.0581266880035 0.13336325203252034
300 2204.06143116951 0.12768948222083593
300 2206.064553260803 0.1320838572323106
300 2208.0685176849365 0.13072981840951786
300 2210.0721278190613 0.1453294
300 2212.0755712985992 0.14229853658536584
300 2214.0798106193542 0.12366895166352793
300 2216.083121776581 0.13327809881175734
300 2218.086450099945 0.12774022471910113
300 2220.089736700058 0.13002202753441802
300 2222.0933015346527 0.13550960649594004
300 2224.096652030945 0.1281722229179712
300 2226.1001765727997 0.13437278298936836
300 2228.1032168865204 0.13114252816020025
300 2230.106504201889 0.1286925015595758
300 2232.111490726471 0.1400342144638404
300 2234.1154923439026 0.16032760475297061
300 2236.119698047638 0.15769897627965043
300 2238.1230483055115 0.15755922548407245
300 2240.12703871727 0.15655320848938825
300 2242.130821943283 0.16174461922596756
300 2244.134768486023 0.16151035602748282
300 2246.138067960739 0.15739183010618363
300 2248.141535282135 0.16217404122423484
300 2250.1450226306915 0.15624799001248438
300 2252.148656845093 0.1611697310819262
300 2254.151927471161 0.15630212234706617
300 2256.155250310898 0.1816637
300 2258.158853292465 0.17644682073703935
300 2260.162863254547 0.18217450000000002
300 2262.1666004657745 0.374609038701623
300 2264.170586824417 0.1772654
300 2266.174699306488 0.18115770573566084
300 2268.1783323287964 0.15082990000000002
300 2270.181848049164 0.15224649188514358
300 2272.1853654384613 0.1751264
300 2274.1893713474274 0.1761193254216115
300 2276.192875146866 0.1294869
300 2278.196681022644 0.1537191489361702
300 2280.200051546097 0.1849336670838548
300 2282.204034090042 0.1755662
300 2284.2074937820435 0.1557179
300 2286.2110693454742 0.1726993742177722
300 2288.2149469852448 0.16392569288389514
300 2290.218868494034 0.15445050000000002
300 2292.22220659256 0.17239794871794872
300 2294.2258796691895 0.15937489999999999
300 2296.2294075489044 0.15538903666873835
300 2298.232628107071 0.15804472204871955
300 2300.2376940250397 0.006365942571785269
300 2302.2408928871155 0.37055639323732
300 2304.2447979450226 0.156264
300 2306.248053789139 0.15590874296435273
300 2308.251790523529 0.1565641525953721
300 2310.2551708221436 0.15514160948222083
300 2312.259213209152 0.15776930581613507
300 2314.2628467082977 0.15321564022485948
300 2316.2663657665253 0.1557739412866958
300 2318.2695801258087 0.1571187
300 2320.273262500763 0.15658393504059961
300 2322.276661157608 0.1580047470331043
300 2324.2800488471985 0.15510454033771107
300 2326.283932685852 0.15879137694704049
300 2328.287435054779 0.1529111694809256
300 2330.291294336319 0.17268853033145717
300 2332.2956833839417 0.15349009392611146
300 2334.299954175949 0.1533499184952978
300 2336.303649663925 0.15296630393996247
300 2338.30766749382 0.15355731997495303
300 2340.311201572418 0.1526991108328115
300 2342.3154034614563 0.15473868831980012
300 2344.318855047226 0.1583946933667084
300 2346.322922229767 0.15490711694809256
300 2348.326308488846 0.15416835522201375
300 2350.3300862312317 0.15583539712320202
300 2352.333275794983 0.15338446529080677
300 2354.3365681171417 0.15310278924327703
300 2356.340147972107 0.1557541
300 2358.343607902527 0.15325971267957525
300 2360.347605228424 0.15578502821316614
300 2362.3507907390594 0.15418915887850465
300 2364.354722261429 0.15655795128044972
300 2366.3590915203094 0.15888230287859825
300 2368.3627440929413 0.1583131542785759
300 2370.366674900055 0.15592614615865086
300 2372.3700675964355 0.15571724655819774
300 2374.3733546733856 0.15921490931832394
300 2376.3766753673553 0.15447052037617554
300 2378.3799805641174 0.1542455034396498
300 2380.3836331367493 0.17679440349781386
300 2382.3869581222534 0.17387505617977528
300 2384.390352010727 0.15221843652282677
300 2386.3944725990295 0.15829990000000002
300 2388.397852420807 0.15498227215980023
300 2390.4014728069305 0.15400374765771394
300 2392.4049570560455 0.1527065
300 2394.408314704895 0.15715486537257356
300 2396.4121901988983 0.15649200750469042
300 2398.4155168533325 0.15593391739674592
300 2400.419607400894 0.1597816
300 2402.4232053756714 0.15678167709637048
300 2404.4272582530975 0.1508149
300 2406.4308457374573 0.1269518550905684
300 2408.43452501297 0.13198645080946453
300 2410.4383873939514 0.1280797007481297
300 2412.4417836666107 0.12850699999999998
300 2414.4454629421234 0.13239410736579277
300 2416.4490501880646 0.1328142
300 2418.4524960517883 0.13728760951188984
300 2420.4558022022247 0.13997040000000002
300 2422.4592435359955 0.13420702061211742
300 2424.462526321411 0.1348049530956848
300 2426.465858221054 0.1356288319800125
300 2428.4693536758423 0.1348089
300 2430.4735617637634 0.132993262366938
300 2432.4774181842804 0.13185581977471839
300 2434.4808485507965 0.13378631644777986
300 2436.484133005142 0.1323211
300 2438.487696647644 0.1295372784019975
300 2440.4913392066956 0.1317925406758448
300 2442.494497537613 0.1344793
300 2444.4978246688843 0.13326008755472168
300 2446.5012378692627 0.13349573033707865
300 2448.5044043064117 0.13589243277048157
300 2450.507690668106 0.14027262960649595
300 2452.510926246643 0.13375979999999998
300 2454.514806032181 0.13853493133583022
300 2456.5181674957275 0.12951870324189527
300 2458.5217595100403 0.13226403003754694
300 2460.5256147384644 0.1277847
300 2462.529364347458 0.13871111111111112
300 2464.533828496933 0.1400983385384135
300 2466.537089586258 0.12969855361596008
300 2468.540533065796 0.1324487195502811
300 2470.544307231903 0.13062545908806997
300 2472.547769546509 0.13170255639097744
300 2474.5514254570007 0.12765981261711432
300 2476.554700613022 0.1279089569019363
300 2478.557872056961 0.12935720349563046
300 2480.561680793762 0.13550951965065502
300 2482.5655965805054 0.1564449219237976
300 2484.5694694519043 0.15897842302878598
300 2486.573123693466 0.15863529411764707
300 2488.577119588852 0.1564243738317757
300 2490.5805773735046 0.1575875
300 2492.584421634674 0.17768279301745635
300 2494.5881135463715 0.1012071820448878
300 2496.59215760231 0.173033769470405
300 2498.5966126918793 0.15557279999999998
300 2500.600868701935 0.1606588353162179
300 2502.605348110199 0.1593271794871795
300 2504.6089322566986 0.17598378986866792
300 2506.6126811504364 0.1632099
300 2508.616222858429 0.1582322951844903
300 2510.6200466156006 0.17453218261413384
300 2512.623937368393 0.15855850093691443
300 2514.6280443668365 0.15560390488110137
300 2516.631780385971 0.1586896189881324
300 2518.6354126930237 0.15694363069245165
300 2520.639286518097 0.1608753942428035
300 2522.643215417862 0.15578226391494684
300 2524.64635014534 0.15546456535334582
300 2526.6494269371033 0.1536750469043152
300 2528.6525659561157 0.1535479
300 2530.65602183342 0.1568099061913696
300 2532.659587621689 0.1562238596491228
300 2534.6628925800323 0.1560446
300 2536.6661727428436 0.17523091932457785
300 2538.6694769859314 0.1568041
300 2540.67307972908 0.15381543464665415
300 2542.676167488098 0.1539175969962453
300 2544.679540157318 0.1805907
300 2546.6825613975525 0.15594666666666668
300 2548.686124563217 0.09558958698372966
300 2550.6894719600677 0.1602444472204872
300 2552.693888425827 0.1068153
300 2554.697808265686 0.12637123595505617
300 2556.7016236782074 0.12736748596381783
300 2558.705404281616 0.12683404255319147
300 2560.7093472480774 0.1303214
300 2562.713303565979 0.1272162898188632
300 2564.7177798748016 0.13032779026217228
300 2566.72149848938 0.15788511278195488
300 2568.725227355957 0.15652220551378446
300 2570.7289485931396 0.1561814865708932
300 2572.7324578762054 0.15375619999999998
300 2574.7365942001343 0.1559972191185599
300 2576.7398948669434 0.15709047381546135
300 2578.7437245845795 0.1551241474078701
300 2580.748410463333 0.156078647463995
300 2582.7520656585693 0.1759761403508772
300 2584.755733013153 0.1559832790988736
300 2586.7591321468353 0.15840170212765958
300 2588.76265668869 0.1557387632729544
300 2590.766399383545 0.1546529
300 2592.769612789154 0.1553464084946908
300 2594.7732586860657 0.15610616541353384
300 2596.7773089408875 0.16140037523452158
300 2598.7812600135803 0.15658293566520926
300 2600.7849526405334 0.1561158
300 2602.7886633872986 0.16082528419737666
300 2604.7922966480255 0.1774180137414116
300 2606.7959773540497 0.15569200750469042
300 2608.7994260787964 0.15740355444305382
300 2610.8030228614807 0.1585971464330413
300 2612.8064274787903 0.15914087390761547
300 2614.8102831840515 0.15524527170518426
300 2616.813772201538 0.15864645403377112
300 2618.8170676231384 0.15535650218613367
300 2620.821346282959 0.1553053
300 2622.8245606422424 0.154053
300 2624.8282120227814 0.1532604
300 2626.8315060138702 0.1584236443331246
300 2628.835033416748 0.15831839799749686
300 2630.8395524024963 0.1569654
300 2632.843433856964 0.15741976205385097
300 2634.8469722270966 0.1587668585732165
300 2636.8511583805084 0.15903470661672908
300 2638.85466837883 0.17998808510638298
300 2640.85799741745 0.15646627426424545
300 2642.861843109131 0.15719365396627108
300 2644.865679502487 0.1553704
300 2646.8693759441376 0.125834
300 2648.8729288578033 0.1243331
300 2650.877272605896 0.12755144104803492
300 2652.8809418678284 0.17689534041224234
300 2654.8845698833466 0.1570776059850374
300 2656.8876571655273 0.15785145716072546
300 2658.89200091362 0.15248459139114162
300 2660.8955969810486 0.1263846904315197
300 2662.8999633789062 0.12731727329580989
300 2664.903699874878 0.13240843418590142
300 2666.9072654247284 0.12688339363693077
300 2668.910855770111 0.13519499687304565
300 2670.914394378662 0.1564061922596754
300 2672.9181804656982 0.1612081897627965
300 2674.922166824341 0.1753115907673113
300 2676.9258279800415 0.1294688
300 2678.9294538497925 0.3324952190237797
300 2680.9334552288055 0.15478994371482177
300 2682.9368591308594 0.17206804252657912
300 2684.941170692444 0.1264502
300 2686.9449112415314 0.12676873045653533
300 2688.9489805698395 0.1272654818523154
300 2690.9526131153107 0.12482944479101685
300 2692.9566011428833 0.12538046278924328
300 2694.9605062007904 0.14780039900249375
300 2696.9654150009155 0.12815750312109864
300 2698.9693818092346 0.1257989513108614
300 2700.973248720169 0.1430580886945659
300 2702.976992368698 0.13417094316052466
300 2704.9802510738373 0.13469775829680652
300 2706.9837038517 0.13442526841448188
300 2708.9871439933777 0.13335885071830106
300 2710.990938425064 0.13154881801125703
300 2712.9946568012238 0.1290250813516896
300 2714.998466730118 0.1298345
300 2717.001946210861 0.1281100687929956
300 2719.005738735199 0.13837915211970075
300 2721.0096740722656 0.15382544090056285
300 2723.0139679908752 0.15308366812227076
300 2725.017849445343 0.155086783042394
300 2727.021781206131 0.15377638975640223
300 2729.025423526764 0.15815385384134914
300 2731.029732942581 0.1748348
300 2733.0338859558105 0.1541489
300 2735.037516117096 0.15346089999999998
300 2737.0411098003387 0.1526523
300 2739.0451707839966 0.15317968808484092
300 2741.049025774002 0.15769771678103556
300 2743.052318096161 0.15609387601753288
300 2745.0566005706787 0.1534652684144819
300 2747.0603806972504 0.14984009987515606
300 2749.064420938492 0.13517678549093182
300 2751.06800866127 0.12821440200375703
300 2753.07181930542 0.1258699251870324
300 2755.0756776332855 0.1550337
300 2757.0792050361633 0.15725298311444652
300 2759.0828869342804 0.15584469120399252
300 2761.0868656635284 0.15587575530586767
300 2763.092395544052 0.1522594621638524
300 2765.095936059952 0.1239384
300 2767.099463224411 0.12592409999999998
300 2769.1031692028046 0.1263836795994994
300 2771.1072039604187 0.12869730000000001
300 2773.1106173992157 0.1276070911360799
300 2775.1145050525665 0.1281311639549437
300 2777.118320465088 0.12665554028732043
300 2779.1220433712006 0.1301049
300 2781.1257841587067 0.1561405364940736
300 2783.129694223404 0.15676644194756556
300 2785.133261680603 0.15676312304809492
300 2787.1372117996216 0.1687181511555278
300 2789.1416251659393 0.1549735754539762
300 2791.145905971527 0.15406499061913695
300 2793.1494059562683 0.1527288888888889
300 2795.153044939041 0.15818135338345865
300 2797.156303882599 0.15642853566958698
300 2799.1606919765472 0.15613243107769423
300 2801.1645300388336 0.158591239048811
300 2803.1681888103485 0.1594549186483104
300 2805.1720848083496 0.15676521303258145
300 2807.175044775009 0.1550076
300 2809.1786046028137 0.13057320825515947
300 2811.182658433914 0.1555166896551724
300 2813.185811281204 0.1558554
300 2815.1897003650665 0.15591364602876798
300 2817.1932508945465 0.09724824045084533
300 2819.1967718601227 0.1607183
300 2821.20028591156 0.17469071830106184
300 2823.203752756119 0.15615459324155195
300 2825.2072756290436 0.15822248905565978
300 2827.210773706436 0.15427317926296066
300 2829.214274406433 0.155699
300 2831.217660665512 0.15839979987492184
300 2833.2223839759827 0.15490311444652907
300 2835.2258245944977 0.1559826325639426
300 2837.229620218277 0.15595196004993758
300 2839.2332401275635 0.1715886284289277
300 2841.2374184131622 0.1420395
300 2843.2409505844116 0.12495950062421973
300 2845.2446382045746 0.1269216479400749
300 2847.2482330799103 0.1250064
300 2849.252056121826 0.12535639549436794
300 2851.2560086250305 0.13290650031191514
300 2853.260070323944 0.1594132999373826
300 2855.2639107704163 0.15507935081148563
300 2857.267836332321 0.15339248908296943
300 2859.2714722156525 0.1546089
300 2861.2755212783813 0.1581768
300 2863.279383420944 0.15500823970037453
300 2865.2831151485443 0.1580107432854466
300 2867.287759542465 0.1539659287054409
300 2869.2916629314423 0.15556657089319176
300 2871.2952921390533 0.1571978513429107
300 2873.299164056778 0.15821182327317984
300 2875.3025918006897 0.16476134831460676
300 2877.3062195777893 0.17527366188396756
300 2879.3097767829895 0.17812259351620946
300 2881.313759803772 0.16089807740324596
300 2883.3170206546783 0.17588707058088696
300 2885.320235967636 0.1590811742660837
300 2887.3235330581665 0.1535178054862843
300 2889.3265862464905 0.1548438226108682
300 2891.3299901485443 0.12967052369077306
300 2893.3332664966583 0.17538365564566438
300 2895.3366441726685 0.09685183520599251
300 2897.3405640125275 0.12574605230386052
300 2899.344328403473 0.12778240798502807
300 2901.349016189575 0.14221901311680202
300 2903.3528983592987 0.12962754834684964
300 2905.3568670749664 0.12590642545227698
300 2907.3603432178497 0.1263131542785759
300 2909.364142179489 0.12999170000000002
300 2911.367812395096 0.12598447910168434
300 2913.371818780899 0.1278109906542056
300 2915.3754498958588 0.12770312772585668
300 2917.3790304660797 0.13096460000000001
300 2919.3824186325073 0.12731458515283844
300 2921.386484146118 0.14589951280449717
300 2923.3900496959686 0.12894701622971286
300 2925.3939521312714 0.13468162398500935
300 2927.397411108017 0.13061356652092443
300 2929.4010310173035 0.13235619999999998
300 2931.4047281742096 0.1271591489361702
300 2933.408175468445 0.127709063670412
300 2935.412908554077 0.1496553653966271
300 2937.416255235672 0.12654242197253435
300 2939.4198911190033 0.13208886662492172
300 2941.4235689640045 0.1448151905059338
300 2943.427792072296 0.13402550218340611
300 2945.431050300598 0.12823659574468085
300 2947.43492102623 0.12966026233603997
300 2949.4382586479187 0.12993559025608994
300 2951.4421937465668 0.13063234521575987
300 2953.4454922676086 0.12831051186017478
300 2955.4493284225464 0.13310258911819886
300 2957.452611207962 0.1291238902743142
300 2959.4566435813904 0.1353808
300 2961.4603650569916 0.14464740462789244
300 2963.464257478714 0.12830562694946976
300 2965.467727661133 0.13135319574734208
300 2967.4722871780396 0.1292621223470662
300 2969.4767367839813 0.13397073170731708
300 2971.480612516403 0.1334564
300 2973.484719514847 0.1294993886462882
300 2975.488815307617 0.12836357276702062
300 2977.4923062324524 0.13089247660636308
300 2979.4960980415344 0.13626549999999998
300 2981.5000348091125 0.1475766353971232
300 2983.5035603046417 0.135659774718398
300 2985.507707595825 0.13822120000000002
300 2987.5115220546722 0.1563002
300 2989.5151405334473 0.13336235146966854
300 2991.5191447734833 0.17536670838548185
300 2993.5225310325623 0.15462387984981227
300 2995.5265879631042 0.1534438
300 2997.5300402641296 0.17586974422956955
300 2999.53374171257 0.1557111
300 3001.538366794586 0.1542402
300 3003.5419521331787 0.12833570981863665
300 3005.545470714569 0.152565
300 3007.5488064289093 0.15456100187852223
300 3009.5524685382843 0.155654
300 3011.555658340454 0.17572024968789013
300 3013.559310913086 0.15430815740162399
300 3015.5632741451263 0.15418653316645806
300 3017.5668091773987 0.15471960024984385
300 3019.570895910263 0.15622801498127342
300 3021.574722766876 0.15684775969962453
300 3023.578832626343 0.1542652
300 3025.582176208496 0.15285526545908806
300 3027.585795879364 0.1557578027465668
300 3029.5894589424133 0.1782943
300 3031.5929765701294 0.15862538172715895
300 3033.5972990989685 0.15480596117720727
300 3035.60085606575 0.1565892682926829
300 3037.604218482971 0.15969267623206487
300 3039.6075773239136 0.1761233
300 3041.611150741577 0.15705856160100062
300 3043.614495277405 0.15513351689612015
300 3045.618566274643 0.15362818238600873
300 3047.6219098567963 0.1558285857321652
300 3049.6254465579987 0.15503430711610486
300 3051.628758907318 0.15830174563591023
300 3053.6325976848602 0.17508484394506868
300 3055.6366562843323 0.1561017
300 3057.6403827667236 0.15709961274203624
300 3059.6439933776855 0.17627247029393373
300 3061.647641658783 0.1586826
300 3063.650993824005 0.1604609
300 3065.654336452484 0.15517806853582555
300 3067.659072637558 0.10550704856787049
300 3069.6632664203644 0.1772050809464508
300 3071.66663479805 0.1567640124610592
300 3073.6697146892548 0.1565877
300 3075.673350572586 0.15838669168230143
300 3077.676557779312 0.15542253908692932
300 3079.680821418762 0.15492240000000002
300 3081.6839509010315 0.15812913070669168
300 3083.687613248825 0.1707947532792005
300 3085.6910865306854 0.16315658140985653
300 3087.6945340633392 0.15603357409713572
300 3089.6981616020203 0.1768976
300 3091.701442718506 0.15545445903689806
300 3093.7049918174744 0.1929598003742982
300 3095.7086420059204 0.17513876172607878
300 3097.712158679962 0.15350657517155333
300 3099.7157123088837 0.1286586766541823
300 3101.7207832336426 0.10860437773608504
300 3103.724501132965 0.15276012492192378
300 3105.728324651718 0.15260684144818976
300 3107.732161998749 0.15813686445971267
300 3109.7356793880463 0.17818536585365854
300 3111.739609003067 0.15488479700187383
300 3113.743528842926 0.15520050093926113
300 3115.7473690509796 0.1728272829481574
300 3117.7512063980103 0.16331845193508115
300 3119.7552437782288 0.16112320400500627
300 3121.7588925361633 0.15699455680399502
300 3123.7623534202576 0.178112759051186
300 3125.76562833786 0.15836079800498754
300 3127.7687492370605 0.1616745864661654
300 3129.7722890377045 0.15623479349186484
300 3131.775744199753 0.1580605
300 3133.7795305252075 0.15540846970643346
300 3135.783138036728 0.15574337922403006
300 3137.7864208221436 0.15909163227016884
300 3139.790250301361 0.15019059999999998
300 3141.7935853004456 0.15787310000000002
300 3143.7969603538513 0.15472911138923656
300 3145.8001194000244 0.15415153412648716
300 3147.803730249405 0.10702611735330836
300 3149.80717086792 0.15310550905683948
300 3151.811126232147 0.15398276077451592
300 3153.8148000240326 0.1547323
300 3155.8183674812317 0.1580769981238274
300 3157.822031736374 0.15579602748282323
300 3159.8258833885193 0.1737983239524703
300 3161.8296546936035 0.1553885464753587
300 3163.8329861164093 0.15384846587351284
300 3165.8362460136414 0.1542722807017544
300 3167.840976715088 0.1562549
300 3169.8449597358704 0.1542913
300 3171.8484284877777 0.1555738
300 3173.852390527725 0.15384349563046193
300 3175.85626411438 0.17431764853033146
300 3177.859614610672 0.15746498438475953
300 3179.8634428977966 0.15454122961104141
300 3181.8675422668457 0.16090233603997503
300 3183.8711087703705 0.15257021806853582
300 3185.874659061432 0.1576209523809524
300 3187.878125190735 0.15591405371642725
300 3189.8822433948517 0.1560315591734502
300 3191.885889530182 0.1286730793254216
300 3193.889689683914 0.1275514018691589
300 3195.892792224884 0.1297012
300 3197.8967337608337 0.12703219999999998
300 3199.900703191757 0.12801429106808246
300 3201.9051361083984 0.1318482
300 3203.9090967178345 0.13194065162907267
300 3205.9130935668945 0.12677253433208488
300 3207.9171159267426 0.12999403882279273
300 3209.9208722114563 0.13431239048811014
300 3211.92457652092 0.12916282676672922
300 3213.928280353546 0.13189073657927589
300 3215.932105064392 0.1301051
300 3217.9356982707977 0.1274294434021263
300 3219.939652442932 0.128599549436796
300 3221.943346977234 0.1356293
300 3223.947527885437 0.17555386349405133
300 3225.951406478882 0.1567155834378921
300 3227.9550380706787 0.17741697121401753
300 3229.959374189377 0.1576542660836977
300 3231.962832212448 0.1555257107075767
300 3233.9665491580963 0.15553883531621793
300 3235.971435070038 0.1579537210756723
300 3237.975468635559 0.17451317073170733
300 3239.9785282611847 0.15563704630788486
300 3241.982233285904 0.15639148936170214
300 3243.9858071804047 0.15902858573216522
300 3245.98921751976 0.15668535669586983
300 3247.9927666187286 0.15607469999999998
300 3249.9965512752533 0.1567345181476846
300 3251.9999964237213 0.15850616635397125
300 3254.003578186035 0.15807849999999998
300 3256.0069093704224 0.15615147869674184
300 3258.010673046112 0.1549121200750469
300 3260.014761686325 0.13142447910168434
300 3262.018363714218 0.09759689612015018
300 3264.0220079421997 0.1539367104440275
300 3266.0253920555115 0.15866160948222083
300 3268.03031873703 0.15846080996884734
300 3270.0339250564575 0.15781802746566792
300 3272.0375266075134 0.1541321
300 3274.0409779548645 0.1537422
300 3276.0444831848145 0.1558102
300 3278.0477590560913 0.15554446941323347
300 3280.051753282547 0.1531021
300 3282.0556275844574 0.16060537836147593
300 3284.058978319168 0.1757312320200125
300 3286.062829732895 0.16224129272840274
300 3288.066309928894 0.1572157
300 3290.070037126541 0.15653996252342287
300 3292.0733342170715 0.1565236
300 3294.076648950577 0.15590234413965087
300 3296.0805201530457 0.45092170000000004
300 3298.084086418152 0.15433065666041274
300 3300.0881667137146 0.13168968789013732
300 3302.093056678772 0.17545154278575892
300 3304.097173690796 0.1584963
300 3306.100873708725 0.1560211867582761
300 3308.104372739792 0.15276512179887572
300 3310.1080317497253 0.15745698938163646
300 3312.1114943027496 0.15677443196004992
300 3314.1151995658875 0.1572279674796748
300 3316.118285179138 0.16094491885143572
300 3318.1216180324554 0.13278121174266083
300 3320.1247911453247 0.15224454148471614
300 3322.1280834674835 0.1603436147592245
300 3324.1316051483154 0.1547216010006254
300 3326.134888648987 0.1547522
300 3328.1384932994843 0.15983419274092617
300 3330.1425609588623 0.12585445903689807
300 3332.146401166916 0.12385168539325841
300 3334.1498987674713 0.12380927680798005
300 3336.1546535491943 0.12459837398373984
300 3338.1589210033417 0.12390778816199377
300 3340.16281580925 0.1241449188514357
300 3342.1666102409363 0.12565826358525922
300 3344.1707558631897 0.1266654023705552
300 3346.17462348938 0.12759990024937656
300 3348.1787254810333 0.12687119449656034
300 3350.1823117733 0.12942032459425717
300 3352.186194419861 0.15265357454772302
300 3354.190005302429 0.1282596622889306
300 3356.1934564113617 0.12873841547099188
300 3358.1977112293243 0.1289249438202247
300 3360.2012705802917 0.13031008099688474
300 3362.2048830986023 0.15057648969394127
300 3364.208267211914 0.13161395872420262
300 3366.212141752243 0.1579166021236727
300 3368.2166764736176 0.15500702061211744
300 3370.2205357551575 0.1553034706616729
300 3372.2241685390472 0.131643645443196
300 3374.2277290821075 0.12938803504380475
300 3376.2319910526276 0.1295594506866417
300 3378.235895872116 0.1244830961298377
300 3380.2401471138 0.12750918648310386
300 3382.2433848381042 0.13195712679575264
300 3384.2469573020935 0.1339826608369769
300 3386.2503113746643 0.13715339563862927
300 3388.2541427612305 0.1349331339563863
300 3390.2576146125793 0.13001474078700812
300 3392.2612199783325 0.13300254681647938
300 3394.2649500370026 0.1269442401500938
300 3396.2683827877045 0.13187742338961853
300 3398.271792411804 0.12886013758599124
300 3400.2765991687775 0.13199360000000002
300 3402.28000664711 0.1289254216114928
300 3404.2839620113373 0.1312514357053683
300 3406.2875328063965 0.13045993746091306
300 3408.291073322296 0.1284823940149626
300 3410.2945511341095 0.1371803
300 3412.2982125282288 0.12904064959400374
300 3414.30597114563 0.12862338308457713
300 3416.309727668762 0.1468332122730119
300 3418.3136570453644 0.12684262336039975
300 3420.3174986839294 0.12898182728410512
300 3422.3217775821686 0.15204262008733624
300 3424.3257174491882 0.15295900124843945
300 3426.3291716575623 0.1296286284289277
300 3428.332778930664 0.12863149468417762
300 3430.33642077446 0.1298693948845914
300 3432.3398926258087 0.12997263420724095
300 3434.3447778224945 0.13074168644597126
300 3436.3486425876617 0.1278401997503121
300 3438.3524322509766 0.15573423389618513
300 3440.3563871383667 0.1547563
300 3442.359926700592 0.15336590738423028
300 3444.36394071579 0.15492247964934253
300 3446.3674387931824 0.09674149029430182
300 3448.371554374695 0.15807990024937654
300 3450.375293970108 0.15946353529044346
300 3452.3793880939484 0.15606959107806692
300 3454.382663965225 0.156764
300 3456.386642932892 0.15608164691203993
300 3458.3903062343597 0.15634007490636703
300 3460.394909620285 0.15860946908182386
300 3462.3982055187225 0.1552973391630231
300 3464.401973962784 0.15964861961274204
300 3466.405451774597 0.1540229
300 3468.4102733135223 0.1571208
300 3470.4144871234894 0.1558954
300 3472.418347597122 0.15386063710181136
300 3474.4226562976837 0.1324823
300 3476.426480293274 0.12789339987523393
300 3478.4300198554993 0.1318267166042447
300 3480.433660507202 0.13332986883198
300 3482.4374368190765 0.15195113054341036
300 3484.441506385803 0.13286737367436058
300 3486.444990158081 0.12905501877346684
300 3488.4484956264496 0.13012332707942464
300 3490.4521057605743 0.12835069999999998
300 3492.4555621147156 0.13213705698184094
300 3494.459132194519 0.1277503680598877
300 3496.463136434555 0.15689789408099689
300 3498.466938018799 0.13302156152404748
300 3500.4714221954346 0.15458583229036296
300 3502.4751229286194 0.1536441
300 3504.4787423610687 0.17129324172392255
300 3506.4824726581573 0.15593723922548405
300 3508.486451625824 0.15658803247970018
300 3510.4902832508087 0.17756
300 3512.494441986084 0.16265191489361702
300 3514.497790813446 0.15758244389027432
300 3516.501580953598 0.17136139912554654
300 3518.505021572113 0.1253531
300 3520.5091664791107 0.1255072319201995
300 3522.5127198696136 0.12625528089887642
300 3524.5162255764008 0.12779394392523363
300 3526.520149707794 0.1303430356027483
300 3528.5235571861267 0.12706998126171143
300 3530.527270793915 0.12560190118824266
300 3532.5319879055023 0.13220954517133957
300 3534.5360939502716 0.14450211706102117
300 3536.5396361351013 0.12618469999999998
300 3538.5432467460632 0.12648671679197995
300 3540.5470139980316 0.13774541822721598
300 3542.5504682064056 0.1762205
300 3544.5541472434998 0.15740237648530334
300 3546.557405233383 0.15799774859287055
300 3548.5609204769135 0.17376630393996248
300 3550.5647444725037 0.15457139287945035
300 3552.5683987140656 0.18309170305676856
300 3554.5721611976624 0.15689965087281796
300 3556.5756447315216 0.1554337157107232
300 3558.579127550125 0.17963792629606495
300 3560.5832028388977 0.15855740162398502
300 3562.58705329895 0.15710254364089776
300 3564.59201836586 0.15588692403486923
300 3566.5957169532776 0.15562776529338326
300 3568.6008791923523 0.1574477902621723
300 3570.6044170856476 0.15721595997498436
300 3572.608539581299 0.15536939412866957
300 3574.6120133399963 0.17377615960099752
300 3576.6161324977875 0.15551359599749842
300 3578.6194412708282 0.15522791744840525
300 3580.623332262039 0.15633369144284823
300 3582.6265320777893 0.1533159775140537
300 3584.629914999008 0.15436194756554306
300 3586.6333425045013 0.15378848219862587
300 3588.636859893799 0.15965313358302122
300 3590.64040851593 0.15421991255465334
300 3592.6442000865936 0.15796677076826984
300 3594.6485300064087 0.15477941433021808
300 3596.6520535945892 0.15404792004996878
300 3598.6566112041473 0.1565407
300 3600.6603808403015 0.15596212367270457
300 3602.6639885902405 0.1569642
300 3604.667528629303 0.1552101936289819
300 3606.671108007431 0.15428407245471581
300 3608.674788713455 0.15495156581409858
300 3610.6788232326508 0.1552208260325407
300 3612.682802438736 0.1570764455569462
300 3614.6865360736847 0.1581126388022458
300 3616.6903524398804 0.1536432729544035
300 3618.6934700012207 0.1559214
300 3620.6971204280853 0.1575662842892768
300 3622.700772047043 0.15521490931832396
300 3624.7043437957764 0.15524402751719824
300 3626.7083826065063 0.1546479098873592
300 3628.7114770412445 0.15391270455965023
300 3630.71613574028 0.11116749999999999
300 3632.7200179100037 0.16318920674578388
300 3634.7236852645874 0.156754
300 3636.727501630783 0.15622387984981229
300 3638.7312178611755 0.1309356
300 3640.7351171970367 0.15690306441525953
300 3642.738626241684 0.15826137328339576
300 3644.742603302002 0.09766714196372732
300 3646.746223926544 0.15510306058713305
300 3648.7498326301575 0.15323258889582034
300 3650.7533066272736 0.1545306
300 3652.756962776184 0.1781518102372035
300 3654.76082777977 0.1542983
300 3656.764886379242 0.1552859073842303
300 3658.768130540848 0.15338626716604245
300 3660.771800994873 0.15692916145181476
300 3662.7766914367676 0.15508552845528456
300 3664.780217409134 0.15670831460674156
300 3666.7841770648956 0.15779774718397999
300 3668.788379907608 0.12478089999999999
300 3670.7919392585754 0.1271641551939925
300 3672.795767068863 0.12728344354335622
300 3674.799174785614 0.1268125842696629
300 3676.802363395691 0.1263119
300 3678.805724620819 0.12701566958698374
300 3680.810230255127 0.15558191609267377
300 3682.813971042633 0.15573596502186135
300 3684.817790031433 0.1560199124452783
300 3686.821407556534 0.1613977
300 3688.8256804943085 0.1553154556803995
300 3690.82928609848 0.16646862867877268
300 3692.8329610824585 0.1614961648969394
300 3694.837502717972 0.1570796252342286
300 3696.841126203537 0.15728487259167184
300 3698.8448424339294 0.1554677286869944
300 3700.8490056991577 0.155581507788162
300 3702.852790594101 0.1566641246105919
300 3704.8566811084747 0.1623036397748593
300 3706.860858440399 0.1557629481574016
300 3708.8640944957733 0.15603927545284196
300 3710.8680322170258 0.15961574016239852
300 3712.871532678604 0.1573396254681648
300 3714.8750281333923 0.13032029925187033
300 3716.878486633301 0.15788871955028108
300 3718.882034778595 0.1570855
300 3720.8858003616333 0.16165842696629215
300 3722.8893122673035 0.17580142056074766
300 3724.8929708004 0.15081264209868833
300 3726.896838903427 0.45476452782989374
300 3728.9001653194427 0.1548746933667084
300 3730.903962135315 0.15437388367729832
300 3732.907529115677 0.15836955708047412
300 3734.911860227585 0.15685482866043615
300 3736.9151434898376 0.1418985866166354
300 3738.9187071323395 0.1562734709193246
300 3740.9225165843964 0.15591447417548226
300 3742.92600274086 0.17744309806371017
300 3744.9292147159576 0.16209790000000002
300 3746.933022737503 0.15646022471910112
300 3748.936447620392 0.1093309
300 3750.9397706985474 0.15520429463171037
300 3752.9436750411987 0.15337525953721076
300 3754.9471814632416 0.15742219999999998
300 3756.950623989105 0.15561264209868833
300 3758.954190969467 0.17516622111180513
300 3760.959333181381 0.15516334581772784
300 3762.9631776809692 0.1292250686641698
300 3764.96698141098 0.1295318
300 3766.9707074165344 0.12886968224299064
300 3768.9744169712067 0.12807020000000002
300 3770.9787113666534 0.13921737827715355
300 3772.982807636261 0.15836232354778265
300 3774.9867219924927 0.1573799375390381
300 3776.9903643131256 0.15583310430980638
300 3778.9944779872894 0.15382146158650845
300 3780.9983971118927 0.15774834371108346
300 3783.0023028850555 0.15797912609238451
300 3785.005994796753 0.15439430356027484
300 3787.0096044540405 0.158290631644778
300 3789.0129907131195 0.15575142144638404
300 3791.0166714191437 0.1549628482198626
300 3793.020114183426 0.15313768894440974
300 3795.0254838466644 0.1534191260923845
300 3797.028975725174 0.1535587742338962
300 3799.0325844287872 0.15438011242973143
300 3801.035903930664 0.1554204377736085
300 3803.0394937992096 0.1512376
300 3805.0429661273956 0.1536842
300 3807.046948194504 0.1548775
300 3809.0501539707184 0.1553094946974423
300 3811.053321123123 0.15657883822610869
300 3813.0574622154236 0.1556522305764411
300 3815.0609259605408 0.15396174781523098
300 3817.064673423767 0.1552711
300 3819.0686473846436 0.15373931292941911
300 3821.0726823806763 0.15570322903629535
300 3823.076154947281 0.1539307066916823
300 3825.0800230503082 0.15745787765293384
300 3827.0840859413147 0.12845371642723297
300 3829.0877754688263 0.15359980049875313
300 3831.091397047043 0.12876916145181477
300 3833.0948252677917 0.15363245942571785
300 3835.09867477417 0.15391769712140177
300 3837.101986885071 0.1572539
300 3839.1055228710175 0.1559025
300 3841.1091737747192 0.16030368980612883
300 3843.113249063492 0.1582166
300 3845.116898059845 0.15568430807764558
300 3847.12064576149 0.15652896939412866
300 3849.124442100525 0.15683164067373676
300 3851.1277389526367 0.15579554443053817
300 3853.131157398224 0.15747862414008756
300 3855.134434938431 0.15568868913857678
300 3857.137853860855 0.1563932
300 3859.141377210617 0.1567477673545966
300 3861.1465063095093 0.1599050593379138
300 3863.15038394928 0.15909753595997497
300 3865.1538803577423 0.15476572858036272
300 3867.156942129135 0.15377431789737173
300 3869.1609122753143 0.15544145272385723
300 3871.16445851326 0.1536061
300 3873.167777299881 0.1577217
300 3875.1718904972076 0.128006904315197
300 3877.1756978034973 0.12970910457107077
300 3879.179456472397 0.12624
300 3881.1830825805664 0.1439325156445557
300 3883.1868574619293 0.1273157
300 3885.190604686737 0.15430629999999998
300 3887.1941545009613 0.1560005
300 3889.1980364322662 0.1551426641651032
300 3891.2015924453735 0.15422253275109168
300 3893.2060260772705 0.15336828963795257
300 3895.2098264694214 0.15378548407245474
300 3897.2143347263336 0.1763666708307308
300 3899.2180020809174 0.1584553308364544
300 3901.221714735031 0.1571766645846346
300 3903.225714445114 0.17617366583541147
300 3905.22918176651 0.15609742177722152
300 3907.232555627823 0.1586254
300 3909.235769033432 0.1594701376720901
300 3911.239214658737 0.17514192740926157
300 3913.2425575256348 0.1579943
300 3915.2457683086395 0.1590913
300 3917.2497255802155 0.1697458354114713
300 3919.252912044525 0.1539286891385768
300 3921.2566199302673 0.1299625468164794
300 3923.2595252990723 0.13147156054931336
300 3925.2643275260925 0.13513713928794505
300 3927.2679271698 0.15721886178861788
300 3929.271330356598 0.15899702685821362
300 3931.275147676468 0.16375066749844042
300 3933.278902053833 0.1574513715710723
300 3935.282341003418 0.17783076731129133
300 3937.2860770225525 0.1538126013724267
300 3939.289423942566 0.1586896379525593
300 3941.293272972107 0.1801518
300 3943.2964038848877 0.1559227895392279
300 3945.300055027008 0.15853231730168646
300 3947.3036308288574 0.15846290342679126
300 3949.3069999217987 0.15380737039350406
300 3951.310589313507 0.1434304440275172
300 3953.314002752304 0.15510163036714375
300 3955.317712545395 0.1589049
300 3957.3215832710266 0.15561026151930263
300 3959.326009273529 0.15486899312070043
300 3961.3298256397247 0.1565258713304185
300 3963.333447933197 0.15466546591619762
300 3965.3371844291687 0.15584807476635515
300 3967.3406891822815 0.1584441
300 3969.3440878391266 0.15377965087281795
300 3971.347927570343 0.17184758577666875
300 3973.351357460022 0.15890244207889792
300 3975.355463027954 0.17547294117647058
300 3977.3591129779816 0.15414885696439726
300 3979.3629858493805 0.15624344784509683
300 3981.366714477539 0.15796913857677902
300 3983.370128631592 0.1529214241099313
300 3985.3736777305603 0.1563853
300 3987.377358198166 0.1561485857321652
300 3989.3812589645386 0.1602885607008761
300 3991.3847362995148 0.1565963727329581
300 3993.3894851207733 0.16228475594493116
300 3995.393147945404 0.16435476518472136
300 3997.3964853286743 0.15973213483146068
300 3999.399801969528 0.1574194871794872
300 4001.403798341751 0.1572018
300 4003.4072992801666 0.15693204758922982
300 4005.4110069274902 0.16365598499061912
300 4007.4144728183746 0.155625866166354
300 4009.418493270874 0.15384951188986234
300 4011.4220864772797 0.15611454317897372
300 4013.4256870746613 0.1549863670411985
300 4015.4296457767487 0.17284279301745636
300 4017.4335923194885 0.17746608369768893
300 4019.437099456787 0.1804494618272841
300 4021.4412627220154 0.15955467832604622
300 4023.44531083107 0.15764926157697123
300 4025.4493477344513 0.1561210756722952
300 4027.453978538513 0.16063659787367104
300 4029.4571692943573 0.15665299188007495
300 4031.4608170986176 0.16553748606811144
300 4033.464189052582 0.17751291770573566
300 4035.4678637981415 0.15973459762944478
300 4037.471116065979 0.1551109
300 4039.4747092723846 0.1763677701436602
300 4041.4782485961914 0.1539106058713304
300 4043.481422662735 0.15511313713212274
300 4045.4851014614105 0.1301864687693259
300 4047.4882974624634 0.1762775469336671
300 4049.492066860199 0.1584512
300 4051.4954328536987 0.1559341411617739
300 4053.4994904994965 0.1249093
300 4055.5028676986694 0.12386698313554029
300 4057.506409883499 0.12615224515322077
300 4059.509818315506 0.1260720249221184
300 4061.5146174430847 0.1381773608505316
300 4063.518429994583 0.1298014223331254
300 4065.5223083496094 0.13161857677902622
300 4067.525608778 0.1266756
300 4069.530024766922 0.1565705
300 4071.5337252616882 0.15804923845193508
300 4073.53706073761 0.1578715907673113
300 4075.5408120155334 0.1567362805259862
300 4077.544594526291 0.15589142857142857
300 4079.5483531951904 0.15320430538172716
300 4081.5528795719147 0.16122686679174483
300 4083.556946992874 0.1535122903629537
300 4085.560762166977 0.1539026
300 4087.564535856247 0.1541007870081199
300 4089.5685472488403 0.1581735754539762
300 4091.5722076892853 0.15680360450563202
300 4093.5760581493378 0.15542147684605756
300 4095.581173181534 0.15626973141786385
300 4097.584963083267 0.1582308
300 4099.588877916336 0.15586895428929243
300 4101.592715263367 0.15779374217772216
300 4103.596216201782 0.13447209999999998
300 4105.599817752838 0.15654921348314607
300 4107.6036376953125 0.15669073170731707
300 4109.607234716415 0.15793722152690864
300 4111.610800266266 0.15940257339163022
300 4113.614173173904 0.15712470293933709
300 4115.617746591568 0.156335690193629
300 4117.620909690857 0.2014621276595745
300 4119.624498844147 0.1581266
300 4121.62774348259 0.15722609893550407
300 4123.631259679794 0.15552059925093634
300 4125.634524345398 0.16080139912554653
300 4127.63874912262 0.16846353087960075
300 4129.642575979233 0.14238484735202492
300 4131.645915746689 0.15057932415519398
300 4133.649493694305 0.0075150186799501865
300 4135.653623342514 0.1884786043613707
300 4137.657762289047 0.13330133333333333
300 4139.661665201187 0.12722091307066916
300 4141.665939092636 0.1441214481897628
300 4143.670061349869 0.13305862327909887
300 4145.67392206192 0.13475955056179775
300 4147.677685499191 0.12652458852867832
300 4149.682093381882 0.12542793769470406
300 4151.685522317886 0.1305648938826467
300 4153.689101219177 0.1317564566437929
300 4155.69290137291 0.13474558400999376
300 4157.696431159973 0.1381159
300 4159.700444698334 0.13831945102932003
300 4161.704783201218 0.1497810736579276
300 4163.708261966705 0.1349104429195259
300 4165.7116668224335 0.13351554721701064
300 4167.715062856674 0.1340073
300 4169.718864440918 0.13684294631710361
300 4171.722481966019 0.1584737157107232
300 4173.7261390686035 0.15499817385866166
300 4175.729637384415 0.15339947598253276
300 4177.73295545578 0.15505893550407013
300 4179.736534833908 0.1535074843554443
300 4181.739937782288 0.15948257661038148
300 4183.743299007416 0.16055885071830106
300 4185.746834516525 0.15596888055034397
300 4187.750078678131 0.1560112140175219
300 4189.753648996353 0.1559462344139651
300 4191.757199287415 0.15905071339173968
300 4193.761713504791 0.15594297128589263
300 4195.765303611755 0.1577860674157303
300 4197.768585920334 0.15865856160100061
300 4199.772123813629 0.1589382363977486
300 4201.775573015213 0.1559853091817614
300 4203.778896570206 0.15397686445971268
300 4205.782281160355 0.1564433
300 4207.785394191742 0.1615323845193508
300 4209.789183139801 0.15302248284466627
300 4211.792467832565 0.1561248
300 4213.795931816101 0.1562504696305573
300 4215.799423933029 0.15283549999999999
300 4217.802898168564 0.15440089719626168
300 4219.8070232868195 0.1748510638297872
300 4221.8105573654175 0.15291269999999998
300 4223.814174890518 0.15284694132334584
300 4225.818069696426 0.15557279999999998
300 4227.822934389114 0.1539024984462399
300 4229.827028989792 0.15573209999999998
300 4231.830713033676 0.15633570981863665
300 4233.834632396698 0.1543444
300 4235.8381423950195 0.1526090193628982
300 4237.842066049576 0.15310550905683948
300 4239.845773696899 0.1532667496886675
300 4241.848942756653 0.15683492182614134
300 4243.852665424347 0.15974332084893883
300 4245.856260538101 0.1555658
300 4247.859977722168 0.1561253216739538
300 4249.863259077072 0.1569474
300 4251.866575241089 0.15528853399875234
300 4253.870185852051 0.1543354
300 4255.873701572418 0.15844052401746725
300 4257.877276659012 0.15452519577377255
300 4259.8816702365875 0.1530790511860175
300 4261.885455608368 0.15738010000000002
300 4263.889047861099 0.1584211
300 4265.892555475235 0.15821596996245307
300 4267.89611530304 0.1563250872817955
300 4269.899850845337 0.15600290181363352
300 4271.903398036957 0.15887970037453183
300 4273.9068903923035 0.15260466625077979
300 4275.910625457764 0.15569010631644778
300 4277.91410446167 0.1546677286869944
300 4279.918006896973 0.1555385883822611
300 4281.92175245285 0.15439550000000002
300 4283.9256336688995 0.15379337913803873
300 4285.929282426834 0.1543644
300 4287.932821750641 0.15599660636306925
300 4289.936326742172 0.1547336914428482
300 4291.940103054047 0.15934729205753595
300 4293.944773197174 0.1580033
300 4295.948314905167 0.15367874765184722
300 4297.95166516304 0.15312059962523422
300 4299.9552981853485 0.1740172784019975
300 4301.958730697632 0.15726818523153943
300 4303.962011814117 0.1542241
300 4305.965602874756 0.15271272727272728
300 4307.968872308731 0.15387358702432938
300 4309.972733736038 0.15410188632104935
300 4311.976323366165 0.1571417271589487
300 4313.980488061905 0.1570359254658385
