2.0075180530548096 9.093770068535825
4.0116307735443115 9.821709819539514
6.0154852867126465 9.410762493765585
8.019036293029785 9.555509831775701
10.023072242736816 9.810014581772784
12.0266854763031 9.069211628197131
14.030696153640747 9.3217272
16.03447985649109 9.708498952618454
18.03848361968994 9.38687121646912
20.042108058929443 9.428565028002488
22.045745134353638 9.377025155666253
24.049606561660767 9.373375162094764
26.05267024040222 9.845096044915783
28.05694580078125 9.517858154613466
30.060689449310303 9.898517433021807
32.06478214263916 9.408506301369863
34.06855010986328 9.40739751243781
36.072293758392334 9.600129732420658
38.07634663581848 9.355413930348258
40.08064651489258 9.240353058676654
42.08435893058777 9.251084588528679
44.088483572006226 9.858856529338327
46.092344522476196 9.5436069
48.09673762321472 9.393682092154421
50.1009464263916 9.381990423940149
52.10496926307678 9.547892299999999
54.108304500579834 9.3722902
56.112205505371094 8.950601068986948
58.115835189819336 9.580865935162095
60.11966419219971 9.274124072454716
62.123801469802856 9.366784479101685
64.127370595932 9.823397658779577
66.13147568702698 9.60248313238036
68.1348385810852 9.408838851435705
70.1390483379364 9.711810781738587
72.14261746406555 9.650107214953271
74.14678454399109 9.713996756082345
76.15026807785034 9.379006941323347
78.15393400192261 9.550673757802747
80.1593873500824 9.728878750780762
82.16325497627258 9.770773799126637
84.16721224784851 9.6663539
86.170827627182 9.558783102803739
88.17452502250671 9.57266817672682
90.17847728729248 10.213792779512804
92.18225622177124 8.902462647607209
94.18620896339417 10.445844047470331
96.19034504890442 9.852181763975155
98.19370031356812 10.38932072184194
100.19782948493958 9.791913554028731
102.20147681236267 10.447986143302181
104.20560836791992 9.897836855895196
106.2092125415802 10.47997674360574
108.21302390098572 9.7285146
110.21700382232666 9.794373948845914
112.2215325832367 9.511365685785536
114.22583603858948 10.6322106
116.22965407371521 9.57576851275669
118.23332953453064 8.838049595015576
120.23756670951843 9.420746133666459
122.24143958091736 9.359348893058161
124.24558782577515 9.624029762796503
126.2490463256836 9.381340486587648
128.25284433364868 9.384904039900249
130.25698328018188 9.502501736414741
132.2608642578125 8.996893208722742
134.26463222503662 9.654286042446941
136.26836156845093 9.355577464084947
138.27262473106384 9.665973432835822
140.27641129493713 9.581728
142.28014206886292 9.342714925373134
144.28507900238037 9.772715967641568
146.28901863098145 10.0044199
148.29332423210144 10.447298729763387
150.29684472084045 10.32759810709838
152.3006956577301 9.67615163658992
154.30479311943054 10.422362481389579
156.30829739570618 10.434296335209506
158.31181383132935 9.795777512437812
160.31548357009888 9.996041344956414
162.31909656524658 10.441670503418273
164.32303142547607 9.476309651741294
166.32735013961792 9.293311561916614
168.33154463768005 9.466344968789013
170.33529949188232 9.595534138145613
172.3391261100769 9.524879850280724
174.3430790901184 9.500463582089552
176.34715461730957 8.908868061919504
178.3517816066742 9.780840249066003
180.35605239868164 9.38029876635514
182.35982131958008 9.596463105590063
184.36351871490479 9.352031681195516
186.36751437187195 9.503426965174128
188.37123274803162 9.747934781523096
190.37560105323792 8.598940985651902
192.37949109077454 9.032622510930668
194.3832402229309 10.143738989394885
196.3867325782776 10.291863056768559
198.39094233512878 10.38678815920398
200.39466524124146 10.448413474207582
202.39861369132996 9.461256729088639
204.40241932868958 9.423399999999999
206.4062201976776 9.541261945137157
208.41045212745667 8.871333515868077
210.4141981601715 9.698912540675844
212.4186475276947 9.513615860349127
214.42235612869263 9.413616249221183
216.42604994773865 9.414850099999999
218.43013763427734 9.401904049844237
220.4339165687561 9.679303341645886
222.43749475479126 8.798281470404984
224.44172024726868 9.442935860349127
226.4451289176941 9.338717714285714
228.44939351081848 9.894132338308458
230.4531865119934 9.398116838830118
232.45751810073853 9.371567047146403
234.4614291191101 9.33735506542056
236.4651780128479 9.713212369077306
238.4686779975891 8.845056438356165
240.47329306602478 9.579445479452055
242.47705054283142 9.714846042446942
244.48070240020752 9.360302366938008
246.48438620567322 9.388186500622666
248.48819780349731 9.36197353271028
250.49197912216187 9.642985835411471
252.49587416648865 9.282926071205496
254.4998733997345 10.03970908182386
256.50375533103943 10.008751801242235
258.5078115463257 9.339293383270912
260.51151394844055 9.752717897371713
262.5152871608734 9.322305976294448
264.5193512439728 9.164052301933873
266.52347922325134 9.369815760598504
268.5273451805115 9.364505096094234
270.5310027599335 9.385101281891723
272.5347776412964 9.739811922837585
274.5395154953003 9.396358256537983
276.5431914329529 9.430773533083645
278.54686760902405 8.990442673329168
280.5506148338318 9.30356811955168
282.5549113750458 9.56551111111111
284.55825448036194 9.484750068792994
286.56185245513916 9.801746699999999
288.5655450820923 9.323826841121495
290.5693664550781 9.421467817385865
292.57289695739746 9.410072352576039
294.57662296295166 8.761736957605985
296.5815351009369 9.1143082
298.58423018455505 9.929899
300.5880780220032 9.548369438202247
302.592036485672 9.518968911138924
304.59555649757385 9.424419451371572
306.6001441478729 9.398553520249221
308.6036448478699 9.472633341614907
310.60756254196167 8.946380724094881
312.61142921447754 9.259436664592407
314.61518454551697 9.3740696
316.6191601753235 9.3384699
318.62309432029724 9.421679900249377
320.62739658355713 9.736231432129514
322.6311559677124 9.602278973074514
324.63499188423157 12.304671038798498
326.63877964019775 9.413408598130841
328.6427192687988 9.018305404388714
330.6465060710907 10.052346683322924
332.6501417160034 9.571222
334.65413784980774 9.60250073703935
336.65800952911377 9.438671451713395
338.66317653656006 0.11073771106941839
340.66722321510315 0.12754455396132253
342.670795917511 0.132273
344.674923658371 0.13750332084893882
346.67879700660706 0.1302680824484697
348.68284916877747 0.13027917551530294
350.68640756607056 0.1332188382261087
352.69072461128235 0.1310172284644195
354.69386434555054 0.1323627267041901
356.6977231502533 0.13252451653150343
358.70137906074524 0.135349506558401
360.70527386665344 0.13268124843945067
362.70907497406006 0.13513004372267332
364.7125418186188 0.13333119999999998
366.7158055305481 0.1335104
368.71995782852173 0.13075382113821138
370.72477412223816 0.13523337484433376
372.72799587249756 0.136760875547217
374.73204469680786 0.13692845913911417
376.7353208065033 0.1348838975640225
378.73913979530334 0.13263300437226733
380.7435939311981 0.11279589743589745
382.7473952770233 0.13316064918851436
384.75112080574036 0.11159304565353345
386.7548701763153 0.11383445346658339
388.7584810256958 0.13371211970074812
390.76221442222595 0.13176169787765293
392.76609778404236 0.12948683654443752
394.76940536499023 0.14712902180685358
396.77309942245483 0.13555363693075484
398.7769663333893 0.1478173566084788
400.7842936515808 0.12864677459526774
402.78792119026184 0.12947980049875313
404.79275369644165 0.14896767601246105
406.7965486049652 0.1375543570536829
408.800879240036 0.13712399002493766
410.80446124076843 0.08525263420724095
412.8081548213959 0.13031029247044182
414.81148958206177 0.14180047470331042
416.81482911109924 0.13090526841448188
418.8188827037811 0.11128254522769807
420.8222484588623 0.13327760449157827
422.82584500312805 0.13113314178638352
424.8298714160919 0.1318147315855181
426.83340668678284 0.13695140537164271
428.8366186618805 0.14605790000000002
430.8404960632324 0.12900166978193148
432.84471225738525 0.11180147223955085
434.8488974571228 0.12749273631840796
436.8532226085663 0.12623500312304808
438.8577148914337 0.10659443543356206
440.8615403175354 0.12978663341645885
442.8652822971344 0.1287625
444.8692536354065 0.13675629122588676
446.87286496162415 0.13814467872738614
448.8765654563904 0.13596391277258568
450.88058519363403 0.1321480149812734
452.88395166397095 0.132009769470405
454.88751339912415 0.1324107432854466
456.89096117019653 0.133911615720524
458.89480352401733 0.1342354971857411
460.8987030982971 0.1368899875156055
462.90243315696716 0.1354011
464.90651512145996 0.13109396627108058
466.9106459617615 0.1352104607721046
468.91547894477844 0.13035957579538365
470.9192478656769 0.13157259999999998
472.9233214855194 0.13043295880149813
474.9270989894867 0.13625572052401747
476.9308798313141 0.13346177278401997
478.9345860481262 0.13388572142410993
480.938752412796 0.13371495630461921
482.9430058002472 0.13342044887780546
484.94699716567993 0.1324984
486.9504280090332 0.1349158775765147
488.95446825027466 0.13142447910168434
490.9579665660858 0.12979028107432855
492.96152687072754 0.13412687070580886
494.96521615982056 0.12943540860885838
496.96869468688965 0.1329253
498.97241830825806 0.13075567770143662
500.9759488105774 0.1332796007485964
502.98081731796265 0.13193188514357054
504.98421359062195 0.13428317301686446
506.98863220214844 0.13492751091703056
508.99259901046753 0.13354570361145704
510.99664855003357 0.1303455021834061
513.000120639801 0.13027917551530294
515.0041122436523 0.14695630461922599
517.0080964565277 0.13239075577763898
519.0121402740479 0.12872354335620712
521.016105890274 0.13152847880299254
523.0199897289276 0.14566857142857143
525.0241093635559 0.1296003995006242
527.0280923843384 0.1294337157107232
529.0321207046509 0.12830552713661883
531.0361652374268 0.13215739837398374
533.0402603149414 0.13312569999999999
535.0449504852295 0.13038282147315855
537.0487880706787 0.13289951341235184
539.0528423786163 0.1315346908182386
541.05690574646 0.13098603372891943
543.0605101585388 0.128783889931207
545.0646493434906 0.1304750469043152
547.0688245296478 0.1317098693217175
549.0730490684509 0.1330924859813084
551.0770494937897 0.13749416614615864
553.0812451839447 0.12906902743142146
555.0847282409668 0.13170533166458073
557.0882239341736 0.1349353692115144
559.0924022197723 0.1300728
561.0961005687714 0.12906112640801
563.0999443531036 0.1305520099875156
565.1037690639496 0.12951390000000002
567.1078464984894 0.1309484716157205
569.1126008033752 0.1328808515967439
571.1168873310089 0.13367125546533415
573.1207346916199 0.1322790511860175
575.1248743534088 0.13078048658764815
577.128901720047 0.12946355583281347
579.1330258846283 0.1318480949406621
581.1369569301605 0.13219657713928795
583.1411383152008 0.13707358702432937
585.1449146270752 0.13167700000000002
587.1486144065857 0.13397895261845388
589.1526794433594 0.1330164
591.1564524173737 0.13277864004990644
593.1606864929199 0.13171078076202372
595.1646418571472 0.12977348314606743
597.1687786579132 0.13534328955597247
599.1724901199341 0.13039850280723642
601.1772112846375 0.13256119850187265
603.1812672615051 0.13536380475594492
605.1852180957794 0.1403142
607.188892364502 0.10996488778054862
609.1925675868988 0.11000089775561098
611.1963713169098 0.1180426400996264
613.2000453472137 0.1087629389788294
615.2036867141724 0.11627405742821473
617.2071988582611 0.10481088639200999
619.2114441394806 0.10682763272954403
621.2147922515869 0.10541754210854648
623.2185566425323 0.10431160524672081
625.2222068309784 0.1059997
627.2257597446442 0.1083425858838226
629.2297558784485 0.14889048689138576
631.2338199615479 0.12186243597751406
633.2381460666656 0.11342731585518102
635.2418467998505 0.10565897371714644
637.2453169822693 0.10113658963148031
639.2490253448486 0.1019955527795128
641.2528727054596 0.10264044971892566
643.2569272518158 0.11886143480973177
645.2610104084015 0.10289426433915212
647.2646009922028 0.1031965
649.268559217453 0.10290556803995007
651.2724206447601 0.13098369999999998
653.2763698101044 0.09361677902621723
655.2803363800049 0.13159760299625467
657.2841055393219 0.13277421611492818
659.2883830070496 0.1302557802746567
661.2922403812408 0.13168899437851345
663.2964658737183 0.09096374765771394
665.3012495040894 0.13358420986883196
667.3051016330719 0.13136739076154808
669.3093721866608 0.1321125296689569
671.3133926391602 0.1492378
673.3170189857483 0.14885333333333334
675.3207285404205 0.1304513678950656
677.3254637718201 0.1337077
679.3288264274597 0.1033893550407013
681.3324933052063 0.10466077403245944
683.336217880249 0.10441131464174454
685.3399679660797 0.10334652526512789
687.3437247276306 0.104772734082397
689.347592830658 0.1068134
691.3514618873596 0.118852
693.35489320755 0.1059788367729831
695.3588130474091 0.10796525657071339
697.3640582561493 0.10402908182386009
699.3682310581207 0.10565781094527363
701.3717815876007 0.10671322118380062
703.3757390975952 0.10903645664379288
705.3795201778412 0.1096738077403246
707.3836514949799 0.11222739999999999
709.3873136043549 0.11195899999999999
711.3910148143768 0.12316612117426608
713.3949642181396 0.12116572858036272
715.398294210434 0.10887419999999999
717.4022870063782 0.11656425265791119
719.4059557914734 0.10979932457786117
721.409560918808 0.10793204247345409
723.4132993221283 0.11004524344569289
725.4172270298004 0.11119689806128831
727.4211130142212 0.1314536
729.4264822006226 0.13355331246086413
731.430296421051 0.13550109999999999
733.4348878860474 0.1311089
735.4387879371643 0.14416868371802868
737.4431040287018 0.13081130000000002
739.4473042488098 0.1317702
741.4516055583954 0.1350352
743.455135345459 0.13336365685660614
745.4590883255005 0.1300055396132252
747.4633853435516 0.13131842598376015
749.4673895835876 0.1474585767790262
751.4716622829437 0.13689926203877423
753.475777387619 0.13500809968847352
755.479597568512 0.1179268042526579
757.4834380149841 0.1323559102244389
759.4874012470245 0.13203912445278299
761.4923915863037 0.13066219999999998
763.4965867996216 0.12979935081148564
765.5004379749298 0.13037682896379527
767.5047633647919 0.13385090000000002
769.508542060852 0.13083049282595136
771.5129432678223 0.1280123845193508
773.5167303085327 0.1373348657089319
775.5201361179352 0.13437721424109933
777.5241150856018 0.1369763101938712
779.5274307727814 0.13140856964397252
781.5311925411224 0.1133924702939337
783.5349907875061 0.13066513141426783
785.5388309955597 0.14529079325421612
787.5424661636353 0.1305629
789.546454668045 0.13294343106674986
791.5501754283905 0.13107571072319202
793.5539417266846 0.1311109
795.5593619346619 0.14751660424469412
797.5634081363678 0.1301252
799.5672428607941 0.13041017456359102
801.5711114406586 0.1356944
803.575263261795 0.13297048689138577
805.5792920589447 0.13110405996252344
807.5831189155579 0.1321994260761073
809.5873329639435 0.1320896199376947
811.590981721878 0.1322419
813.5947959423065 0.12959630461922597
815.5985727310181 0.12888034978138663
817.6022765636444 0.13242393504059963
819.6060378551483 0.12986862842892768
821.6095857620239 0.1348338288569644
823.6132209300995 0.13178706542056076
825.6167893409729 0.1309431210986267
827.6207480430603 0.12907454205607477
829.6247296333313 0.1400342144638404
831.6283299922943 0.13360589263420725
833.6323206424713 0.13090754834684967
835.6362638473511 0.13121006226650062
837.6403307914734 0.13280089663760897
839.6442728042603 0.13390363069245165
841.6480100154877 0.1408873
843.6522843837738 0.09446236102435977
845.6562447547913 0.14554174563591024
847.6599721908569 0.13618364089775561
849.6639075279236 0.13157724953329186
851.6674633026123 0.13465657927590513
853.6715347766876 0.13098473815461345
855.6754627227783 0.14609268414481896
857.6796650886536 0.13092525856697818
859.6843378543854 0.1492458348851645
861.6885280609131 0.11295501246882793
863.6921727657318 0.13133965087281796
865.696053981781 0.08698393504059963
867.7000572681427 0.13387002493765587
869.7036397457123 0.134908
871.7077071666718 0.1115131086142322
873.7118153572083 0.14885094080996886
875.7156133651733 0.0853783
877.7195725440979 0.13063745159275453
879.7236332893372 0.13206326046221112
881.727285861969 0.1336592629606496
883.7314734458923 0.13033075672295183
885.7356193065643 0.12919610486891386
887.7397701740265 0.13281937578027467
889.7437267303467 0.12993246882793016
891.7481892108917 0.11088827930174565
893.752405166626 0.13360319800124923
895.7563219070435 0.10874440424204616
897.7605109214783 0.1271100562148657
899.7643446922302 0.14650235588972432
901.7683386802673 0.129054440974391
903.7722990512848 0.14717675810473815
905.7762973308563 0.13445489414694894
907.7802131175995 0.1313804
909.7844269275665 0.1294207481296758
911.7886664867401 0.11157103620474407
913.7929997444153 0.13061895261845385
915.7968671321869 0.1307430711610487
917.800628900528 0.12933150343106675
919.8046481609344 0.13015770287141074
921.8086025714874 0.1332888944409744
923.813462972641 0.13655537600994408
925.8173434734344 0.11331767645221737
927.8208601474762 0.10713737827715356
929.8252727985382 0.1084975
931.8292376995087 0.10963634543178975
933.8329977989197 0.10518102372034956
935.8375418186188 0.10881628981886321
937.8411235809326 0.10413118198874297
939.8450548648834 0.10873875311720699
941.8487298488617 0.10389582554517134
943.8526394367218 0.1074825468164794
945.8563134670258 0.10710784557907845
947.860228061676 0.1098655021834061
949.8642282485962 0.10881328339575531
951.8690257072449 0.11287600997506235
953.8726322650909 0.1083425858838226
955.8764433860779 0.1077603502188868
957.8806662559509 0.11237436408977557
959.884370803833 0.1153813266583229
961.8878908157349 0.11088459425717852
963.8914570808411 0.1121595003123048
965.8948209285736 0.11072860537836147
967.8985466957092 0.11248720450281426
969.9023129940033 0.11086719199499687
971.9059238433838 0.12901233270794246
973.9098227024078 0.11877196495619524
975.913093328476 0.1097552970606629
977.9167802333832 0.10938262828535669
979.9203851222992 0.10645163862928349
981.924013376236 0.10388916926920674
983.9273154735565 0.10764080000000001
985.9305968284607 0.10984654590880699
987.9342603683472 0.11064050062578223
989.9381935596466 0.13264409743910058
991.9431502819061 0.12808615384615385
993.9466800689697 0.105964572142411
995.9504261016846 0.1322040449438202
997.9541890621185 0.13162803504380474
999.9582064151764 0.13042128669581513
1001.9620876312256 0.11091565543071161
1003.9662754535675 0.13464856606136505
1005.9698774814606 0.13260447779862414
1007.9740760326385 0.13063088861076344
1009.9780752658844 0.13279969962453067
1011.9824683666229 0.09184129756706176
1013.9860095977783 0.12912659587757652
1015.9898836612701 0.12932976889444098
1017.9940192699432 0.12965403377110696
1019.9979200363159 0.13028297314178638
1022.001739025116 0.12775810237203494
1024.0055661201477 0.1297508400746733
1026.009290933609 0.12916913857677903
1028.0132093429565 0.131137
1030.0170867443085 0.13177135709818635
1032.0207388401031 0.13311570536828965
1034.024819135666 0.1294240099937539
1036.028770685196 0.1297404366812227
1038.0329332351685 0.13241384134915676
1040.0369651317596 0.13172127102803738
1042.040711402893 0.10094241099312928
1044.0448286533356 0.10117453183520599
1046.0485625267029 0.10145657927590511
1048.0523719787598 0.1010914535246413
1050.0563678741455 0.10140336868371803
1052.060478925705 0.10182647535870243
1054.063679933548 0.10242109999999999
1056.0678989887238 0.11539837601499063
1058.071166753769 0.10311342465753426
1060.0751566886902 0.10338603726708073
1062.0785944461823 0.10216609238451935
1064.082730770111 0.10112827930174564
1066.086503982544 0.10251432854465958
1068.0901172161102 0.10455960049937578
1070.0937058925629 0.10315773208722742
1072.0973918437958 0.10622301061836352
1074.100670337677 0.10421043695380773
1076.1039576530457 0.10200209737827716
1078.107717037201 0.10242227215980025
1080.1114709377289 0.10379460000000001
1082.1148083209991 0.1088442
1084.1186661720276 0.10927109443402126
1086.1222195625305 0.10193646912039925
1088.1265661716461 0.11713480925578487
1090.1304965019226 0.1028736119775421
1092.1343986988068 0.1481408598130841
1094.1382892131805 0.126907
1096.1422345638275 0.1366767540574282
1098.1460673809052 0.1291390761548065
1100.1504254341125 0.11145554028732044
1102.1541974544525 0.1427716354556804
1104.158311367035 0.12091133041848845
1106.1620004177094 0.18797031855090568
1108.1661269664764 0.10300337711069418
1110.17009973526 0.10336440275171982
1112.173811674118 0.10414838548185232
1114.1776812076569 0.10196267332916926
1116.1816549301147 0.10607780137414118
1118.1849048137665 0.10737640000000001
1120.1892495155334 0.11324487804878049
1122.1928083896637 0.1046694894146949
1124.196664571762 0.10367134866376632
1126.2001516819 0.10296528678304238
1128.2036299705505 0.10935350811485643
1130.20703458786 0.10874540237055522
1132.2104992866516 0.10616454148471616
1134.2137632369995 0.1036544
1136.217388868332 0.11086371018113679
1138.2209305763245 0.10717288305190743
1140.2245116233826 0.1027369211514393
1142.2285730838776 0.10424639200998752
1144.2323863506317 0.10919294559099436
1146.2360236644745 0.1108358
1148.2396273612976 0.10587645443196005
1150.2436120510101 0.11454440974391006
1152.2481093406677 0.11763269781931464
1154.2518067359924 0.10862391005621486
1156.25545835495 0.11141443402126329
1158.2592289447784 0.1326445028142589
1160.2635009288788 0.1319023
1162.2674407958984 0.13149888680425265
1164.2715454101562 0.13069571517801373
1166.2754166126251 0.1340005496564647
1168.2793929576874 0.1470221777221527
1170.2831900119781 0.13012045056320398
1172.287430047989 0.13409479075577765
1174.2913246154785 0.13494096189881324
1176.2950646877289 0.13210743285446597
1178.2988817691803 0.13005039252336448
1180.3033964633942 0.13130033728919424
1182.3070623874664 0.1217039949906074
1184.3116908073425 0.1307152
1186.3155736923218 0.1299166021236727
1188.3196563720703 0.13032878901373285
1190.3232157230377 0.13070650843222986
1192.3271877765656 0.1295275093867334
1194.3310885429382 0.128469519650655
1196.334822177887 0.13255824890556597
1198.3389270305634 0.13294729205753597
1200.3430230617523 0.15001384806973847
1202.3472862243652 0.13303566355140187
1204.3509285449982 0.10725233458177279
1206.3548016548157 0.10394286429018136
1208.3590867519379 0.10567031210986268
1210.3630299568176 0.13281665835411471
1212.3672847747803 0.13272678304239402
1214.3708374500275 0.14695260000000002
1216.375685930252 0.1336332792004997
1218.38005900383 0.1330845443196005
1220.3838634490967 0.13188084893882646
1222.3880515098572 0.131777039350406
1224.391869544983 0.12795348721147848
1226.3962886333466 0.14849627965043694
1228.4003307819366 0.13264950594121325
1230.4044547080994 0.13052570716510906
1232.4090774059296 0.13109675810473814
1234.412865638733 0.1298106417445483
1236.416915178299 0.13253197007481296
1238.4210042953491 0.13379658566978192
1240.4247605800629 0.13798162297128588
1242.4288432598114 0.147839800747198
1244.4333939552307 0.14614230529595015
1246.436871767044 0.13106908182386007
1248.4406201839447 0.13183521495327102
1250.4456431865692 0.13142953922789538
1252.4494485855103 0.13253822721598002
1254.453532218933 0.14537248439450687
1256.4577651023865 0.13143651307596513
1258.461650133133 0.13168518380062305
1260.4652688503265 0.1300421419676214
1262.4692149162292 0.12942518334369174
1264.4730558395386 0.12920956413449564
1266.4767925739288 0.13076688279301746
1268.4807755947113 0.129876608478803
1270.4845292568207 0.13079336244541484
1272.488450050354 0.13079156581409856
1274.492607831955 0.14592559300873909
1276.4967317581177 0.13147258889582034
1278.5008630752563 0.13053017456359103
1280.5050728321075 0.1329063670411985
1282.5101037025452 0.13432139825218478
1284.5142693519592 0.13209962453066335
1286.5181527137756 0.13297855361596012
1288.5220131874084 0.10848139737991266
1290.5257458686829 0.10569005628517823
1292.5293083190918 0.1082235397123202
1294.5334866046906 0.10848370463078848
1296.5370199680328 0.10868124843945069
1298.5404961109161 0.10653657320872274
1300.5440108776093 0.11123927545284198
1302.5476944446564 0.13464064959400374
1304.5515611171722 0.17099645443196004
1306.5554378032684 0.17413353308364546
1308.5595517158508 0.13943151061173534
1310.5632576942444 0.1336663585259213
1312.5672843456268 0.14651295880149812
1314.5709116458893 0.13334932668329177
1316.5756084918976 0.14935995003123048
1318.579519033432 0.14348926157697123
1320.5834262371063 0.08467797626483448
1322.5876395702362 0.11222639252336447
1324.591391324997 0.1307411
1326.5950028896332 0.15047714821763603
1328.5987939834595 0.09382691635455681
1330.602688550949 0.13735117757009344
1332.6064875125885 0.1299016
1334.6110072135925 0.13280971214017523
1336.615036725998 0.13268252027448535
1338.6189625263214 0.11059449221183801
1340.6229813098907 0.14544589631480326
1342.6268541812897 0.13160054897067996
1344.6316018104553 0.13396966895690193
1346.6354401111603 0.13303551122194515
1348.6403334140778 0.14858446529080674
1350.6443045139313 0.13505247660636308
1352.6487700939178 0.13268597126795753
1354.6526100635529 0.1487703185509057
1356.6569607257843 0.10766851435705367
1358.6610012054443 0.10869822721598003
1360.6643707752228 0.11290377028714106
1362.6680054664612 0.10967501246882794
1364.6719579696655 0.11086922693266832
1366.6759812831879 0.1360549343339587
1368.67995429039 0.14601967540574282
1370.6836552619934 0.1337520099875156
1372.6877212524414 0.12969920000000001
1374.6915118694305 0.13225643972517176
1376.6956493854523 0.13005473158551809
1378.7005836963654 0.130018
1380.704695224762 0.13369298377028715
1382.7086520195007 0.13210506566604127
1384.712707042694 0.13178980588603634
1386.7170014381409 0.1325325015595758
1388.7205588817596 0.13272536005009394
1390.7247195243835 0.13486677439403355
1392.7285764217377 0.1314796504369538
