1.8857734203338623 29.839443880597017
3.8897998332977295 29.717243306401492
5.893877267837524 30.274749589041093
7.8978331089019775 29.639333283489094
9.901529312133789 29.70399040599625
11.905448913574219 30.812368518057287
13.909663915634155 29.687972269326686
15.913398504257202 29.965118304239404
17.917553663253784 29.961528733624455
19.921488046646118 29.6503764764268
21.92523765563965 29.92858966292135
23.930179595947266 29.83659250777847
25.934449672698975 29.839079825327513
27.937976360321045 30.11735895065584
29.94171953201294 30.150752220137583
31.945542335510254 30.004066292834892
33.949156284332275 29.900825703611456
35.953415393829346 29.711097802607078
37.957157135009766 29.837558953922787
39.96140432357788 29.754388387096775
41.96485996246338 29.61082418373681
43.968730211257935 29.622432559300876
45.972466707229614 29.92206408949658
47.97650146484375 30.038490387016232
49.97998380661011 29.878331086142325
51.98369836807251 29.832878856432565
53.98750686645508 29.3824017988757
55.992732524871826 30.087876884735206
57.996922969818115 30.16794924137931
60.00084924697876 29.586629491945477
62.00467014312744 30.564312740832815
64.00853037834167 28.94271900744417
66.01247024536133 29.716644278606964
68.0167784690857 30.240288080050032
70.02041959762573 30.125843003754692
72.02422738075256 30.440835711598744
74.02873373031616 29.01019631840796
76.03247404098511 29.64642016139044
78.03664994239807 29.739372492192377
80.04026436805725 30.00090391033624
82.04398488998413 30.001689221183803
84.04758381843567 29.829245421611496
86.05144500732422 29.77893177349098
88.05609679222107 30.11437911305434
90.05979633331299 29.963345662725576
92.06384181976318 29.984084735202494
94.06767058372498 29.951073652769132
96.07142329216003 29.7907098
98.07513546943665 30.15851365792759
100.07936358451843 29.751515190983092
102.08358764648438 29.982421034267915
104.08721780776978 30.080710891089108
106.09043550491333 30.332433370856787
108.0950620174408 29.992083235843186
110.09850883483887 30.30203367372354
112.10228633880615 29.967316888612324
114.10593938827515 29.683021736972705
116.11010336875916 30.661176054760425
118.11389422416687 29.918730547263685
120.11878085136414 30.27082287850467
122.12212753295898 30.220306476072096
124.12671089172363 29.260981618929016
126.1308650970459 30.365674335403725
128.1349184513092 29.847088039950066
130.13897132873535 29.735235843186057
132.142596244812 30.026492311526482
134.1467182636261 29.707977827715354
136.15034008026123 30.0290098066126
138.15417504310608 29.860304339152123
140.1580696105957 30.171223200000004
142.1619312763214 30.067255514250306
144.16573286056519 29.796488971962614
146.1692841053009 29.88815900435594
148.17335987091064 30.014361148564294
150.17744779586792 30.028180484773152
152.18111729621887 30.17834908188586
154.18655467033386 29.778193742177724
156.1903853416443 29.71462324189526
158.19435214996338 30.027815430711613
160.19770193099976 30.0740303930131
162.2019441127777 30.52351543707378
164.20602345466614 29.266822921068986
166.20990824699402 30.60736975124378
168.21326756477356 30.065607164179102
170.21728205680847 30.047685482866044
172.22101211547852 29.55863569573284
174.2267189025879 29.560595243376465
176.2289695739746 29.678580260707637
178.23265290260315 30.031321615910507
180.23717045783997 29.7061038701623
182.24083590507507 30.11356518703242
184.24477887153625 29.592167746741154
186.24953937530518 30.196545281602006
188.25349879264832 29.944235053091816
190.25743627548218 30.081631161048687
192.26104879379272 30.042223659147872
194.2648844718933 30.32513152882205
196.2685923576355 29.7081876481597
198.272545337677 29.876820199999997
200.27612924575806 29.949454753894084
202.28017735481262 29.792383097178682
204.28417253494263 30.68190002496879
206.28743600845337 29.68068455569462
208.29117035865784 30.261425835411472
210.29488372802734 30.62204849689441
212.29864764213562 30.2254372
214.30264568328857 30.180600549313358
216.30598974227905 30.454083811912223
218.31177926063538 29.343244744069914
220.31600403785706 30.24624229712859
222.32004308700562 30.02170919053549
224.32318115234375 29.7295616677038
226.32763028144836 30.121244177611008
228.33111476898193 29.688345284197375
230.3345673084259 29.445484843945067
232.33845376968384 30.038789170305673
234.34211492538452 29.744821818181816
236.34624981880188 30.0752478700812
238.34972977638245 29.896856693699313
240.35382533073425 30.109894611076538
242.3573179244995 29.96074262828536
244.36142826080322 29.929297157107232
246.3648600578308 30.058997313432833
248.36871647834778 30.156264772585672
250.37263774871826 29.76518730553827
252.3767638206482 29.90081752333541
254.38093495368958 29.855655208462974
256.3844199180603 29.06625422885572
258.38834977149963 29.531545687616678
260.39221239089966 29.665503066418374
262.39587926864624 30.047477273295808
264.3998143672943 29.7144255721393
266.404009103775 30.76282719800747
268.40755581855774 29.84972853932584
270.41131043434143 29.94505278401998
272.4156918525696 30.214713615960097
274.4193916320801 30.08134537741734
276.4227635860443 29.715262591444514
278.42704582214355 28.84995050931677
280.43243741989136 30.63567811062772
282.43600249290466 29.868308421709294
284.4394156932831 29.894584607721047
286.44319319725037 29.614493498759302
288.4474935531616 30.16273668956902
290.45100927352905 30.19945564022486
292.4548079967499 29.727216259351618
294.4587450027466 29.59028479205462
296.4632394313812 29.765494859987555
298.46685099601746 29.837201296758103
300.470477104187 29.801474903666875
302.47440004348755 29.898626319702604
304.47865629196167 30.215758799999996
306.482488155365 29.915213325046615
308.48658084869385 29.605745490683226
310.48997950553894 30.387200397762587
312.49495124816895 30.025904433497537
314.49917221069336 30.172722145976294
316.503142118454 29.729528368617686
318.5068852901459 28.69911376237624
320.51095962524414 29.311848855721394
322.5147521495819 29.369551614100185
324.5189468860626 30.341431238332294
326.52246928215027 29.7431683
328.5262303352356 30.763900748129675
330.52975702285767 30.524058109452735
332.5336022377014 29.89893310216718
334.5376591682434 29.759785407085147
336.54169964790344 29.89127436341162
338.5458960533142 29.63946537554314
340.5501391887665 29.854480697384805
342.55307269096375 30.157990667498442
344.5569519996643 29.75868561490683
346.5614731311798 29.95280576755749
348.5652565956116 29.950274285714286
350.5695321559906 29.80946917237088
352.57331705093384 29.78401414694894
354.57734179496765 29.998099563318775
356.581476688385 29.687619255583126
358.5853867530823 29.84707743621655
360.58888268470764 29.261527990012485
362.5926957130432 29.591843482587066
364.59686160087585 29.910930468457213
366.6008491516113 30.116072135253603
368.604674577713 31.00191739348371
370.6082983016968 29.29089106542056
372.6128523349762 29.837831243781093
374.61719369888306 29.821212877563703
376.62123441696167 29.932295706285
378.62507605552673 30.67046054862843
380.6289129257202 29.087897846919724
382.63314604759216 29.899713506815367
384.6371488571167 29.707165898389093
386.6408269405365 29.786467394540946
388.6446113586426 30.145657982565382
390.6482801437378 29.938989987546698
392.65266489982605 29.92463144278607
394.65659260749817 29.678527680798005
396.6607964038849 30.085986849315066
398.66448283195496 30.121389887920298
400.668732881546 29.485080297766746
402.6727046966553 29.927039800249688
404.67673683166504 29.860142421972537
406.6808109283447 29.762064928259512
408.6845488548279 29.766502650902304
410.68949794769287 30.34586686567164
412.6935832500458 29.776368279301746
414.69764471054077 30.0180087
416.7012848854065 29.9566741081417
418.7043628692627 29.690095300000003
420.7085189819336 29.996098929016192
422.7122371196747 30.028628542963887
424.71610403060913 29.82287570536829
426.719765663147 30.067398208955225
428.72335028648376 30.12363014925373
430.7269604206085 30.58201171339564
432.7311055660248 30.105734142414857
434.73478841781616 30.204217515683812
436.7384524345398 30.015193491864835
438.74255299568176 29.88845722846442
440.74663186073303 29.70754719800747
442.7504403591156 29.80408519350812
444.755304813385 29.924711155527795
446.75895285606384 29.975549563046194
448.7630515098572 29.683419115264797
450.76665902137756 30.305096014990628
452.77094769477844 29.65428867830424
454.77486300468445 30.052380273972602
456.7787709236145 29.889559503722086
458.78282284736633 29.926269552238804
460.7863757610321 29.904979850374065
462.79022240638733 29.69303198506534
464.7946231365204 30.35659872897196
466.7987937927246 30.514958850718298
468.803231716156 30.07514136952498
470.80687260627747 30.298648733624457
472.8112242221832 29.917174129353235
474.81622195243835 30.281477037958933
476.82047033309937 29.808459636363636
478.82423186302185 29.827356309226932
480.82784628868103 30.5726601
482.83180356025696 29.884111950155763
484.8357763290405 30.207406242197255
486.83945655822754 29.858985835411474
488.8437762260437 30.01604266003729
490.846964597702 29.89306413965087
492.85117387771606 29.940120124300805
494.85481786727905 29.89766679127726
496.8585021495819 29.934522616822427
498.86215829849243 30.02161958775765
500.86647176742554 29.975218442367602
502.87003922462463 30.02396688279302
504.8736698627472 29.8451895350279
506.878475189209 29.636973075483468
508.88215708732605 29.552804166150032
510.88583493232727 30.575628660436138
512.8901362419128 30.054835311720694
514.8936629295349 29.952146517967783
516.8974492549896 30.064636017423773
518.9019181728363 29.7283607960199
520.9052331447601 29.9787121
522.9089605808258 29.82515112492231
524.9128065109253 29.89756444444445
526.9164659976959 29.625599800124924
528.9203524589539 30.005772047293096
530.9240987300873 29.43043562189055
532.9277074337006 29.81120664188352
534.9316329956055 30.54969741734248
536.9357907772064 30.387651343283583
538.9396839141846 29.387412299999998
540.9444663524628 29.999190306058715
542.9482641220093 29.97389017456359
544.9517598152161 29.829984993788823
546.9557640552521 29.920088822429907
548.9595260620117 30.004068671241424
550.9629380702972 29.873217794392527
552.9671688079834 29.681666004962782
554.9711623191833 29.71740535980149
556.9749274253845 30.36907103060587
558.9786958694458 30.255869452736317
560.9834072589874 29.58521486637663
562.9860351085663 30.299803291770573
564.9897773265839 30.070182743142144
566.9940695762634 29.629928949658176
568.9980754852295 29.942213548788065
571.0015201568604 29.72253583592293
573.0066130161285 29.747227630922694
575.0102686882019 30.29673607990013
577.0142686367035 30.121204922311996
579.0186381340027 29.75363525760397
581.0219118595123 29.713008149532712
583.0255334377289 29.765329322560596
585.029043674469 30.19610406991261
587.0329530239105 29.583351825545172
589.0369787216187 30.023473828856968
591.0408489704132 30.061428229426433
593.0447390079498 29.874163799999998
595.0484697818756 29.961665373134327
597.0521147251129 30.07502943960149
599.0563700199127 30.124227630922697
601.0602695941925 30.146706525265127
603.063719034195 30.009580636306925
605.0685067176819 30.2554212
607.0718114376068 29.986411109733417
609.075991153717 29.997289900000002
611.0792453289032 30.146614364089775
613.0830655097961 29.685944484697064
615.0864791870117 30.785464653774174
617.0903103351593 30.789355705368287
619.0941381454468 30.16214703241895
621.0978891849518 30.4019537
623.1011574268341 29.727498140985652
625.1057152748108 29.666179265712504
627.1095066070557 29.440142818125388
629.1132323741913 29.87764470441817
631.1170835494995 30.020325692883894
633.1206164360046 29.982199028037382
635.1247210502625 30.035591266375544
637.1300446987152 29.928548771054274
639.1339502334595 30.221785556246118
641.1372895240784 30.104505137157105
643.1414840221405 29.946715807860265
645.1452128887177 29.776217199504334
647.1487629413605 29.564715558328135
649.152916431427 29.823506217228463
651.1563572883606 29.972169511889863
653.1606652736664 30.235802869619466
655.1643669605255 30.19984519350811
657.167982339859 29.63895736154325
659.1723937988281 29.686196643878187
661.176103591919 30.04374316313823
663.1800775527954 30.24845956386293
665.1839969158173 29.514265006226648
667.1878933906555 30.224487300000003
669.1933765411377 30.10270184538653
671.1974675655365 29.9163739292365
673.2015860080719 30.127486263256394
675.2050015926361 30.710282793017456
677.2089672088623 29.252267927815804
679.2131609916687 29.896734586185435
681.2163693904877 30.21609582089552
683.2202560901642 29.679818871667702
685.2241430282593 30.012369
687.2277612686157 30.051018177309363
689.2323079109192 29.62042895950156
691.2355628013611 30.267475427857587
693.2396173477173 30.51433241121495
695.243531703949 29.84792069912609
697.2475998401642 29.773991444652907
699.2513332366943 29.706067715355804
701.2548987865448 29.938155563862928
703.2599523067474 30.060842267912776
705.263635635376 29.94004758104738
707.2675659656525 29.68765556946183
709.2713060379028 29.649139899999998
711.2756049633026 30.150410493441598
713.2793619632721 29.986293133208253
715.2830276489258 30.301087560823458
717.2873387336731 30.13942114713217
719.2908546924591 29.712433209417593
721.2944259643555 30.4576337
723.2985897064209 30.16066600249066
725.3023133277893 30.122103368551894
727.305525302887 30.10388224159402
729.3089799880981 30.22421755610973
731.3121871948242 29.715394556803993
733.3163800239563 29.689576288916562
735.3201215267181 29.900550467872737
737.3245549201965 30.151410211706104
739.3282809257507 29.557359750778815
741.3318719863892 30.864963697688946
743.3364431858063 29.851048089887637
745.3402020931244 29.72453650557621
747.3440771102905 30.021281296758108
749.3476452827454 29.588529507174048
751.3515584468842 29.72079185599007
753.3554751873016 29.930719501557633
755.3595561981201 29.61165098136646
757.3637075424194 30.1687226
759.367790222168 29.731642118380066
761.3713958263397 29.94581446172993
763.3758447170258 29.924425799999998
765.3798496723175 29.971722288557213
767.3844349384308 30.494468571428573
769.388482093811 29.96889061682243
771.3920214176178 29.95793028714107
773.3961553573608 29.8714418
775.3999633789062 29.94623599248591
777.4039599895477 30.54328589263421
779.407753944397 29.639152677459528
781.4113788604736 29.921736134244874
783.4153709411621 30.281377938788257
785.4190301895142 30.190959551960173
787.4230029582977 30.454958357187305
789.4268114566803 29.19258729763387
791.4305174350739 29.853122973977698
793.4341716766357 29.880957510889854
795.4378488063812 30.057348657089317
797.4411964416504 29.914433254511515
799.4467120170593 29.57048597758406
801.4502530097961 29.68274492861577
803.4541327953339 30.05478938317757
805.4580736160278 29.76963056627256
807.4621865749359 30.063006841448193
809.4658124446869 29.853811271820447
811.4695539474487 29.932310711610487
813.4734885692596 30.028604953329186
815.4771857261658 30.006426167290883
817.4809105396271 29.750172284644194
819.4853572845459 29.93705398252185
821.4884560108185 30.501882954686533
823.493195772171 30.173380137414117
825.4958007335663 29.81330462305296
827.499669790268 29.65506714729646
829.5031445026398 29.421680249843845
831.5068340301514 29.242200549313356
833.511876821518 30.568625788819876
835.5159111022949 29.88825739563863
837.5198562145233 30.021242669993764
839.5236239433289 29.82916762141968
841.5271573066711 29.215347554449284
843.5312592983246 29.677195967641566
845.534909248352 30.336065214685746
847.538521528244 30.039286451612902
849.5424597263336 29.747832961586123
851.5461525917053 30.040450800000002
853.550365447998 29.74297905236908
855.553991317749 29.758819203980096
857.557944059372 30.094029321717485
859.5623986721039 29.82562534161491
861.5660119056702 29.604312428393527
863.5706872940063 29.9494898066126
865.5744359493256 29.98632253573648
867.5786719322205 30.17060847880299
869.5825040340424 30.77376656716418
871.5865378379822 29.16956899378882
873.5901501178741 30.19120868371803
875.5941808223724 30.494190853582552
877.5978734493256 30.006273300000004
879.6018998622894 30.472268226509026
881.6061475276947 29.467136239850095
883.6098563671112 30.340329564134493
885.6135067939758 30.68282952618454
887.617027759552 30.26183835308796
889.6210253238678 29.791233532338307
891.624748468399 30.2286236
893.6282887458801 30.197533167082298
895.6321141719818 30.078326437928883
897.6370418071747 30.057778066126012
899.6404161453247 29.61775322540473
901.6439340114594 30.14358875702686
903.6504862308502 30.11737512437811
905.6539597511292 29.97783905882353
907.6576664447784 29.82320368388301
909.6617767810822 29.95734370093458
911.6654605865479 29.978541135371177
913.6697912216187 29.625995264797506
915.6739294528961 30.128105128526645
917.6775381565094 29.791526467661694
919.6814594268799 29.858513686837178
921.6848809719086 30.495847281795513
923.688882112503 30.730588845913907
925.6924345493317 30.093385174129356
927.6968231201172 29.706039626168224
929.7007913589478 29.812037605985036
931.7052338123322 30.72045582089552
933.709947347641 29.613960347826087
935.7126939296722 29.557937966313162
937.7165551185608 30.15208129353234
939.72021484375 30.050380137242673
941.7237002849579 29.71799348663766
943.7284395694733 29.567827915106115
945.731997013092 30.193810199999998
947.7364718914032 29.869988699439947
949.7404909133911 29.912429993761698
951.7437443733215 29.875429113607986
953.7477371692657 29.991179251870324
955.7515225410461 29.847009547427156
957.7551143169403 29.793722938978828
959.7587089538574 30.060975820895525
961.7622454166412 29.522446749379654
963.7665340900421 29.720288756218906
965.7712485790253 29.66459175077882
967.7750060558319 29.91350658385093
969.7788021564484 30.30695850187266
971.782164812088 30.05860393524284
973.7864530086517 29.24992856253889
975.7902367115021 29.626546940809966
977.795051574707 30.278789213483147
979.798572063446 29.904264584882277
981.8023426532745 29.840885479452055
983.8059573173523 30.52932735202492
985.8097653388977 30.263334940957115
987.8140416145325 30.226389943995024
989.8179576396942 29.874465870646766
991.8213772773743 29.87927392278954
993.8252491950989 29.250453532338312
995.8287613391876 30.04007950124688
997.8335390090942 29.92711543990087
999.8374178409576 29.96881703611457
1001.8411428928375 29.59870658385093
1003.8450176715851 29.653410836949785
1005.8486936092377 29.858430490378645
1007.8530788421631 29.87181566084788
1009.8567094802856 29.85476847583643
1011.860515832901 29.700856079404463
1013.8646004199982 29.893792457996266
1015.8679196834564 0.1257555084217093
1017.871381521225 0.11700657089319176
1019.8745789527893 0.1172589
1021.8781006336212 0.10795102244389027
1023.8814990520477 0.11460751091703057
1025.8850462436676 0.11132654635967641
1027.8889317512512 0.1301418294959552
1029.893321275711 0.12948296573208723
1031.8982331752777 0.129636354556804
1033.9019503593445 0.1320378526841448
1035.9062213897705 0.13157104477611942
1037.9097764492035 0.1303776419213974
1039.9137291908264 0.1305849
1041.91806101799 0.12817764485981306
1043.9219000339508 0.12986140985651903
1045.9258596897125 0.13257885286783044
1047.9296264648438 0.13092062383031816
1049.9336128234863 0.1322581
1051.9371883869171 0.12655630231105558
1053.9409160614014 0.10952536005009393
1055.9446623325348 0.104518
1057.948258638382 0.13033713928794502
1059.952116727829 0.13040890556597873
1061.9562017917633 0.12927810237203494
1063.96022939682 0.12972087118855008
1065.9641671180725 0.1329193254216115
1067.968201637268 0.13277055520898315
1069.9717473983765 0.1355265876481597
1071.9756917953491 0.15046090965732087
1073.9797039031982 0.12552827930174562
1075.9836077690125 0.12199227414330217
1077.9874198436737 0.1324745
1079.9911932945251 10.943934436090226
1081.995457649231 0.12419511221945137
1083.9995696544647 0.13157566520924424
1086.003464460373 0.17991615240474704
1088.0078160762787 0.13473158551810235
1090.0113472938538 0.13345581977471838
1092.015282869339 0.1307161
1094.018809080124 0.13209605985037406
1096.0234897136688 0.1303772142410993
1098.0276913642883 0.1315136079900125
1100.0314557552338 0.13131442848219863
1102.035105228424 0.13574431960049937
1104.0392558574677 0.135029887359199
1106.043157339096 0.1334061
1108.047419309616 0.1323325921299188
1110.0514776706696 0.1321348
1112.0547432899475 0.13481983760149907
1114.059186220169 0.133729656893325
1116.063199520111 0.13343280898876403
1118.0681025981903 0.13433228464419478
1120.071983575821 0.13371542785758903
1122.0758969783783 0.13292244694132335
1124.0800449848175 0.13214189999999998
1126.0837416648865 0.14808150187734667
1128.0874638557434 0.13149660000000002
1130.092444896698 0.14685908692933083
1132.0963306427002 0.1318416010006254
1134.1001591682434 0.1346455465334166
1136.1041748523712 0.1339984
1138.1081240177155 0.14335772699197036
1140.1117901802063 0.13167780137414117
1142.1156985759735 0.12920732710280375
1144.119720697403 0.12836049875311722
1146.1234648227692 0.11203334987593051
1148.127551317215 0.1459203987538941
1150.1313846111298 0.12828754057428216
1152.1356890201569 0.13673104477611941
1154.1397352218628 0.1320686
1156.1436018943787 0.1298785
1158.1477432250977 0.1300514535246413
1160.1519474983215 0.12827755305867664
1162.1563322544098 0.12893638524077547
1164.1610407829285 0.13413885286783042
1166.1649477481842 0.13112831362787802
1168.16912150383 0.13046270807453417
1170.1731514930725 0.13046657517155333
1172.1772422790527 0.1312571642723298
1174.1811904907227 0.1305509
1176.1853671073914 0.1298907
1178.189448595047 0.12809053025577044
1180.1933009624481 0.14630282147315854
1182.1973836421967 0.1279896871088861
1184.201046705246 0.1268409756097561
1186.205138683319 0.13067842990654205
1188.2090084552765 0.1278838
1190.2129127979279 0.1264763522798251
1192.2169666290283 0.12582991260923845
1194.2206802368164 0.1281233
1196.2245309352875 0.12815350811485643
1198.2293791770935 0.12651172069825437
1200.2333829402924 0.1294633125778331
1202.2372119426727 0.1305091858297079
1204.2415146827698 0.12283790523690773
1206.2452771663666 0.13234744853399874
1208.249793767929 19.04392683168317
1210.2533843517303 0.1295341411617739
1212.256999015808 0.12063349593495935
1214.261239528656 0.13143443260188087
1216.2652077674866 0.13121538077403247
1218.2693572044373 0.13140463262764632
1220.2731187343597 0.13298565190268247
1222.2769904136658 0.12076057392389271
