1.5431098937988281 30.16829918699187
3.5468266010284424 29.696730348258704
5.550794839859009 29.94241180737961
7.554673194885254 29.528286368159208
9.558290243148804 29.515870723192023
11.5621178150177 30.335813399750933
13.566200256347656 29.997030579439254
15.570208311080933 29.598021872659174
17.57393527030945 29.967477213930348
19.57834553718567 30.253686491885144
21.582157135009766 29.82456832398754
23.586397886276245 30.110261147132167
25.590126752853394 29.580950828660434
27.594072818756104 29.592622322097377
29.59821367263794 30.001662431761787
31.602271795272827 30.651076449410304
33.606237173080444 30.344946641744546
35.61033368110657 29.604672495356038
37.614243030548096 29.840559252336448
39.618510007858276 30.01807542288557
41.62226891517639 29.885207001862195
43.62605023384094 30.578794653341664
45.629894495010376 29.585049775561096
47.63467764854431 30.601859812850908
49.63944125175476 29.67028154806492
51.64243817329407 29.690086495940037
53.646207332611084 29.921033216957603
55.650272607803345 30.16104952024922
57.653799533843994 29.962924206596142
59.65784525871277 30.465618788257338
61.661603927612305 29.88674177278402
63.665401458740234 29.995263960149437
65.66936016082764 29.561330112079702
67.67298078536987 30.312097888198757
69.67684674263 29.677165870646764
71.68041777610779 30.024337345794393
73.68427419662476 29.764973316770188
75.68796896934509 29.782411814768462
77.69154930114746 30.192596973108195
79.69660186767578 30.20628186915888
81.69995164871216 29.433204869565216
83.70363903045654 30.483769098819142
85.70722532272339 29.797638983261006
87.71054935455322 29.854624059962525
89.71426439285278 30.037850517133958
91.71812510490417 30.399272537313433
93.72187352180481 29.98007302615193
95.72532653808594 29.914731037911746
97.7293062210083 30.07579012468828
99.73280620574951 30.05813100436681
101.73685669898987 29.47044736318408
103.7409553527832 29.765809169764562
105.74449491500854 30.399167940074907
107.74887990951538 30.362995677018635
109.7534646987915 30.1238243078833
111.75704455375671 29.245963518402995
113.76052975654602 30.490752260488417
115.76417112350464 29.708409088639197
117.76799869537354 30.750287
119.7717387676239 30.267074121325827
121.775559425354 29.670253830845773
123.7796311378479 29.693068482972134
125.7835202217102 29.911509253731346
127.78682804107666 29.98568660459342
129.7910919189453 30.188634228855722
131.79511213302612 29.401811664580723
133.79897022247314 30.951891538940814
135.80300164222717 29.813126487835305
137.8065173625946 29.304950511860174
139.81045055389404 29.772170081097943
141.81486320495605 30.19857168539326
143.81876015663147 29.86852248756219
145.82274436950684 30.085968795031054
147.82612776756287 29.2687756672874
149.82959175109863 30.036392428393526
151.8334310054779 29.63196340584214
153.83721899986267 29.492048469706432
155.84111905097961 30.1778278336437
157.8452877998352 30.237567243310515
159.84913802146912 30.687329177057354
161.8531219959259 30.12682420461634
163.8567099571228 29.71178752955818
165.8603949546814 30.58338964441672
167.8640115261078 29.90538646728972
169.86800146102905 30.209046612802982
171.87187695503235 30.13734736318408
173.87595462799072 29.851072478206724
175.88018941879272 29.4991788716677
177.88430285453796 30.04685702921069
179.8880169391632 30.328907496886675
181.89179158210754 30.075352409488136
183.89588069915771 29.823427546699875
185.8999354839325 29.35433149968886
187.90389943122864 29.9185895706285
189.9074673652649 29.631139526774597
191.91103601455688 29.805293158878506
193.91518998146057 29.601661906542056
195.91835355758667 29.973567662740237
197.92209458351135 29.613136188702672
199.92566514015198 29.814230348258707
201.92945313453674 29.345135375077497
203.9339530467987 30.1135006
205.93760895729065 29.480630417966314
207.94241189956665 29.869766757763976
209.94617128372192 29.84656328154133
211.9501633644104 30.48178741433022
213.95394825935364 30.35731399376947
215.9579315185547 30.469234925373133
217.96206521987915 30.091778791277257
219.9655339717865 29.87442738021158
221.96933913230896 29.92420591391142
223.97330498695374 29.92926695706285
225.97719407081604 30.08574064516129
227.98114395141602 30.007547482823238
229.98531079292297 29.855213748443337
231.98886394500732 29.763900411214955
233.9932508468628 30.059865305105856
235.99698448181152 30.269235855181027
238.0004403591156 29.963131728009984
240.00607562065125 30.118137496902108
242.00991463661194 29.212061890547265
244.0141303539276 29.922379351620947
246.01789045333862 30.207338507462687
248.02164316177368 29.92390246575343
250.02594327926636 30.516859240821407
252.02946376800537 29.969373782771534
254.0334141254425 30.217397320099256
256.03735971450806 29.62168577114428
258.0413599014282 30.052645579078458
260.0456314086914 30.281225140012445
262.04958748817444 30.115620611353712
264.05355048179626 30.14622736318408
266.05719661712646 29.73559093498452
268.06125664711 29.82059791044776
270.0647683143616 29.280402442367603
272.0691976547241 29.558902031152652
274.07329082489014 29.669568318804483
276.07753825187683 30.07905912826899
278.08146476745605 29.938214663341643
280.0855715274811 30.219560424204616
282.0888726711273 29.495919402241594
284.0927903652191 30.01302163036714
286.09647011756897 29.758322280049565
288.0999011993408 29.984450359355634
290.1037709712982 30.232886398016117
292.107492685318 29.42621779713752
294.11131501197815 29.72771547782636
296.1152505874634 29.97434345939244
298.11896228790283 29.746756503409795
300.1224431991577 29.4942488337469
302.126339673996 29.37264079950031
304.1311388015747 29.719151282689914
306.13494062423706 29.79210537071651
308.13858461380005 30.248798708876475
310.14210629463196 30.274266866416976
312.14650678634644 29.752613515868077
314.1504054069519 29.666589931634558
316.15423107147217 29.9742209073959
318.1580648422241 30.580151915159075
320.1620156764984 30.44070105655687
322.1656494140625 30.085565174129353
324.16991209983826 30.645298852867832
326.17367792129517 30.090848799999996
328.1771695613861 30.007641200000002
330.181277513504 29.911023273179836
332.1851530075073 29.852382885572137
334.1892557144165 29.968324697064336
336.19381856918335 30.08200044915783
338.19749331474304 29.80910481897628
340.20172667503357 29.904290311332502
342.2053236961365 30.031358703241896
344.2090685367584 30.27542798753894
346.2132592201233 30.014016894409938
348.2168548107147 30.22796740186916
350.22041416168213 29.815578425294483
352.2240765094757 30.328833254511512
354.22777676582336 29.34481621890547
356.23143434524536 28.971379156327544
358.2349216938019 30.024853996270977
360.238552570343 30.41515381546135
362.24211168289185 29.468269962546817
364.2461040019989 30.32246346033729
366.24967336654663 30.209062907049283
368.2533218860626 30.1821064330413
370.2578692436218 30.111366891385767
372.2615864276886 29.672115355805246
374.2650799751282 29.709536359102245
376.26887226104736 30.311581042183622
378.27240085601807 29.63706829694323
380.27611470222473 29.50287021618283
382.27976083755493 29.8116086902545
384.2835886478424 30.356396404494383
386.2874150276184 29.45746512149533
388.2909851074219 30.429880024984385
390.29487013816833 29.957772792005
392.2985656261444 29.340160599625236
394.302179813385 29.93708382608696
396.306214094162 29.694719005593534
398.31013894081116 29.808764466625075
400.3138806819916 29.828990143480972
402.3176531791687 29.983278507462686
404.3218586444855 29.87253721393035
406.3255422115326 30.316984200000004
408.3290400505066 29.845758102372034
410.3326873779297 30.25567021834061
412.3364565372467 29.54925265382225
414.3405089378357 30.252823980099503
416.3443157672882 30.158401597005614
418.3480944633484 30.15997141439206
420.3517596721649 29.938087865588052
422.3562135696411 29.764056382846487
424.36017084121704 29.882590819262038
426.3644027709961 29.75245929060361
428.36825370788574 30.07251748912368
430.37237524986267 29.996519701492534
432.37727189064026 30.159880844720497
434.3813478946686 30.249723061605476
436.3850600719452 30.00815469668543
438.38894033432007 30.315234171855543
440.39298915863037 30.35954347066167
442.3965995311737 29.69055571339564
444.400915145874 30.118367581047384
446.4046428203583 30.071738679950187
448.40894961357117 29.850224458281442
450.4121367931366 29.966828919254656
452.4159290790558 29.68329118707271
454.41970109939575 29.81775970204842
456.42322278022766 29.988425407085145
458.4271137714386 30.746331428571427
460.43065214157104 30.345007270455966
462.434184551239 30.140897178526842
464.4380588531494 30.46994844666251
466.44319224357605 29.82199712158809
468.4471802711487 29.95586173208723
470.4513430595398 29.923944149068323
472.45480608940125 29.8572087118855
474.4584758281708 29.891107196029775
476.46242570877075 30.09644119700748
478.4664988517761 30.033570547263682
480.47030091285706 30.163734597629443
482.4742012023926 29.7406143
484.4784507751465 29.784506134663342
486.48225951194763 30.18719321695761
488.48615860939026 30.163627431421446
490.4902093410492 29.8476055721393
492.4940936565399 29.794151875389407
494.49814677238464 30.078246380062307
496.5020399093628 29.137335855631612
498.5072138309479 30.65588262008734
500.51147413253784 30.058800898876402
502.5154354572296 30.107045593008742
504.5194363594055 29.786369096573207
506.522971868515 29.478750642545226
508.52677392959595 30.113743241895264
510.53115248680115 30.314799402985077
512.5347480773926 30.01922922693267
514.5384306907654 29.95878693266833
516.5425429344177 30.261483
518.5465524196625 29.883729177057354
520.5500376224518 30.22637133583021
522.5537793636322 0.13225409999999999
524.5579655170441 0.13017078651685393
526.5617256164551 0.12889224234853217
528.5652282238007 0.11373045539613226
530.5703630447388 0.1125512445278299
