1.8324527740478516 29.530785829707895
3.837991952896118 16.065355417185554
5.841852426528931 15.11203952588896
7.84550404548645 29.930595344180226
9.849421977996826 2.305761000625391
11.85310697555542 30.256121600000004
13.857033729553223 30.14942282147316
15.861098527908325 0.13819586550435867
17.8654203414917 29.93939112492231
19.869142055511475 25.418984209215438
21.873709678649902 6.7722359051186025
23.87722611427307 29.89945182608696
25.88153576850891 7.139530779787898
27.885145664215088 24.753032345215757
29.88906717300415 29.337931464174456
31.893255472183228 0.13742510930668334
33.89676117897034 30.2083397752809
35.90166878700256 27.598914257178524
37.90532302856445 4.422561897627965
39.90950345993042 29.298332925764193
41.913543462753296 8.18613313358302
43.91745185852051 23.598508296943233
45.92111349105835 29.572255442092153
47.925198554992676 0.13513514053716427
49.929120779037476 30.849158946047677
51.93234610557556 30.021144184884445
53.93661379814148 0.14030403990024937
55.94000554084778 29.94156164383562
57.94388461112976 24.090641550969355
59.94763159751892 7.521057961225766
61.95115542411804 30.10053266583229
63.955145597457886 8.400767381546133
65.95909810066223 23.422711426791277
67.964115858078 29.534672537313433
69.96832919120789 0.1368768
71.97252559661865 30.17047391521197
73.976402759552 30.181312317224286
75.98019647598267 0.13439561097256858
77.98424243927002 29.910283157240524
79.98843359947205 10.105605183800623
81.99226403236389 21.462809376558603
83.99582767486572 30.389260024968788
85.99989581108093 0.1367215
88.00409173965454 30.30690565190268
90.00802421569824 30.243496461824954
92.01244783401489 0.12383310430980637
94.01678562164307 30.077457667493796
96.02128672599792 9.487731776397515
98.02569556236267 23.285871451713398
100.02978754043579 29.79274769422001
102.03469133377075 0.13460239999999998
104.03869986534119 29.95285765586035
106.04222679138184 30.095401319228376
108.04597544670105 0.1345904
110.04994821548462 29.901838755444928
112.05371761322021 13.14795619166148
114.05771279335022 18.29864876712329
116.06159400939941 30.02905735239279
118.0655906200409 0.127984
120.06922459602356 29.67681772246422
122.07350397109985 30.066716204744072
124.0775716304779 0.1137814463840399
126.0812976360321 30.261638630989424
128.0847945213318 14.585825255292653
130.08871364593506 16.16837157763975
132.09265208244324 30.076882345601994
134.09713792800903 0.13021593008739077
136.10131239891052 31.186722099999997
138.10515785217285 29.053186890965733
140.10933184623718 0.1172869
142.1132047176361 30.679303864915575
144.11718320846558 14.867545452276982
146.12084412574768 16.816402988792028
148.124493598938 30.006833786650034
150.12878894805908 0.13127915053091818
152.1322958469391 30.06828782067248
154.13663506507874 29.72253016109046
156.14039754867554 0.1207936
158.14436745643616 29.939857733499377
160.14837622642517 19.64791406113537
162.15239906311035 12.335576054760423
164.15698790550232 30.13084542161149
166.16086864471436 0.8916134584115072
168.164710521698 30.169891361093846
170.1682529449463 29.68916978220286
172.17201972007751 0.1378035727670206
174.17588233947754 30.1570311552795
176.1795666217804 29.468336288019863
178.18358254432678 0.11235630922693267
180.18732070922852 30.452350272952856
182.19134306907654 21.7714912616532
184.19499945640564 10.253269194547707
186.19841361045837 29.78801246882793
188.20187139511108 5.939936260162602
190.2054214477539 26.270748700000002
192.20938205718994 29.89127939849624
194.2132065296173 0.1386351
196.21716618537903 30.014813449564137
198.2214639186859 30.38056174021131
200.22541069984436 0.1147482
202.2295162677765 30.20976626865672
204.23386240005493 16.447411506849317
206.2376673221588 15.15580247036806
208.241366147995 29.65471330418488
210.24531602859497 5.38417164903547
212.24910140037537 27.157471720698258
214.25271821022034 29.724304069695084
216.25971484184265 0.12073442295695572
218.26119804382324 29.650201444582812
220.26557326316833 29.671769121495327
222.26903676986694 0.1155740675844806
224.2732720375061 29.88325386236826
226.2769739627838 15.220193192546583
228.28048658370972 16.223751177570094
230.28617000579834 29.667834517133958
232.29018545150757 0.12627489096573208
234.29440903663635 30.085431620947634
236.2977364063263 29.371115165109035
238.30189394950867 0.12263045596502187
240.30654168128967 30.42003965043695
242.31056904792786 20.845493233270794
244.31466841697693 11.09073187032419
246.31868243217468 29.802945255292652
248.322514295578 1.4165440201005024
250.32750844955444 29.3948584079602
