30.16829918699187
29.696730348258704
29.94241180737961
29.528286368159208
29.515870723192023
30.335813399750933
29.997030579439254
29.598021872659174
29.967477213930348
30.253686491885144
29.82456832398754
30.110261147132167
29.580950828660434
29.592622322097377
30.001662431761787
30.651076449410304
30.344946641744546
29.604672495356038
29.840559252336448
30.01807542288557
29.885207001862195
30.578794653341664
29.585049775561096
30.601859812850908
29.67028154806492
29.690086495940037
29.921033216957603
30.16104952024922
29.962924206596142
30.465618788257338
29.88674177278402
29.995263960149437
29.561330112079702
30.312097888198757
29.677165870646764
30.024337345794393
29.764973316770188
29.782411814768462
30.192596973108195
30.20628186915888
29.433204869565216
30.483769098819142
29.797638983261006
29.854624059962525
30.037850517133958
30.399272537313433
29.98007302615193
29.914731037911746
30.07579012468828
30.05813100436681
29.47044736318408
29.765809169764562
30.399167940074907
30.362995677018635
30.1238243078833
29.245963518402995
30.490752260488417
29.708409088639197
30.750287
30.267074121325827
29.670253830845773
29.693068482972134
29.911509253731346
29.98568660459342
30.188634228855722
29.401811664580723
30.951891538940814
29.813126487835305
29.304950511860174
29.772170081097943
30.19857168539326
29.86852248756219
30.085968795031054
29.2687756672874
30.036392428393526
29.63196340584214
29.492048469706432
30.1778278336437
30.237567243310515
30.687329177057354
30.12682420461634
29.71178752955818
30.58338964441672
29.90538646728972
30.209046612802982
30.13734736318408
29.851072478206724
29.4991788716677
30.04685702921069
30.328907496886675
30.075352409488136
29.823427546699875
29.35433149968886
29.9185895706285
29.631139526774597
29.805293158878506
29.601661906542056
29.973567662740237
29.613136188702672
29.814230348258707
29.345135375077497
30.1135006
29.480630417966314
29.869766757763976
29.84656328154133
30.48178741433022
30.35731399376947
30.469234925373133
30.091778791277257
29.87442738021158
29.92420591391142
29.92926695706285
30.08574064516129
30.007547482823238
29.855213748443337
29.763900411214955
30.059865305105856
30.269235855181027
29.963131728009984
30.118137496902108
29.212061890547265
29.922379351620947
30.207338507462687
29.92390246575343
30.516859240821407
29.969373782771534
30.217397320099256
29.62168577114428
30.052645579078458
30.281225140012445
30.115620611353712
30.14622736318408
29.73559093498452
29.82059791044776
29.280402442367603
29.558902031152652
29.669568318804483
30.07905912826899
29.938214663341643
30.219560424204616
29.495919402241594
30.01302163036714
29.758322280049565
29.984450359355634
30.232886398016117
29.42621779713752
29.72771547782636
29.97434345939244
29.746756503409795
