1.1283059120178223 29.920335432482887
3.13223934173584 29.834543194530767
5.136281490325928 0.13550343106674984
7.140649795532227 22.660993631840796
9.144394397735596 29.026029285270354
11.148550748825073 0.13589513108614232
13.152349472045898 13.469770746268656
15.156648397445679 29.931814710640946
17.160274744033813 0.13546596754057427
19.164368152618408 1.92277958827199
21.168476104736328 29.546372918481644
23.172719955444336 8.941771585518103
25.176390409469604 0.13307665418227216
27.180210828781128 30.056133233458176
29.18390154838562 19.078712722741432
31.18753695487976 0.13405781386633353
33.1916606426239 30.067311408891673
35.19548225402832 28.898241594022416
37.19959259033203 0.1337891
39.203437089920044 30.47672724565757
41.20728659629822 30.018617855361597
43.2113151550293 0.13676484394506866
45.21489477157593 21.29232968184654
47.220216035842896 30.237182383031815
49.22415232658386 0.13769134291068083
51.22813534736633 9.575466267166043
53.23154282569885 29.598976
55.23567509651184 1.6888491158156913
57.239845991134644 0.1371598248905566
59.24393963813782 30.425507875776397
61.24731183052063 11.286045642946316
63.2509503364563 0.1354396510903427
65.25453519821167 30.359261729931546
67.25887131690979 23.027167149041436
69.26280570030212 0.13577063006862133
71.26664733886719 30.406026301369867
73.27031588554382 30.056205956386293
75.27404689788818 0.1320560299625468
77.27781057357788 29.86010009950249
79.28232884407043 29.744308004956633
81.28625440597534 0.1312058816199377
83.29025220870972 20.298936288916565
85.29431629180908 29.8926474
87.29773688316345 0.134549519650655
89.30148458480835 10.3817701682243
91.30545711517334 29.763167481296758
93.30928707122803 2.193038804483188
95.31355047225952 0.1106835
97.317143201828 30.537947634543176
99.3211658000946 11.588031880074952
101.32528376579285 0.11276784019975032
103.33027172088623 30.36420949068323
105.33325171470642 22.280456403235842
107.33716464042664 0.11286848560700877
109.34094405174255 30.258798197747183
111.34585881233215 30.5933243169058
113.34955072402954 0.10851835616438356
115.35376358032227 28.631281951219513
117.357581615448 29.906598099999997
119.36169958114624 0.130936494073612
121.36532068252563 18.398589027431424
123.36885070800781 28.94639950341403
125.37274289131165 0.13349967621419676
127.3765857219696 11.366545109306683
129.38088130950928 29.888495770430445
131.38476705551147 2.2441450187265914
133.38911962509155 0.12485726420986884
135.39335560798645 29.844024462399005
137.39699006080627 12.161406704049844
139.40142059326172 0.11114749844042421
141.4050748348236 29.737386069651738
143.40908312797546 22.9301637
145.4139220714569 0.13922701688555347
147.41782808303833 29.905480872274143
149.42189121246338 30.245547432854465
151.4255588054657 0.1374638
153.4302990436554 28.08657452723857
155.43341040611267 29.658390055935364
157.43723034858704 0.13253649407361198
159.44067978858948 16.67656975609756
161.4442732334137 29.294627661691543
163.44767427444458 0.13875081926203878
165.4514229297638 5.645006071205497
167.45500254631042 29.72753934283943
169.45882415771484 10.445942286071205
171.4623885154724 0.13463844708829056
173.46685791015625 29.580899090342676
175.47104930877686 22.686829113453193
177.47502875328064 0.14418665003119152
179.4786660671234 30.474758228321896
181.48263263702393 29.976465545171337
183.4862561225891 0.1325699437851343
185.48985648155212 24.088179800995025
187.493754863739 29.92114378109453
189.4970052242279 0.1401329
191.50092601776123 9.193136179775282
193.50475001335144 29.766384724116552
195.5089738368988 2.1186783520599253
197.51281905174255 0.1313314357053683
199.51667881011963 29.875520099875157
201.5206069946289 10.850052052401747
203.5246343612671 0.12851875156054932
205.52871084213257 29.004489165628893
207.53378176689148 19.081506158650843
209.53823590278625 0.12808534665833854
211.5418803691864 30.08412622665006
213.54525113105774 27.273456000000003
215.5493040084839 0.11847446038677481
217.55317282676697 30.457387065420562
219.5575921535492 29.968409330024816
221.5613718032837 0.11089746724890831
223.56543278694153 24.042523354192742
225.56980729103088 29.7852852834891
227.573016166687 0.10957506234413965
229.57680010795593 14.4607433
231.5806188583374 29.67314630136986
233.58423376083374 0.1118006
235.5876269340515 6.172193237679351
237.59109354019165 30.15846276077452
239.59511709213257 5.7846689818863215
241.5995466709137 0.11560454148471615
243.6035671234131 29.761305835411473
245.60755491256714 16.736276363636364
247.61102437973022 0.11372847880299253
249.61535215377808 29.893355130434784
251.61859917640686 24.852442915887853
253.62227725982666 0.12879990012484394
255.62662816047668 29.76064069695084
257.6296966075897 29.096642789539228
259.6336991786957 0.12609347473487212
261.6376848220825 27.49806981908921
263.64120078086853 29.707502974486623
265.6452672481537 0.12943123287671232
267.64959478378296 16.557884059405943
269.6526653766632 30.55973739238927
271.6579370498657 0.12948434456928837
273.66155529022217 5.367627732667083
275.6655521392822 30.21136
277.66903924942017 7.25858435433562
279.67331886291504 0.11299752963194011
281.67731833457947 29.850028396756084
283.6818857192993 17.2994033915212
285.6856737136841 0.11743122194513717
287.6891565322876 29.89234563591022
289.69307041168213 29.07670827199002
291.69688534736633 0.11684309999999999
293.70091128349304 30.962449806612604
295.704496383667 30.06440532669571
297.7095694541931 0.13701213483146069
299.71247839927673 21.471393642052565
301.7167601585388 29.718542753894077
303.7209839820862 0.1293214
305.724680185318 12.712361826141338
307.72831106185913 29.313716254681648
309.7324764728546 0.12695749687108884
311.7361273765564 0.3820682073703935
313.7402665615082 29.96412413449564
315.7442739009857 12.107797379912663
317.7482829093933 0.11599810473815463
319.7522876262665 29.6236413724267
321.75647735595703 22.210716306924517
323.75996947288513 0.1176687
325.76378536224365 30.591290006222778
327.7671813964844 30.36277847110006
329.77101373672485 0.1089973466833542
331.77504420280457 29.782142383031818
333.7788393497467 29.995704906600253
335.78289794921875 0.1303082294264339
337.787850856781 21.31580267667292
339.7918162345886 29.839805614906833
341.7956233024597 0.12302531835205993
343.79944348335266 11.337175995009357
345.80336594581604 30.049008747663553
347.80711817741394 1.044369107922645
349.81105303764343 0.10721276012461059
351.815064907074 29.890940086902546
353.8192825317383 12.884825902864257
355.8232944011688 0.13378197253433208
357.82699513435364 29.726718306351184
359.8306441307068 26.36994536828964
361.83467984199524 0.11411422138836771
363.838449716568 30.150504968789015
365.8422508239746 30.098168557213928
367.8471841812134 0.11139359501557633
369.85115242004395 25.635757412935323
371.8558819293976 30.457520449157826
373.85887455940247 0.12914933667083855
375.8629686832428 14.833314278575891
377.8670907020569 29.41539168218498
379.8706865310669 0.126717507788162
381.87456369400024 5.872311830635119
383.87876987457275 30.404280099999998
385.88251852989197 5.325796408977556
387.88633370399475 0.1340606363069245
389.8899383544922 29.80407985083903
391.8938910961151 17.15658862476665
393.8975119590759 0.12913917602996253
395.90085792541504 29.694952366790584
397.9047567844391 27.041691641791044
399.90909910202026 0.11629293383270912
401.9132068157196 29.82572879750779
403.91701316833496 29.887922551594748
405.92118310928345 0.11257899065420561
407.92457127571106 25.20413474734872
409.9281725883484 29.1436244
411.93242955207825 0.12348154806491884
413.93579268455505 15.8579046
415.94002628326416 30.205633192546582
417.9437654018402 0.12456319600499377
419.94751954078674 4.110456558603491
421.9515116214752 30.287697367436056
423.95519161224365 7.7567811764705885
425.9589858055115 0.10991001248439451
427.9628908634186 30.172648389513107
429.96671438217163 17.356685429638855
431.97178745269775 0.10893271935283136
433.97550892829895 30.019031815346224
435.979523897171 27.185997539234148
437.9829304218292 0.11679371962616822
439.98684525489807 29.714537669781933
441.9905788898468 29.969118303181535
443.99422311782837 0.11336234560199625
445.9980227947235 26.1607976985616
448.0019450187683 29.661814161490685
450.00558733940125 0.12078076012461059
452.0096299648285 15.082686741573035
454.01316928863525 29.829752014971927
456.016743183136 0.12219241895261845
458.02160143852234 6.376200399002493
460.02537870407104 30.399223368551898
462.0305380821228 5.812578530510586
464.03393721580505 0.11056830519074422
466.03823614120483 30.0238852
468.04212164878845 15.854681269446171
470.0463662147522 0.11114114713216958
472.05010986328125 29.39551132169576
474.0541808605194 26.565559249061327
476.05842638015747 0.11817525953721077
478.06213331222534 30.378146741713568
480.0652611255646 29.948536735459662
482.0695757865906 0.11470268918073796
484.0735239982605 26.367710542732375
486.0774383544922 30.166135885643257
488.08085894584656 0.11797802746566792
490.0848274230957 15.30364276291226
492.08903908729553 30.263435118306354
494.09273409843445 0.1280602
496.09758615493774 6.145067431421446
498.1013762950897 30.03469791044776
500.1060094833374 5.407916352279825
502.10974383354187 0.1072576199376947
504.11373472213745 30.0335043186061
506.1178102493286 15.99889427323768
508.1214578151703 0.136991480324797
510.1258280277252 29.52715883446993
512.1290094852448 28.413552729544033
514.132486820221 0.14099742338961851
516.1364529132843 30.346801851156975
518.1402132511139 29.596977203231823
520.1439528465271 0.13558828660436137
522.1484603881836 16.908116062695925
524.1519532203674 29.257010700000002
526.1557991504669 0.11978164588528678
528.160530090332 5.19650896466212
530.1646263599396 29.463248268156423
532.1681733131409 6.600323597751405
534.1720643043518 0.1399889138576779
536.1762750148773 29.879851947728685
538.1796233654022 21.16253232109521
540.1833009719849 0.138082
542.1872770786285 29.812260062539085
544.1912724971771 29.96713994987469
546.1951253414154 0.13576863381160326
548.1988546848297 24.06172923459863
550.2028801441193 29.83463386915888
552.2065227031708 0.13570178638351033
554.2104339599609 8.276048908296943
556.2142686843872 29.870976579275904
558.217782497406 8.022950356027483
560.2227337360382 0.13624567870485677
562.2266037464142 29.46210947890819
564.2307984828949 21.407778238600876
566.2366836071014 0.12745552089831566
568.240532875061 29.79874455396132
570.2445266246796 29.316745402370554
572.2483952045441 0.1167699
574.2535791397095 31.346805831775704
576.2579140663147 30.37416573923893
578.2620024681091 0.11016627646326276
580.2657372951508 20.578173083645442
582.269544839859 30.23825657927591
584.2732961177826 0.11320564647095566
586.2770700454712 12.184871699999999
588.2809658050537 29.941456627255757
590.2847883701324 0.12550774233896186
592.2897403240204 2.718052785046729
594.2937529087067 29.8388397
596.297905921936 9.431826741433023
598.3020613193512 0.13110631710362047
600.3059289455414 30.188737278402
602.3099801540375 20.171503252336446
604.3144853115082 0.13146966292134832
606.3186438083649 30.100343865755125
608.32182264328 30.499975790784557
610.3261835575104 0.13134051217988757
612.3297278881073 30.440185572139306
614.3339278697968 30.230948571428574
616.3379282951355 0.13187494367959948
618.3416557312012 21.786648104412677
620.3452892303467 30.317957
622.3496558666229 0.125332734082397
624.3543598651886 14.297368134747348
626.3582293987274 29.65185493201483
628.3615589141846 0.12782951965065503
630.3656244277954 5.47820608478803
632.3692944049835 30.144289975062343
634.3733239173889 11.56887402241594
636.3767373561859 0.13684351840299439
638.3812544345856 30.159765992509364
640.3847651481628 22.2739811
642.3888323307037 0.11250231394621638
644.393123626709 29.745527327102806
646.3964757919312 29.72509589584625
648.4005155563354 0.11101326683291772
650.4042711257935 29.292541469489414
652.4084448814392 30.00276736318408
654.4118521213531 0.1267408130081301
656.4166131019592 18.496046807453418
658.4206447601318 29.87762461538462
660.4245731830597 0.13988130000000001
662.4282450675964 4.338782322097378
664.4321939945221 30.214360049813198
666.4361062049866 9.516519175515302
668.4395599365234 0.1124775939849624
670.4436342716217 29.762661084112153
672.4519233703613 18.933947063197028
674.4557583332062 0.10779537210756722
676.4597153663635 30.23901862026103
678.4633166790009 29.02999701120797
680.4670701026917 0.11492722951844904
682.470715045929 31.34648268656716
684.4753270149231 30.424997037958928
686.4787306785583 0.1207154
688.4822962284088 22.37868935323383
690.4866936206818 29.904959701678063
692.4905261993408 0.12783330836454432
694.4944767951965 12.267211350342253
696.4979765415192 29.781959504950496
698.5015320777893 0.12657250781738588
700.5054631233215 2.2443435000000003
702.5092494487762 30.151641876172608
704.5133695602417 9.28538383510306
706.5166807174683 0.1202346
708.5207245349884 29.632259227895393
710.5247330665588 18.06657894080997
712.5282447338104 0.13656378109452735
714.5320575237274 29.475724206596144
716.5354721546173 29.209047770859275
718.5389332771301 0.11287470000000001
720.5434942245483 30.819049787765294
722.547060251236 30.48438086741016
724.551239490509 0.11413313395638629
726.5551702976227 22.392007766023646
728.5589277744293 30.151012256059662
730.5631015300751 0.1275529588014981
732.5669729709625 12.871020336868371
734.5706477165222 30.28649731752963
736.57457447052 0.129246783042394
738.5781638622284 6.244296658354115
740.5821707248688 30.001816482287136
742.58575963974 5.799882666666667
744.5894389152527 0.1274134001252348
746.5929179191589 30.073083454317896
748.5966506004333 15.025891717676451
750.6004555225372 0.11465807740324593
752.6050138473511 29.853662560899437
754.6085224151611 25.187497800000003
756.6129593849182 0.1199629
758.6167109012604 29.946414364089772
760.6213405132294 30.386566865671643
762.6250343322754 0.11265663760896638
764.6290466785431 27.429440900562852
766.6340119838715 29.92143790131168
768.6361789703369 0.11864255159474671
770.6403396129608 16.715425876481596
772.6443767547607 30.760654881398253
774.6490068435669 0.15204568578553615
776.6523303985596 8.003482341220423
778.6560842990875 29.770483538940812
780.6596658229828 7.457966783042394
782.6638135910034 0.14974868585732165
784.6683077812195 30.115812850904554
786.6727862358093 20.44298903185509
788.6762800216675 0.11105299188007495
790.6800849437714 30.2517869
792.6840667724609 28.988339387882572
794.6881840229034 0.10828262336039976
796.6924965381622 31.507206096189883
798.69597697258 29.772835489096572
800.7001781463623 0.13970721701063166
802.7038536071777 20.52835895392279
804.7074897289276 29.848421573033708
806.7115097045898 0.13627864831038797
808.7155804634094 9.456457428214732
810.7196776866913 30.100966188396754
812.723518371582 0.6140114285714285
814.7276566028595 0.10827619999999999
816.7333500385284 30.087923647720178
818.7370533943176 9.879790393013101
820.7405865192413 0.12285055520898315
822.7442944049835 29.5013872319202
824.7483975887299 18.602598924327705
826.7520473003387 0.134883391521197
828.7558615207672 30.480161795511222
830.7606554031372 30.002818507462685
832.7644305229187 0.14010896379525595
834.7682130336761 29.896140024968787
836.771731376648 29.2207780411728
838.7758440971375 0.11556966895690193
840.779788017273 15.168536652146859
842.7835347652435 29.721027122436293
844.7872455120087 0.12873590031152649
846.7908041477203 5.256799900311526
848.7952988147736 29.83006844333748
850.7996232509613 5.215420823970037
852.8036594390869 0.12733779713752333
854.8075885772705 29.933209739130433
856.8116784095764 14.247746550435867
858.8157138824463 0.11016285535378836
860.819906949997 30.56648335209506
862.8236727714539 22.726325153220763
864.8280899524689 0.11222039800995025
866.8317465782166 30.163177725295213
868.8353760242462 30.37150002496879
870.8398907184601 0.13823280898876406
872.8438775539398 25.421265463596765
874.8476994037628 30.40614159950403
876.8515338897705 0.13837811367895064
878.8560729026794 13.83855780137414
880.8599028587341 30.44169629906542
882.8638834953308 2.9180865958775764
884.8675246238708 0.1364608880550344
886.8748979568481 30.43435733996271
888.8786809444427 13.317145651902681
890.8823544979095 0.13676712054965645
892.8866453170776 29.971975146600126
894.8902416229248 25.005621525108495
896.8942930698395 0.1520191
898.8980579376221 30.031820448877806
900.9021301269531 29.743417192763566
902.9061896800995 0.10883725343320849
904.9099414348602 23.196799202492212
906.914393901825 29.995316770186335
908.9181549549103 0.1255877923702314
910.9228539466858 13.146324273291926
912.9266748428345 30.16768379525593
914.9305276870728 0.12259154086088583
916.9342677593231 3.9214593120700436
918.93816447258 29.72359199502797
920.9420809745789 6.852622144638404
922.9456417560577 0.11232280175109442
924.9492859840393 29.973402417445485
926.9528696537018 14.860594843554441
928.9561829566956 0.11375529706066291
930.9600126743317 29.990835848353015
932.9634120464325 23.896300324594257
934.966730594635 0.11876289999999999
936.970454454422 29.799286046221113
938.9743344783783 29.194279750933998
940.9782180786133 0.12919790523690775
942.9827761650085 26.982636612702365
944.9868454933167 29.695927462686566
946.9906568527222 0.12666036092097074
948.9947004318237 17.126486919726197
950.9986734390259 29.727965771144277
953.0021891593933 0.12699049282595135
955.0059661865234 7.459090940809969
957.0098578929901 29.96120219178082
959.0133211612701 8.985317176764521
961.0171594619751 0.1359356608478803
963.0212190151215 29.90734454203262
965.0248675346375 21.841979214953273
967.029625415802 0.1175587515605493
969.0336525440216 30.50835932457786
971.037451505661 30.342432359550564
973.0410315990448 0.11925093632958801
975.0460622310638 28.2480309
977.0501852035522 29.856554460386775
979.054012298584 0.12496169470404983
981.0579643249512 17.188791494684178
983.061772108078 29.98492417910448
985.0658330917358 0.09472717757009345
987.0698430538177 2.2650412
989.0736379623413 30.4077168924798
991.0775327682495 11.5441547
993.0845494270325 0.13450533416614616
995.0855913162231 29.941301799999998
997.0894303321838 25.543110467872737
999.0931508541107 0.13454741573033707
1001.0971839427948 29.853598301061833
1003.100667476654 29.908841271028034
1005.1045770645142 0.1367422277847309
1007.1092524528503 21.223539738317758
1009.1128206253052 30.260632786474638
1011.1168789863586 0.12603990024937656
1013.120668888092 7.0559170074812965
1015.1242392063141 29.86973045539613
1017.1279697418213 6.445911799999999
1019.1316294670105 0.11126914321450906
1021.1353621482849 30.534515827607745
1023.1394181251526 17.03477861682243
1025.143588066101 0.10998811485642945
1027.1469159126282 30.9406727386151
1029.150450706482 28.490985102932004
1031.1543118953705 0.11298706319702602
1033.158087015152 30.050830630855714
1035.1621298789978 29.99656084840923
1037.16601729393 0.11427275905118602
1039.1712374687195 22.748101772784022
1041.1749918460846 30.136478606098322
1043.1792678833008 0.12798484735202492
1045.182975769043 11.522712229140723
1047.1867845058441 30.119503152647976
1049.1904821395874 0.13647180512179888
1051.194458246231 0.38677867995018683
1053.198510169983 29.69658936959209
1055.2021689414978 11.757230630855716
1057.2064752578735 0.13419757953836556
1059.210256576538 29.91081474470735
1061.2141172885895 24.14064278953923
1063.218045949936 0.13513324172392255
1065.2219586372375 29.881410130678283
1067.2256648540497 30.340883534536406
1069.2297728061676 0.13871261384903305
1071.2341921329498 22.253080025046962
1073.2387659549713 29.801821845386534
1075.24276304245 0.11986872817955112
1077.2463824748993 10.635465404732255
1079.250380039215 29.947449999999996
1081.2546217441559 1.8200587265917605
1083.2581343650818 0.10777615960099751
1085.262045621872 29.690702942643394
1087.2665433883667 16.5952166687461
1089.2708864212036 0.1337171732332708
1091.274670600891 30.60622332084894
1093.278638124466 29.853485941578622
1095.2829880714417 0.13864244541484716
1097.2867186069489 30.269002136645963
1099.2904407978058 29.908478109452734
1101.294111251831 0.13587735330836453
1103.2981717586517 20.31500169154229
1105.3024544715881 29.76969613947696
1107.3063037395477 0.12322828232354778
1109.3100366592407 6.2849064004990645
1111.3142042160034 30.354253549190535
1113.3182845115662 4.3987309
1115.321962594986 0.11029240174672489
1117.3252627849579 30.83737565978737
1119.329644203186 14.911258926342072
1121.3333523273468 0.13482832917705737
1123.3373711109161 30.014738175046556
1125.3409442901611 29.8443195
1127.3451404571533 0.13523392120075048
1129.3485317230225 31.6435806
1131.352322101593 29.920741230577995
1133.3562874794006 0.12499158026233605
1135.359964132309 20.394284915782908
1137.3640167713165 30.17960528678304
1139.368002653122 0.12089780000000001
1141.3718476295471 11.102852121966396
1143.3754646778107 29.97622473815461
1145.3789887428284 1.207472906036092
1147.383264541626 0.11032981931464174
1149.3867537975311 29.836061883967563
1151.390942811966 11.266822479750779
1153.3947455883026 0.12497046728971963
1155.39826130867 29.882639105590066
1157.402671098709 22.130518135487883
1159.406400680542 0.11423601246105919
1161.410278558731 30.016346534161492
1163.4145395755768 30.02139708047411
1165.4182434082031 0.1111640572495333
1167.4218599796295 30.177229290161893
1169.4269137382507 29.20713855361596
1171.430736064911 0.11549469999999999
1173.4344866275787 19.163802946317105
1175.4385027885437 30.033626169154225
1177.4421083927155 0.11174959551960173
1179.4455227851868 10.907153587024329
1181.449468612671 29.4267717
1183.453381061554 1.2321154114713218
1185.457106590271 0.1103523595505618
1187.4605898857117 30.214893791380387
1189.4649775028229 13.325754506866417
1191.4687955379486 0.13793667915106117
1193.4724552631378 29.96248099378882
1195.476351737976 28.277595302935666
1197.4801836013794 0.13820656269494697
1199.4847435951233 30.891478256537987
1201.4887459278107 29.633918112973305
1203.4927105903625 0.13354660012476607
1205.4969704151154 21.133074812967582
1207.500538110733 29.81741225202745
1209.5044503211975 0.1346855860349127
1211.508303642273 9.371806357947435
1213.5116806030273 30.107588813982524
1215.515753030777 5.2723976029962545
1217.519446849823 0.13685303314571606
1219.5236010551453 30.197953058676653
1221.5273320674896 15.012723690773067
1223.5310282707214 0.10952134747348721
1225.5351269245148 30.386859612742036
1227.5387525558472 25.007551441048037
1229.542798280716 0.1480894440974391
1231.5469951629639 30.175782635852595
1233.550728559494 30.02149671641791
1235.5549485683441 0.13874355583281348
1237.5589878559113 23.512589594510295
1239.5626027584076 29.967044676616915
1241.5670547485352 0.12817655860349128
1243.57079911232 12.320200672897197
1245.5756692886353 30.34983319677219
1247.578794002533 0.12438583541147133
1249.5826721191406 1.43487
1251.5866341590881 30.14914573566085
1253.5904867649078 11.895116752029981
1255.5945510864258 0.12573831355402873
1257.5984745025635 30.0567297
1259.6021265983582 22.028537492202123
1261.6064414978027 0.11821991255465333
1263.6105091571808 29.858489875311722
1265.6144342422485 30.371054663341646
1267.6179854869843 0.12104954403497814
1269.6218667030334 27.886634806491884
1271.625427722931 30.084155732009926
1273.6294662952423 0.13035975031210986
1275.6335592269897 15.919622153080274
1277.636850118637 30.223760945861855
1279.641346693039 0.13071382316313823
1281.6451623439789 7.451463235477826
1283.6490581035614 29.84806936993138
1285.652659893036 5.275179975093399
1287.6562378406525 0.11248640801001253
1289.6600532531738 29.80270928039702
1291.6641821861267 14.064710447761195
1293.669067621231 0.13144050000000002
1295.6730756759644 29.417344897196262
1297.6765155792236 23.344829806853582
1299.6808524131775 0.11942998748435543
1301.684692621231 29.829328089607966
1303.6884973049164 29.892530814170293
1305.6923830509186 0.11622844277673545
1307.6960096359253 27.106460909657322
1309.7003064155579 29.93084437810945
1311.7043769359589 0.1255152119700748
1313.712361574173 15.400933399750935
1315.715885400772 30.15340114570361
1317.7198014259338 0.12668953807740324
1319.7234597206116 4.14015950062422
1321.726937532425 30.80688759051186
1323.731582403183 6.7742667331670825
1325.7354717254639 0.12265853841349156
1327.739054441452 30.04865993800372
1329.743247270584 16.633275334987594
1331.7473378181458 0.1148230711610487
1333.7504031658173 30.49695113876789
1335.7550330162048 25.08952664188352
1337.7587854862213 0.11401957553058677
1339.7627017498016 30.364811200000002
1341.7664902210236 29.719458560794042
1343.7707061767578 0.13536069781931462
1345.7747502326965 24.186603383084577
1347.7780828475952 29.72993976294448
1349.7814972400665 0.15504679999999998
1351.7854959964752 9.246711915159077
1353.7889738082886 29.52891947728687
1355.79314494133 4.764538726591761
1357.7969682216644 0.11009946350592639
1359.8006765842438 30.1271645
1361.8047330379486 16.348676087227414
1363.8086709976196 0.11374531835205992
1365.8128004074097 29.93381399875234
1367.8163995742798 28.115473333333334
1369.820360660553 0.11089479075577764
1371.8241991996765 30.27977444097439
1373.8272264003754 30.108021160324395
1375.8310866355896 0.1171619
1377.834647655487 24.515406529080675
1379.8386988639832 29.96588114570361
1381.8428206443787 0.12871311720698253
1383.84650182724 13.581333300062385
1385.8506774902344 30.202631885500935
1387.8548665046692 0.1265877094972067
1389.8584532737732 4.884335750778816
1391.8622682094574 29.83135533498759
1393.8663790225983 6.141059812850905
1395.8699400424957 0.11206216114928169
1397.8740124702454 30.669728260325407
1399.8774399757385 15.594287481296758
1401.8807435035706 0.1092848816936488
1403.884474515915 29.964329032258064
1405.8884391784668 26.28245812771234
1407.8920240402222 0.10835594275046671
1409.8958070278168 30.272897622027532
1411.8993964195251 29.340836435643563
1413.903157711029 0.14124515644555694
1415.9072155952454 18.202985402370555
1417.910974740982 29.988097971375232
1419.9148523807526 0.13534128830519074
1421.9198985099792 4.066088233106013
1423.923174381256 29.41882059701493
1425.9271309375763 9.463326879299562
1427.9310817718506 0.13766306351183064
1429.9354956150055 30.40673377417342
1431.9389204978943 23.100852236760126
1433.9429404735565 0.1395358
1435.9463195800781 29.571939987538943
1437.950178861618 30.154029248913716
1439.9545621871948 0.1302265252651279
1441.9588956832886 26.589686284289275
1443.963177204132 30.365988100000003
1445.9673156738281 0.1330065418227216
1447.9711792469025 18.06802523690773
1449.9754712581635 29.961548094645078
1451.9794657230377 0.1329866168224299
1453.983250617981 6.371219251870325
1455.9878344535828 29.82018831152648
1457.9920854568481 6.117633778888195
1459.9956576824188 0.1315949468417761
1461.9995002746582 29.67497095890411
1464.003273487091 15.22369164903547
1466.0067014694214 0.13261948717948718
1468.01043343544 29.868129173399627
1470.01429271698 27.310437183800623
1472.0182890892029 0.1387011
1474.0233359336853 29.721785908529046
1476.0259244441986 30.897524993757802
1478.0295758247375 0.13782861423220974
1480.0333032608032 19.303064224299067
1482.0372774600983 29.901144308841843
1484.0417783260345 0.13344667496886675
1486.0454711914062 4.58793803237858
1488.0494260787964 29.498192370231397
1490.0537061691284 9.653470310559007
1492.0569684505463 0.13516215269086357
1494.0609593391418 29.988177443609022
1496.06454372406 20.003280549656466
1498.0680589675903 0.1383656
1500.071520805359 30.322165593008737
1502.0754222869873 29.70835696108709
1504.0789380073547 0.13809237679351216
1506.0827865600586 30.23045409571162
1508.0867443084717 30.178382643391522
1510.0904505252838 0.12907163023110557
1512.0948190689087 20.076581772784017
1514.0986280441284 30.01127617628802
1516.1027653217316 0.1355851186017478
1518.1064043045044 9.252701276595744
1520.1102249622345 30.0724083
1522.115355014801 2.185782189054726
1524.1189787387848 0.1144988
1526.1232197284698 29.434274392523363
1528.1269445419312 10.897628229426434
1530.130454301834 0.13059547782635852
1532.1343312263489 29.887897520249222
1534.1382105350494 20.13111303482587
1536.1426463127136 0.12906330630068621
1538.146299123764 29.587040399500626
1540.1505057811737 29.18595042883779
1542.1544814109802 0.11375151590767311
1544.1583695411682 31.20773200745805
1546.1622560024261 29.356247777089784
1548.166665315628 0.13079146600124766
1550.1702437400818 21.001033411764706
1552.1736266613007 30.391961890547265
1554.1780631542206 0.138281847690387
1556.1828651428223 11.367538782608696
1558.1866264343262 29.76640277056277
1560.1903312206268 3.1882540648379054
1562.1941740512848 0.13592
1564.1977384090424 29.73422714819427
1566.2015707492828 17.841233874767514
1568.204908132553 0.134716608478803
1570.208734512329 29.637823009287928
1572.2123839855194 27.67511715533375
1574.2166562080383 0.13626362953692114
1576.2207901477814 29.680632948479207
1578.224491596222 29.574952054965646
1580.2283947467804 0.1526829463171036
1582.2321202754974 21.73141552647975
1584.2357196807861 30.518953586078307
1586.2394046783447 0.13667607745159277
1588.2429983615875 9.538724199999999
1590.247635126114 29.710421654135338
1592.2513892650604 6.415307332916926
1594.2547314167023 0.1365236182158453
1596.2586317062378 30.052224672435106
1598.2621545791626 18.689904709556526
1600.2662661075592 0.13446625858838226
1602.2697570323944 30.177123385189798
1604.2734138965607 30.600481993769467
1606.276752948761 0.13566450000000002
1608.2803046703339 30.073890890965732
1610.2841486930847 29.708263277258567
1612.2880184650421 0.12900242651657287
1614.2917776107788 19.47855909887359
1616.2956802845001 29.803783605739238
1618.2997870445251 0.1332128419737664
1620.3036444187164 10.526238704049844
1622.3080677986145 29.7408811
1624.3118906021118 2.2272314606741572
1626.3163368701935 0.1300819
1628.3200821876526 29.902567590511858
1630.3245072364807 10.357314150591163
1632.3283746242523 0.1378466082603254
1634.3324871063232 29.836514956304622
1636.3396127223969 25.951751354037267
1638.3440096378326 0.1363116052467208
1640.3476014137268 29.735121788819875
1642.3515701293945 30.95470597370069
1644.3555767536163 0.13065053025577042
1646.3591301441193 23.6167365
1648.362643480301 29.65212136901058
1650.366415977478 0.13711052959501557
1652.370076417923 11.443970718301061
1654.3741464614868 29.96829540759179
1656.3787109851837 2.3001413233458177
1658.3828282356262 0.1094011970074813
1660.3868279457092 29.894981917808217
1662.3908457756042 12.785299164067373
1664.3949053287506 0.1354374484052533
1666.3986024856567 30.00488989434431
1668.4023728370667 23.864709712858925
1670.40696144104 0.13005662921348315
1672.4106311798096 29.65996945726762
1674.4142735004425 29.98820004968944
1676.4187550544739 0.13435212991880074
1678.4223375320435 30.324514912718204
1680.4262816905975 28.937428841843087
1682.4304020404816 0.11693744229569557
1684.4341759681702 19.324045899191038
1686.438181400299 29.85110067247821
1688.4420070648193 0.25800913287585775
1690.4471561908722 4.47550013724267
1692.450845003128 30.901427423580785
1694.4549612998962 11.805896263190565
1696.458655834198 0.13473445482866045
1698.4623153209686 29.84044443343653
1700.4662854671478 23.273078166047085
1702.4701068401337 0.13669206745783885
1704.4753193855286 29.53073450031037
1706.4774858951569 29.710461369863012
1708.4810750484467 0.13894408010012516
1710.48508477211 23.248114871794872
1712.4885458946228 29.85967800249688
1714.492182970047 0.1377032
1716.495786190033 9.1489894
1718.4993391036987 29.80035060436137
1720.5032160282135 3.1841564089775556
1722.5079658031464 0.1352134747348721
1724.5120062828064 29.895863766314477
1726.5159769058228 13.666404691203994
1728.5196826457977 0.1372057464084947
1730.523875951767 29.74437623514697
1732.5278146266937 24.008150523690773
1734.5309987068176 0.11157702871410737
1736.5347933769226 30.179450586766542
1738.538407087326 30.1748736
1740.5427141189575 0.13571700748129675
1742.547064781189 25.431830933997507
1744.550637960434 29.839203985056038
1746.5542843341827 0.13639575265459086
1748.5581941604614 13.607289131513648
1750.5631268024445 29.94763970074813
1752.566731452942 3.223415491905355
1754.5707783699036 0.13608724547158027
1756.5744121074677 30.234535730337083
1758.5784685611725 17.139331852776042
1760.5822808742523 0.1385324172392255
1762.5858211517334 29.787643023110554
1764.5896255970001 27.9404347977598
1766.5933587551117 0.13563815230961299
1768.5971839427948 30.095157465838508
1770.6010665893555 29.760569775561095
1772.6049427986145 0.13817494066208622
1774.6090342998505 21.026680497512437
1776.612679719925 30.029880449438203
1778.6165792942047 0.14309393146417446
1780.6202647686005 9.301242028804008
1782.6247220039368 30.348118606965173
1784.6287941932678 8.434808988764045
1786.6326587200165 0.1396074812967581
1788.6364862918854 29.82929870646766
1790.64031624794 20.6960094235589
1792.6442868709564 0.151522598376015
1794.6488268375397 29.282249446861403
1796.652040719986 30.593010704928258
1798.6558322906494 0.09525216739537788
1800.6596863269806 28.2731590268247
1802.663293838501 30.097714443053817
1804.667316198349 0.1378025733916302
1806.670883178711 17.789464384759526
1808.6751618385315 29.609089794392524
1810.6787221431732 0.12642001250781737
1812.6826050281525 6.093022743142145
1814.68647813797 30.003894897067994
1816.6902194023132 6.016465037406483
1818.6942200660706 0.10977646912039925
1820.697702884674 29.81401998753894
1822.7018420696259 18.260032938240798
1824.705759525299 0.10862521847690386
1826.7094368934631 29.77008079552517
1828.7131371498108 26.99673238451935
1830.7176234722137 0.10811532792004996
1832.7214307785034 30.067761895261846
1834.7256095409393 29.64665205479452
1836.729232788086 0.11254637554585153
1838.7334802150726 24.563504239401496
1840.7368440628052 29.80133642946317
1842.740723848343 0.13608005003126955
1844.745199918747 16.655185109306682
1846.7500195503235 30.149160874453468
1848.7541494369507 0.14085343320848936
1850.7577531337738 1.1704093
1852.7613542079926 30.042561795511226
1854.7657918930054 8.71147669770329
1856.7696702480316 0.13664209345794393
1858.7731039524078 29.862806330218067
1860.7774753570557 17.395837308411217
1862.7814927101135 0.10826444306160547
1864.7852318286896 30.04201885286783
1866.789511680603 28.115542657517157
1868.793405532837 0.13915186991869918
1870.7974927425385 29.681677081014225
1872.8010649681091 29.809302871473353
1874.8052473068237 0.108179
1876.8088462352753 21.125832454715805
1878.813843011856 29.810275400870108
1880.8177380561829 0.12585044347282948
1882.8217725753784 12.63095620947631
1884.8256561756134 30.617719750933997
1886.8293616771698 0.1306750561797753
1888.8329768180847 3.105250344395742
1890.8369801044464 29.940921269446175
1892.840925693512 7.533350312109863
1894.844532251358 0.11047670822942643
1896.8480396270752 30.047921001251567
1898.8517079353333 15.660499762944479
1900.8555476665497 0.11516002498438477
1902.8590261936188 30.203890631644775
1904.863403558731 25.48325057871811
1906.8675637245178 0.11227546699875467
1908.870922088623 30.234545391304344
1910.8748428821564 30.367187960199004
1912.879626750946 0.1307419411396368
1914.8834538459778 0.1153103620474407
1916.8870689868927 0.11832424734540911
1918.8902864456177 0.11420337711069417
1920.8941369056702 0.1180023
1922.897688627243 0.1151455021834061
1924.9017672538757 0.1320432540675845
1926.9051926136017 0.1309908
1928.9094955921173 0.11553338327091137
1930.9133040904999 0.1369650936329588
1932.9173855781555 0.13426473815461348
1934.9212582111359 0.13600938826466916
1936.9249122142792 0.15230071205496565
1938.9291512966156 0.13609358302122346
1940.9329335689545 0.13831305434103686
1942.9374203681946 0.13634733167082294
1944.9420363903046 0.13572886945658963
1946.9458746910095 0.12965243445692884
1948.9497005939484 0.10886148471615721
1950.953635931015 0.1316509
1952.95769405365 0.12928918851435706
1954.9613745212555 0.1113047
1956.965194940567 0.137754506866417
1958.9691317081451 0.13075158026233602
1960.9731407165527 0.1185151
1962.9770150184631 0.13524627108057463
1964.981119632721 0.13499902560899438
1966.9848456382751 0.13509263289555973
1968.9882271289825 0.13624664584634602
1970.9923486709595 0.1329953778888195
1972.996442079544 0.11267375780274656
1975.0004198551178 0.13062302122347066
1977.0040724277496 0.1309973599003736
1979.0083796977997 0.11068460000000001
1981.0123264789581 0.12706056144728634
1983.0161519050598 0.12966635852592132
1985.0202391147614 0.12903656074766356
1987.0242483615875 0.11684561447286339
1989.027722120285 0.13145751715533374
1991.0321135520935 0.13005573033707865
1993.0357797145844 0.1161166355140187
1995.0395753383636 0.13291955056179774
1997.0433819293976 0.13052760124610593
1999.0474667549133 0.11067145171339562
2001.051231622696 0.13366236102435977
2003.0555038452148 0.12815561097256858
2005.059651374817 0.11043120000000001
2007.063390493393 0.14877790000000002
2009.0671164989471 0.13129765586034914
2011.0713930130005 0.12266885572139302
2013.0752313137054 0.13068634723086495
2015.0794620513916 0.12845127182044888
2017.0835926532745 0.11363461346633416
2019.0872087478638 0.1301154114713217
2021.091426372528 0.12899353711790393
2023.0953707695007 0.11383527069072806
2025.0992155075073 0.13203543356207112
2027.1028196811676 0.13026445414847163
2029.106980085373 0.10934219999999999
2031.1107938289642 0.1271847476635514
2033.1147108078003 0.1341915907673113
2035.1190657615662 0.13471660636306923
2037.1228239536285 0.1176718
2039.1261053085327 0.13067605493133583
2041.1316242218018 0.13421261978842564
2043.1357197761536 0.11955967520299812
2045.139638185501 0.13325354959451027
2047.1439146995544 0.132734
2049.1477904319763 0.11602535246412976
2051.1516926288605 0.1326641697877653
2053.155492544174 0.1312068785046729
2055.160399198532 0.11275677298311444
2057.164474964142 0.13100724094881397
2059.168473005295 0.1399127454659162
2061.172277212143 0.3526001751094434
2063.175746202469 0.1532240951784596
2065.1795258522034 0.13573913696060036
2067.1834547519684 0.13731622263914947
2069.1872296333313 0.14124307692307692
2071.191239833832 0.1539737663960025
2073.1947700977325 0.1374476047529706
2075.1991641521454 0.1476109
2077.203016281128 0.15414372034956303
2079.20641207695 0.134827066916823
2081.210119485855 0.13917121798875703
2083.213760137558 0.13538658338538415
2085.217788219452 0.1530074296435272
2087.221390724182 0.13869454772301934
2089.225259780884 0.14382900687070582
2091.2288835048676 0.1396947815230961
2093.232611179352 0.13843275905118602
2095.2361092567444 0.13806281074328547
2097.2397577762604 0.15421283395755306
2099.2431042194366 0.13937531914893617
2101.2466254234314 0.1393814133833646
2103.250285387039 0.15268162601626015
2105.2538828849792 0.08902435977514053
2107.2592346668243 0.1362386558805227
2109.2629425525665 0.1379056179775281
2111.266453027725 0.13842686641697877
2113.2703416347504 0.0949681
2115.2740914821625 0.1364700938086304
2117.277638912201 0.15327649999999998
2119.281858444214 0.13624659176029963
2121.2863953113556 0.1304752529668957
2123.2901339530945 0.114093
2125.2942621707916 0.13246462882096072
2127.2981271743774 0.09806880699562773
2129.3017382621765 0.13969698938163647
2131.305862426758 0.1165833646028768
2133.309501171112 0.13468951432129514
2135.3139746189117 0.13684816989381635
2137.3177218437195 0.13657693941286694
2139.322381258011 0.13973046307884854
2141.3261194229126 0.1537032
2143.329585313797 0.1370681
2145.3330137729645 0.1345732165206508
2147.3366816043854 0.14086598247809762
2149.340132713318 0.14992870544090056
2151.34387922287 0.13774018761726078
2153.3473002910614 0.13412322701688556
2155.351024866104 0.135645821361649
2157.354622364044 0.08720769038701623
2159.3582684993744 0.13355395755305866
2161.361890077591 0.13687046787273863
2163.3651061058044 0.13465249999999998
2165.36873626709 0.13584629213483146
2167.372364759445 0.1365542
2169.3759756088257 0.14049048034934497
2171.3791024684906 0.1358979
2173.3837797641754 0.13689697877652934
2175.3876516819 0.13687211970074814
2177.3913147449493 0.13538565190268245
2179.39529132843 0.13583779999999998
2181.398900270462 0.13425543248288735
2183.404287338257 0.13624643792888336
2185.4072182178497 0.1549786150966937
2187.410877943039 0.1387829393370857
2189.4140644073486 0.1416580274656679
2191.417948246002 0.13617340838023767
2193.4212753772736 0.13502800749531543
2195.4248263835907 0.13643221039448966
2197.4283254146576 0.13673188514357054
2199.432163476944 0.13436599999999999
2201.4357137680054 0.13727490318550906
2203.439722061157 0.1339964566437929
2205.443878173828 0.1339343
2207.447612762451 0.13700347282948158
2209.4512486457825 0.13607640449438202
2211.455075740814 0.13399745477230193
2213.459248781204 0.1378885180572852
2215.4629135131836 0.13794771732332708
2217.4667625427246 0.13654971285892634
2219.470360994339 0.13789246882793016
2221.4743168354034 0.13784554653341663
2223.4782309532166 0.13771300560049782
2225.4819989204407 0.1351878152309613
2227.4856808185577 0.13677373283395755
2229.48898601532 0.13789466833541927
2231.49272274971 0.13744609618988132
2233.495992422104 0.1350116531503431
2235.4996213912964 0.13592914428482197
2237.503748893738 0.13940964485981308
2239.507966518402 0.1375255396132252
2241.5112068653107 0.13585518102372035
2243.5145223140717 0.13770533416614616
2245.5181424617767 0.13704699126092384
2247.522041320801 0.14059268870867125
2249.52538561821 0.1560171214017522
2251.5287787914276 0.14555355805243445
2253.532220840454 0.13768571428571427
2255.5356719493866 0.13564971892567146
2257.5390832424164 0.13876761072988147
2259.542809486389 0.13669283395755305
2261.5465483665466 0.13437466334164588
2263.550743341446 0.13577709657320872
2265.554373025894 0.13549406483790521
2267.557816028595 0.13446488110137672
2269.5628464221954 0.13710569105691056
2271.5662322044373 0.13972901618929018
2273.5702197551727 0.13921432835820896
2275.5734219551086 0.13872970606629142
2277.5767822265625 0.1522805493133583
2279.5803899765015 0.15371952529668959
2281.5839579105377 0.13814695815115552
2283.5873646736145 0.1367749313358302
2285.5910902023315 0.14909661461586507
2287.595295906067 0.11647770573566085
2289.5989818573 0.11514603372891942
2291.6023144721985 0.1556206113537118
2293.6058826446533 0.14369464508094645
2295.609437227249 0.10621045539613225
2297.613364458084 0.13055940037476577
2299.617624282837 0.10745334993773349
2301.621780395508 0.13168349344978167
2303.6265902519226 0.12962555208983156
2305.6304960250854 0.10957866666666666
2307.634416818619 0.1297176323987539
2309.6387474536896 0.1305620921544209
2311.642386674881 0.11152677459526775
2313.646104812622 0.13311360799001248
2315.6500158309937 0.1269143214509068
2317.6538786888123 0.10962380000000001
2319.6577892303467 0.12986354114713217
2321.6614286899567 0.12867377334993774
2323.665356874466 0.1350076415681394
2325.6689801216125 0.13598452900810978
2327.6726524829865 0.11343679999999999
2329.6763865947723 0.1407109
2331.6805078983307 0.10832069956277325
2333.684287071228 0.1299707
2335.6893713474274 0.12962846441947565
2337.6932814121246 0.12186843222985633
2339.697690010071 0.12751750467872738
2341.701793193817 0.1286680824484697
2343.706027984619 0.11097119999999999
2345.7097103595734 0.1315889430894309
2347.7134075164795 0.12904254522769806
2349.7177312374115 0.1154336
2351.721567630768 0.13087119449656034
2353.725452184677 0.13114061135371177
2355.7293531894684 0.11565908692933083
2357.733294725418 0.13492827930174564
2359.737134218216 0.1292014
2361.741241455078 0.11016884447220486
2363.7453808784485 0.13209534041224233
2365.7493505477905 0.13067914893617022
2367.753897190094 0.11678495641344958
2369.7579226493835 0.13283080373831777
2371.7618482112885 0.1352358551810237
2373.76562166214 0.12717978736710445
2375.76975941658 0.1380157401623985
2377.774133682251 0.12938008722741431
2379.777443408966 0.1256373599003736
2381.781532764435 0.11567789999999999
2383.7853479385376 0.129668986232791
2385.7896027565002 0.1291858588382261
2387.7932300567627 0.12182551810237205
2389.7970526218414 0.1317142
2391.8011269569397 0.12845047381546135
2393.8047456741333 0.13013423389618511
2395.8084659576416 0.13297240775484678
2397.8125324249268 0.13043285892634207
2399.8171739578247 0.11696139825218477
2401.8208310604095 0.13332152214597628
2403.824869155884 0.1305097
2405.8298892974854 0.11476934579439252
2407.8337569236755 0.1377123
2409.8374807834625 0.13035023110555904
2411.8415355682373 0.1167349
2413.845218896866 0.13245881324172393
2415.849245786667 0.12959051777916408
2417.8529994487762 0.11902172284644194
2419.856694459915 0.13150345171339564
2421.860396385193 0.13124695869837297
2423.864005088806 0.1164666250779788
2425.867824792862 0.13279620237351655
2427.8715393543243 0.13040219862585883
2429.875236749649 0.12674956304619228
2431.880208015442 0.11754077403245942
2433.884076356888 0.13250121325828643
2435.8881056308746 0.13042382554517135
2437.892238378525 0.13648569288389512
2439.895821094513 0.1312706234413965
2441.8995094299316 0.1291151939924906
2443.903707742691 0.11691548346849656
2445.907383918762 0.1318251093066833
2447.911738872528 0.13246852152214597
2449.915481567383 0.12166525921299189
2451.9193115234375 0.13221150343106675
2453.9231729507446 0.13113114303560275
2455.926866531372 0.1379588
2457.930488586426 0.13154154613466335
2459.9339582920074 0.1301371
2461.9383313655853 0.11735068836045057
2463.9419090747833 0.13092424469413233
2465.9467997550964 0.13125456359102244
2467.950779438019 0.11324314606741574
2469.9547157287598 0.13249931207004378
2471.9585194587708 0.13236682926829269
2473.9623301029205 0.12688249532127263
2475.966338634491 0.13295639549436797
2477.9697687625885 0.13130329999999998
2479.9741971492767 0.12380392254840725
2481.9780333042145 0.11877483427141965
2483.982150554657 0.13086226675015655
2485.986264228821 0.13032175109443403
2487.9902222156525 0.11572335419274093
2489.9941067695618 0.1340870043777361
2491.998277425766 0.13232099875156053
2494.001909971237 0.12745812265331666
2496.005945920944 0.13252804984423674
2498.009984254837 0.13028873907615482
2500.0145933628082 0.11438705662725576
2502.0181560516357 0.13178793254216115
2504.021887779236 0.1343692384519351
2506.026221036911 0.11543339999999999
2508.0301060676575 0.1310161298377029
2510.0340728759766 0.12954503435352904
2512.037981033325 0.11889326683291772
2514.042227745056 0.13252597126795754
2516.0460090637207 0.1287335
2518.050204515457 0.11596257018091079
2520.054125547409 0.1340338288569644
2522.058083295822 0.13429346683354193
2524.06196141243 0.1153294572676232
2526.0661206245422 0.1388364
2528.070237636566 0.1315445692883895
2530.074431180954 0.1195485464753587
2532.0789992809296 0.12068639701306784
2534.082976579666 0.1324648094940662
2536.087285041809 0.12993548064918853
2538.09112739563 0.12291612257661039
2540.094666481018 0.13286342072409488
2542.098509311676 0.13220565732087228
2544.1023650169373 0.1192678152309613
2546.1063191890717 0.13241418227215979
2548.1103484630585 0.1275245913911416
2550.1143152713776 0.12176249843847595
2552.118200302124 0.13356821986258588
2554.1220223903656 0.13109606495940038
2556.126157283783 0.1128668
2558.1307430267334 0.13776549313358302
2560.1348497867584 0.13865055659787368
2562.1387519836426 0.13782550000000002
2564.143707752228 0.13702102372034958
2566.1474447250366 0.13734921348314608
2568.150911808014 0.1372520224019913
2570.154993057251 0.13648090000000002
2572.1590111255646 0.13744917133956386
2574.163086414337 0.13698954460386775
2576.1665980815887 0.13615671232876714
2578.1702563762665 0.14173531542785758
2580.174161195755 0.1356028891656289
2582.177691936493 0.13658650031191516
2584.181452035904 0.13665698938163648
2586.1850254535675 0.11897815461346634
2588.1887352466583 0.11689224234853217
2590.1920821666718 0.1344581363352095
2592.1956152915955 0.13795280000000001
2594.199625968933 0.13886811485642947
2596.2032747268677 0.13669330000000002
2598.2078154087067 0.1367886213349969
2600.2112562656403 0.14073603997501563
2602.214679479599 0.13593448189762797
2604.218384027481 0.13507285892634208
2606.2224407196045 0.11532742036227357
2608.2264499664307 0.11705141433021808
2610.230077981949 0.13624054828660437
2612.2343003749847 0.1369990024937656
2614.2378742694855 0.13852052467207995
2616.2414693832397 0.13801607965152457
2618.2453138828278 0.13336354335620712
2620.2497684955597 0.1361663920099875
2622.2540056705475 0.1405415845290081
2624.2576954364777 0.13646928660826033
2626.2613077163696 0.1408556608478803
2628.264967918396 0.135926783042394
2630.268667936325 0.138653
2632.2724730968475 0.1381278401997503
2634.2765080928802 0.13711111111111113
2636.279882669449 0.13648200000000002
2638.28338599205 0.14021871651090342
2640.287093400955 0.135804776119403
2642.2903337478638 0.13645510889856877
2644.2942237854004 0.1375606737367436
2646.298273086548 0.13019186017478152
2648.302807331085 0.1263605739238927
2650.306701898575 0.11442377028714108
2652.310644388199 0.13109592523364486
2654.314694404602 0.12975261845386535
2656.3182451725006 0.11286825733916302
2658.3222568035126 0.13008369538077402
2660.3260567188263 0.1322476356830942
2662.3309741020203 0.11748351840299438
2664.335163831711 0.1309051214953271
2666.338591337204 0.13046535915053092
2668.3422684669495 0.1159284
2670.3462002277374 0.13079156581409856
2672.3497257232666 0.137411118051218
2674.353733778 0.11702741573033709
2676.3578588962555 0.133174463840399
2678.3615469932556 0.132139774718398
2680.3653342723846 0.12090333541536538
2682.3693606853485 0.1204005496564647
2684.3727881908417 0.1308413
2686.3769903182983 0.13132366812227073
2688.3808073997498 0.11577145716072546
2690.384580850601 0.13349882646691635
2692.388827562332 0.13065354153653966
2694.39364027977 0.12354966292134832
2696.397573709488 0.13668853033145717
2698.4012854099274 0.1361335495945103
2700.405131340027 0.14045581511555277
2702.408860206604 0.14074103685196754
2704.412488222122 0.13591830212234707
2706.41650056839 0.1359716645807259
2708.420177459717 0.14817332498434566
2710.423895597458 0.1381013266583229
2712.4277589321136 0.1361965543071161
2714.4318478107452 0.13481941359950095
2716.4354963302612 0.1355797373358349
2718.4393978118896 0.1370636352279825
2720.442626476288 0.1361334332084894
2722.446805000305 0.1156047470331043
2724.4508945941925 0.13850633354153655
2726.4547719955444 0.13804205256570712
2728.4581673145294 0.1372985
2730.4617414474487 0.0865913
2732.4655196666718 0.13545254216114927
2734.4717943668365 0.1519031028037383
2736.475643157959 0.15276898061288305
2738.4791345596313 0.13671695190505934
2740.483161687851 0.1527513216957606
2742.4868245124817 0.14091917448405253
2744.4904747009277 0.1342151689612015
2746.493929386139 0.13439199499687304
2748.4973611831665 0.1357169768894441
2750.5013229846954 0.14644803001876172
2752.504800796509 0.1324244
2754.5085129737854 0.14071038798498123
2756.5130290985107 0.1551541286695815
2758.516453266144 0.1395056821026283
2760.5196924209595 0.13685992509363296
2762.522920370102 0.1531432709113608
2764.5264081954956 0.13607125546533416
2766.5297961235046 0.13640200250312892
2768.5333836078644 0.13989306683322925
2770.537042617798 0.14173454772301936
2772.540710926056 0.13725413233458178
2774.544493198395 0.1345284
2776.548103570938 0.1330124655819775
2778.552070617676 0.135965
2780.555439710617 0.13892722951844905
2782.5590121746063 0.1381009
2784.563000679016 0.13945248439450686
2786.5664744377136 0.15264219862585882
2788.570103406906 0.13867957579538365
2790.5745673179626 0.13533654398003744
2792.578055858612 0.09852032479700187
2794.581794977188 0.1528975390381012
2796.585604429245 0.13685981214777707
2798.5890295505524 0.13756379052369078
2800.592563390732 0.13897125703564728
2802.5960137844086 0.14097058676654184
2804.5994431972504 0.13282995660260383
2806.603148460388 0.13748180000000002
2808.6068539619446 0.1409177320872274
2810.6102838516235 0.13874789539227894
2812.6140422821045 0.13471171036204746
2814.6174216270447 0.1349697877652934
2816.6212282180786 0.13945348314606743
2818.6244823932648 0.137041
2820.6281864643097 0.1341255
2822.6325030326843 0.09514003747657714
2824.636278629303 0.13524237351655216
2826.6399285793304 0.13608030000000002
2828.643595933914 0.13782855715178013
2830.6469371318817 0.1379638
2832.650856733322 0.1385399
2834.654282808304 0.13769344159900063
2836.657701253891 0.13737617977528088
2838.661796092987 0.13700004993757803
2840.6649057865143 0.1384818
2842.6682381629944 0.13755777360850532
2844.675374507904 0.1354216074766355
2846.6790478229523 0.13648200000000002
2848.682443857193 0.13634754834684967
2850.6860949993134 0.13416688279301744
2852.6893723011017 0.09699337913803872
2854.6937227249146 0.13552480300187617
2856.6971621513367 0.1378646
2858.700372695923 0.1541581
2860.704068183899 0.1364292585669782
2862.7073278427124 0.13596921923797628
2864.711156129837 0.1347417863835103
2866.7144174575806 0.1378134001252348
2868.7179844379425 0.1402511
2870.7219994068146 0.1336350466708152
2872.7256507873535 0.1500243738317757
2874.7295982837677 0.1360681425891182
2876.7329638004303 0.13837817271589486
2878.7361953258514 0.1528747
2880.7398586273193 0.1582022236102436
2882.743337869644 0.13839179487179487
2884.747134923935 0.1375181
2886.7507305145264 0.1381652
2888.7549097537994 0.1383158052434457
2890.759093761444 0.1336967
2892.7633600234985 0.12922859638178416
2894.767519235611 0.11184389756402249
2896.7712223529816 0.13259737335834898
2898.7754735946655 0.1293235
2900.7793085575104 0.11562606629143214
2902.783672809601 0.13267243917654398
2904.787362575531 0.13159175515302937
2906.791258096695 0.1094963
2908.7950773239136 0.13192518703241896
2910.799134016037 0.1311403745318352
2912.803372859955 0.11753458177278403
2914.806978702545 0.1314927
2916.81121969223 0.13437088180112572
2918.8150131702423 0.11710969355847405
2920.8194909095764 0.1363897
2922.8229336738586 0.13823200499687696
2924.8271191120148 0.11972368190356919
2926.830808877945 0.1362524577861163
2928.8343691825867 0.1325772784019975
2930.8383786678314 0.1316078
2932.8418192863464 0.11768134915677701
2934.8456149101257 0.13316310776942356
2936.849756717682 0.13694167709637045
2938.853672027588 0.13475343730505301
2940.8574113845825 0.13472180338134002
2942.860855817795 0.13838701622971286
2944.864822626114 0.1358630855715178
2946.8681190013885 0.13635274092615768
2948.871877193451 0.13414498122653315
2950.8757197856903 0.135376
2952.8796191215515 0.13704918851435705
2954.883956670761 0.13628959999999998
2956.8875579833984 0.1343127454659162
2958.8914737701416 0.14384330413016272
2960.8949480056763 0.13430058640049905
2962.898416042328 0.18671110000000002
2964.9020006656647 0.11350405996252341
2966.905722618103 0.1389529544034978
2968.909112930298 0.13866516853932584
2970.9127073287964 0.1480393017456359
2972.9166266918182 0.13971724655819773
2974.920122861862 0.1363615221459763
2976.924008131027 0.12069393146417445
2978.9273767471313 0.1365328320802005
2980.931471824646 0.1373356
2982.9352416992188 0.11547452841973765
2984.939220428467 0.13153857677902622
2986.9443163871765 0.13072918851435705
2988.9481563568115 0.10971385767790261
2990.952465057373 0.1336426
2992.9560770988464 0.13202238600874455
2994.9601657390594 0.13566733956386293
2996.9640369415283 0.13688986850344398
2998.967763900757 0.27428621334996883
3000.971743822098 0.1395991484032561
