29.839443880597017
29.717243306401492
30.274749589041093
29.639333283489094
29.70399040599625
30.812368518057287
29.687972269326686
29.965118304239404
29.961528733624455
29.6503764764268
29.92858966292135
29.83659250777847
29.839079825327513
30.11735895065584
30.150752220137583
30.004066292834892
29.900825703611456
29.711097802607078
29.837558953922787
29.754388387096775
29.61082418373681
29.622432559300876
29.92206408949658
30.038490387016232
29.878331086142325
29.832878856432565
29.3824017988757
30.087876884735206
30.16794924137931
29.586629491945477
30.564312740832815
28.94271900744417
29.716644278606964
30.240288080050032
30.125843003754692
30.440835711598744
29.01019631840796
29.64642016139044
29.739372492192377
30.00090391033624
30.001689221183803
29.829245421611496
29.77893177349098
30.11437911305434
29.963345662725576
29.984084735202494
29.951073652769132
29.7907098
30.15851365792759
29.751515190983092
29.982421034267915
30.080710891089108
30.332433370856787
29.992083235843186
30.30203367372354
29.967316888612324
29.683021736972705
30.661176054760425
29.918730547263685
30.27082287850467
30.220306476072096
29.260981618929016
30.365674335403725
29.847088039950066
29.735235843186057
30.026492311526482
29.707977827715354
30.0290098066126
29.860304339152123
30.171223200000004
30.067255514250306
29.796488971962614
29.88815900435594
30.014361148564294
30.028180484773152
30.17834908188586
29.778193742177724
29.71462324189526
30.027815430711613
30.0740303930131
30.52351543707378
29.266822921068986
30.60736975124378
30.065607164179102
30.047685482866044
29.55863569573284
29.560595243376465
29.678580260707637
30.031321615910507
29.7061038701623
30.11356518703242
29.592167746741154
30.196545281602006
29.944235053091816
30.081631161048687
30.042223659147872
30.32513152882205
29.7081876481597
29.876820199999997
29.949454753894084
29.792383097178682
30.68190002496879
29.68068455569462
30.261425835411472
30.62204849689441
30.2254372
30.180600549313358
30.454083811912223
29.343244744069914
30.24624229712859
30.02170919053549
29.7295616677038
30.121244177611008
29.688345284197375
29.445484843945067
30.038789170305673
29.744821818181816
30.0752478700812
29.896856693699313
30.109894611076538
29.96074262828536
29.929297157107232
30.058997313432833
30.156264772585672
29.76518730553827
29.90081752333541
29.855655208462974
29.06625422885572
29.531545687616678
29.665503066418374
30.047477273295808
29.7144255721393
30.76282719800747
29.84972853932584
29.94505278401998
30.214713615960097
30.08134537741734
29.715262591444514
28.84995050931677
30.63567811062772
29.868308421709294
29.894584607721047
29.614493498759302
30.16273668956902
30.19945564022486
29.727216259351618
29.59028479205462
29.765494859987555
29.837201296758103
