1.2048296928405762 26.05075188007495
3.209895372390747 0.12827967479674798
5.213941812515259 18.067019026217228
7.218140602111816 8.55652276635514
9.222063064575195 3.339371571072319
11.225565910339355 23.885624837905237
13.229449987411499 0.1261304054897068
15.23331904411316 26.253068226509026
17.237790822982788 0.14231511830635118
19.24123764038086 11.845544971962617
21.245343446731567 16.53370240798503
23.24913239479065 9.633454056074767
25.253125429153442 20.6433270617592
27.256810665130615 5.175251040498442
29.260076761245728 25.9775384
31.264092206954956 0.13710759224515323
33.267996072769165 31.160777412935325
35.27243113517761 0.1254563
37.2761173248291 30.232512638802245
39.27972769737244 0.1381539537788882
41.28340411186218 29.571510635118308
43.28721284866333 0.1277536
45.291367053985596 30.184155417185554
47.294795513153076 0.1337054341036852
49.29830503463745 26.345331571072318
51.301859617233276 4.396740362726704
53.30543780326843 17.468153250620347
55.3093147277832 12.826456377171217
57.31288003921509 11.21421742821473
59.31617617607117 19.85357500933416
61.31998419761658 3.070906301369863
63.323872804641724 28.28849913258984
65.32763457298279 0.12359484677923703
67.33281660079956 29.12390570719603
69.33686566352844 0.13385605985037408
71.34073829650879 28.282895561097256
73.34462332725525 1.1030811851851852
75.34860014915466 17.2364575
77.35268926620483 12.944246429906542
79.35652327537537 6.172377121495328
81.36038303375244 23.854864009993754
83.36430716514587 0.1400589263420724
85.36821055412292 28.845981293532336
87.37236833572388 0.1533005
89.37605929374695 26.144191900311526
91.38007426261902 0.1385564022485946
93.38378834724426 19.4716245
95.38761591911316 5.538037126795753
97.39138078689575 4.359896629213483
99.3950743675232 19.78496518703242
101.40032267570496 0.1396409707529558
103.40419292449951 25.81171043804756
105.40789747238159 0.1337017
107.41165494918823 11.2632608140263
109.41537833213806 10.218928409232689
111.41942405700684 0.11178093691442847
113.42356848716736 15.519507907557776
115.42767596244812 1.2806259088069956
117.43174409866333 2.909278398999375
119.43559861183167 15.58067495630462
121.44008159637451 0.1420057464084947
123.44373631477356 11.270309300000001
125.44712948799133 5.463587542213884
127.45164942741394 0.15980241744548285
129.45540952682495 24.490331726708074
131.45930981636047 0.11985544554455445
133.4644956588745 10.1299343
135.46825122833252 2.689966368159204
137.47242856025696 0.1345757213930348
139.4763479232788 13.146215545851527
141.47995162010193 20.508899650872817
143.48383116722107 4.564583306300686
145.48762726783752 9.016707347447074
147.49164819717407 0.13771670822942644
149.49565196037292 6.791128744534666
151.49956679344177 4.5264195
153.50302600860596 0.1325261423220974
155.50699710845947 9.929169850746268
157.51095294952393 0.8107570695053224
159.51478815078735 0.16031064094586184
161.51857614517212 10.242948485981309
163.52219080924988 0.14013943855271369
165.5272355079651 3.443967879924953
167.53133893013 6.749013566520924
169.5354597568512 0.1428280675422139
171.5393271446228 5.444043862928349
173.54341530799866 4.500304667081519
175.54811024665833 0.1348852834890966
177.55209279060364 7.129104828446662
179.55569219589233 2.3934346168224296
181.55981349945068 0.14125208255159474
183.5636649131775 9.647907784730913
185.56748628616333 0.14427672704559652
187.57156491279602 2.184350661672909
189.5752077102661 8.784778905472637
191.5786144733429 0.1364499812382739
193.58281016349792 6.0957014731585515
195.58657813072205 5.815387747972552
197.59048438072205 0.14524582136164899
199.5942029953003 9.830812269326684
201.59788155555725 12.519208020050126
203.60201144218445 3.829893897882939
205.60573887825012 9.718122620087337
207.6098256111145 0.1312945227698066
209.61384916305542 10.938533765586035
211.61787962913513 4.046100461634436
213.62176632881165 0.13178170929507174
215.6256387233734 14.237791519699813
217.6299693584442 0.12521252651278852
219.63384127616882 4.476823526479751
221.63785576820374 9.753763970223325
223.64176654815674 0.1311512304809494
225.64548301696777 16.00264629213483
227.64929056167603 3.753008647975078
229.65308117866516 2.3204575140537163
231.6577503681183 17.578274029850746
233.66230583190918 0.14081266832917705
235.66612482070923 13.24404324594257
237.67037916183472 6.676746533914126
239.67398047447205 0.133813200498132
241.67746472358704 19.698179237976266
243.68135976791382 0.12876494382022471
245.6852788925171 15.082273379138039
247.68930554389954 8.696771706102117
249.6932442188263 0.13256179551122194
251.69702768325806 23.901130893191755
253.70138311386108 0.13476249376558602
255.7052822113037 17.306510447761195
257.7091293334961 6.481085243445693
259.71311616897583 2.2232350561797753
261.7168769836426 21.70939732667083
263.7217173576355 0.13129679750778817
265.7253215312958 19.960344323987538
267.7295265197754 4.242181473158552
269.73342776298523 5.574669699999999
271.7373855113983 19.479182746081506
273.74084734916687 0.13905386533665834
275.744259595871 24.618826133666456
277.74822473526 0.30152349563046194
279.752156496048 9.649374205607476
281.7557923793793 15.293763604505632
283.75954580307007 0.14054583541147134
285.7630808353424 25.322645839051777
287.7670102119446 0.1361453908692933
289.770783662796 16.320208337468983
291.77442598342896 9.5181178
293.7786784172058 1.1231441651031895
295.7825491428375 24.56721095890411
297.78660798072815 0.1366703
299.7903456687927 21.61620864797508
301.7947723865509 3.3778595622263916
303.7985920906067 7.596491985018726
305.80270171165466 17.931477014925374
307.8068130016327 0.15617334993773352
309.810830116272 25.481255177570095
311.81456089019775 0.13814571785268415
313.8192057609558 12.241370929507173
315.8233780860901 13.045157470256733
317.8274040222168 0.14313424109931291
319.83149766921997 25.497339699999998
321.8357138633728 0.14318420986883199
323.83946919441223 17.977464323987537
325.843220949173 6.786389313358303
327.8484606742859 2.3125023302180683
329.8524401187897 21.77006401997503
331.85659289360046 0.1390659837601499
333.8603322505951 20.2512198
335.86418533325195 3.972393692115144
337.86840867996216 5.330749063670412
339.871994972229 17.904872009987514
341.87601828575134 0.14458436522826768
343.8799138069153 23.916290510585306
345.8835999965668 0.13802373516552155
347.8874840736389 9.991120199750313
349.89120507240295 14.523866383510306
351.8951153755188 0.14134832917705736
353.8987247943878 25.27187942750467
355.90251564979553 0.13879156581409857
357.9062125682831 14.132830961298376
359.9099290370941 10.2725449
361.9137933254242 0.14183955084217093
363.9175820350647 24.07477403115265
365.9212439060211 0.13057953894080998
367.9252963066101 20.2615781230578
369.9293622970581 5.275580548628429
371.93324065208435 5.53344558951965
373.9375305175781 21.311088786558805
375.9410240650177 0.13442936329588015
377.94497871398926 25.325353416458853
379.949720621109 0.12048029925187033
381.9532690048218 12.577133399503722
383.95740485191345 13.049839201995011
385.9609386920929 0.13875343730505302
387.9650855064392 24.90466799501868
389.9687657356262 0.14098472274143303
391.9735858440399 18.2944069
393.97712802886963 6.714186766541823
395.98105359077454 3.282147326236694
397.9845292568207 21.53655359198999
399.9884834289551 0.1303178027465668
401.99184918403625 22.770928952978057
403.9959580898285 2.2258606741573033
405.9999418258667 7.776531
408.0040171146393 15.132845942571786
410.00818610191345 0.13899026217228466
412.0122957229614 22.044634517133957
414.0161933898926 0.6015057178526841
416.02004289627075 6.153852941911305
418.0235800743103 15.440436354556805
420.02761483192444 0.12094830730793255
422.0318012237549 23.429523785803237
424.0366425514221 0.1387310861423221
426.0404779911041 7.916570143660212
428.0441119670868 14.840356876951905
430.04790234565735 0.1400948
432.0520570278168 22.96426400996264
434.05562138557434 0.11435624530663328
436.05926632881165 6.873647411104179
438.0635390281677 14.1748057
440.0671715736389 0.1333549190535492
442.0711851119995 20.49722459611772
444.0748703479767 1.2392990143480973
446.07863426208496 6.393352817955113
448.08234453201294 11.798868414481896
450.08659052848816 0.12518647535870242
452.09030652046204 11.92204401246106
454.0941390991211 4.501563826086956
456.0979034900665 0.12861891317926297
458.1028447151184 16.460290728064717
460.1066155433655 0.12910852152214597
462.1104962825775 6.412638506533915
464.11421728134155 9.776348382261087
466.1179404258728 0.12861958929682638
468.1218674182892 8.579156708229426
470.125700712204 3.4014244903064412
472.13018822669983 0.12749985037406483
474.1339182853699 12.058636604244693
476.13863158226013 0.12016458566978193
478.1424140930176 2.249097014925373
480.14628744125366 10.096476809968848
482.15070033073425 0.1390769077306733
484.15483832359314 6.914356400000001
486.15837121009827 4.663000824484697
488.16291332244873 0.1271654
490.166624546051 5.68680645403377
492.17143726348877 1.8941423999999998
494.1750237941742 0.12796312304809496
496.1793529987335 7.5701811999999995
498.1832218170166 1.0979497442295696
500.1871476173401 0.1326074406991261
502.1909804344177 7.788510519074421
504.1949315071106 0.13880064959400376
506.1992359161377 1.158805593008739
508.20332050323486 4.423673595997498
510.2073369026184 0.12693859014348097
512.2111492156982 1.182010929507174
514.2151052951813 4.423435146966854
516.218510389328 0.11771985018726593
518.2228569984436 2.285063870162297
520.2266435623169 3.1972800999375393
522.23073554039 0.13021701436602123
524.2358090877533 1.1445017456359101
526.2397203445435 2.3391287890137327
528.2435457706451 0.12657429106808243
530.2488627433777 1.1397817456359103
532.2528471946716 2.3007366396002498
534.2567927837372 0.1410105368289638
536.2610673904419 1.1628391510611735
538.2646903991699 1.206055945102932
540.2686743736267 0.13793456359102244
542.2723712921143 4.6054537313432835
544.2760760784149 2.4004611764705883
546.2797832489014 0.14309416614615864
548.283607006073 5.625801396508728
550.2873289585114 1.3477976059850374
552.2911071777344 0.14232264504054898
554.2953219413757 7.044127640449438
556.2999832630157 0.13826954460386776
558.3037989139557 0.1401088
560.3075132369995 13.4666765
562.3113548755646 0.14099355805243444
564.315217256546 7.285867965043695
566.3191845417023 7.122256747663551
568.3226807117462 0.14020042526579113
570.3267569541931 13.74481181476846
572.3307259082794 1.1769565087281795
574.3351399898529 2.415662044887781
576.3387508392334 13.154217371714644
578.3428754806519 0.1415691770573566
580.3466413021088 15.046811299999998
582.3507001399994 7.629830911360799
584.3544697761536 0.14164993757802746
586.3587527275085 23.07633885286783
588.3625657558441 0.13911965065502183
590.3668434619904 15.339899126092385
592.3716368675232 6.369453116395494
594.3753011226654 1.2511090568394754
596.379358291626 22.01372748129676
598.3832104206085 0.14086184538653368
600.3867175579071 23.81635855181024
602.3907346725464 3.5304546974422957
604.3944549560547 8.585864707347447
606.3985006809235 17.984110914747976
608.402281999588 0.14061418068535825
610.405855178833 26.718175342465756
612.409500837326 0.1424326388022458
614.4135122299194 18.399638760842628
616.417468547821 8.902426102117062
618.4208364486694 3.692669526184539
620.4245865345001 24.610381588492807
622.4292364120483 0.1401930586766542
624.4334845542908 28.303016643792887
626.4370675086975 0.137626183635228
628.4409294128418 20.883249338327094
630.4447689056396 7.072840074766355
632.4483075141907 8.720505021806854
634.4520211219788 18.5849537922403
636.4560632705688 0.14155186017478152
638.460382938385 28.329613059190027
640.4641170501709 0.13996971357409713
642.4680433273315 20.97767068836045
644.4718115329742 5.460144239401496
646.4757926464081 5.4297505
648.4796357154846 20.114763618215843
650.4832713603973 0.13773441599000624
652.4872899055481 25.95686407960199
654.4912109375 0.138729211514393
656.4950456619263 11.918059614667495
658.4988739490509 13.47731153942428
660.5028717517853 0.12901705735660848
662.5066652297974 24.689365732087225
664.5106339454651 0.13290158255451712
666.5144927501678 15.914177661038147
668.5182747840881 8.653090274314215
670.5220303535461 1.1964240049906425
672.5258855819702 23.679712278953925
674.5296137332916 0.13044541484716157
676.5334196090698 19.87407383084577
678.5371532440186 4.596422707423581
680.5410656929016 4.9533641843088425
682.5451326370239 20.395634427860696
684.5500824451447 0.12845383084577114
686.55428814888 25.442555302935666
688.5579934120178 0.1303378776529338
690.5620541572571 11.66321603985056
692.566020488739 14.529503042394015
694.5700538158417 0.13352593146417446
696.5737853050232 25.91382007509387
698.5777859687805 0.12615481296758105
700.5814170837402 17.679278450968145
702.585452079773 8.112891186017478
704.5889556407928 3.3171670822942643
706.5926306247711 23.6157963
708.5965497493744 0.1321098
710.6001303195953 25.472197852684147
712.6041595935822 0.14403717676452216
714.6076653003693 11.514504169787765
716.6119995117188 15.211614282147314
718.6165239810944 0.13292717948717947
720.6203546524048 26.31196109725686
722.6243476867676 0.12121320872274144
724.6281771659851 17.30137407085146
726.6319031715393 7.990903895457374
728.6366364955902 2.1471712359550565
730.6402246952057 22.470836834890967
732.6442270278931 0.12948107432854467
734.6477761268616 20.131157506234416
736.6521010398865 4.279857578027466
738.6559767723083 5.423676007485964
740.6601095199585 19.76756387257964
742.664026260376 0.12862861423220975
744.6683325767517 25.0663675
746.6743278503418 0.11786942128189173
748.6781296730042 11.844539126092386
750.6830589771271 13.996571585518103
752.6872532367706 0.14005713570981862
754.6914391517639 26.644404294631713
756.6951723098755 0.08652332292317301
758.6995849609375 20.540329793878826
760.7028086185455 5.632304170319348
762.7072970867157 6.11394144638404
764.7110548019409 21.845253716427234
766.7152254581451 0.14025162819713038
768.7188408374786 29.490696344354333
770.7229976654053 0.1281324172392255
772.7269718647003 29.517769599999998
774.7308094501495 0.11960250000000001
776.7346329689026 22.213326741573034
778.7381370067596 7.569674467289719
780.7426886558533 10.805308664169788
782.7466053962708 18.100685685785535
784.750500202179 0.13440369077306732
786.7540426254272 29.737343244251086
788.7583560943604 0.1296741
790.7622892856598 29.842845764192138
792.7661521434784 0.11786043722673328
794.7698900699615 24.619326541822723
796.7740240097046 5.907819937616968
798.7777268886566 12.544400546923553
800.7812993526459 17.99716865671642
802.7853298187256 1.1453446978193147
804.7890861034393 29.373620112009956
806.7932150363922 0.12497249219237976
808.7969975471497 27.33549308317699
810.801673412323 0.11812913857677902
812.8052525520325 14.90394603726708
814.8100843429565 12.687040399750158
816.8136823177338 1.228126347230865
818.817321062088 26.559575561097258
820.8210825920105 0.13016049751243783
822.8249306678772 27.3612070192906
824.8286280632019 0.11412754057428215
826.8321743011475 12.556841895261844
828.835844039917 13.845551469668543
830.8396174907684 0.13397895261845388
832.8427722454071 25.72749054726368
834.8469009399414 0.11568289818863212
836.8509151935577 17.949481474078702
838.8542416095734 7.573796754057429
840.8582262992859 3.2750883697688944
842.862025976181 22.729312779512806
844.8663191795349 0.13214341036851968
846.8701286315918 24.391537110694184
848.874064207077 1.2778769
850.8777730464935 7.58832608478803
852.8819098472595 16.31479675202998
854.8854758739471 0.1367224
856.8891522884369 24.182565988771053
858.8926618099213 0.11392360000000001
860.8965086936951 10.622100574282149
862.9001445770264 13.92346503435353
864.9042184352875 0.12928719101123595
866.9084055423737 23.71714844666251
868.9118130207062 0.1141611
870.9157371520996 9.783023860523038
872.9191303253174 10.909970337078652
874.922685623169 0.1317031
876.926262140274 19.996758951310863
878.9301559925079 0.11716635514018692
880.934063911438 8.056030980637102
882.9383540153503 13.703509651741294
884.9419674873352 0.14215730337078653
886.9456965923309 20.3321679197995
888.9499740600586 0.3905097314178638
890.9540500640869 3.4290873204247347
892.9579365253448 13.0820862077597
894.9616377353668 0.14283441396508728
896.9655072689056 9.932192559300875
898.9692370891571 5.646364444444445
900.9737339019775 0.12267092269326682
902.9779777526855 15.727425
904.9817199707031 0.11980424469413234
906.9855208396912 3.97270938317757
908.9895906448364 7.937205253283302
910.9947247505188 0.12158548166563082
912.9987926483154 5.5622269408099685
915.002453327179 5.646707945205479
917.0063343048096 0.12962382554517132
919.0100848674774 7.59053038148843
921.0138504505157 2.3711395755305866
923.0179212093353 0.13183470661672908
925.0214266777039 11.112635910224439
927.0255703926086 0.11381150343106675
929.029186964035 1.0908620672478206
931.0328776836395 6.826895541718556
933.0366547107697 0.1244644
935.040235042572 2.3682987
937.0437297821045 5.572926226650062
939.0474326610565 0.12141948717948718
941.050971031189 3.35836354556804
943.055009841919 4.209510156152405
945.0585081577301 0.1177699
947.0626184940338 2.3213148
949.0662415027618 2.295938415470992
951.0698614120483 0.13859369470404984
953.0739767551422 2.4343165478424016
955.0777580738068 1.9706005746408497
957.0818030834198 0.1374548
959.0858445167542 3.5575636772983117
961.0896456241608 1.2732852900810978
963.09397149086 0.1364917852684145
965.0978128910065 4.409834107365793
967.1017279624939 1.2943146134663341
969.1055562496185 0.14035267957526545
971.1093792915344 4.77129454091193
973.1136066913605 0.13839209011264078
975.1178052425385 0.1452891056910569
977.1220960617065 5.393186076107299
979.1260695457458 0.14266447352024922
981.1300868988037 1.3100940911930044
983.1340346336365 11.31063406113537
985.1378271579742 0.133247560823456
987.1421566009521 9.062953325031135
989.1459920406342 5.71776199750312
991.149970293045 0.13948662086196129
993.1537101268768 15.097014332084893
995.1575903892517 0.1410056429463171
997.1616785526276 2.310319550842171
999.1653568744659 13.02118798753894
1001.1690511703491 0.13787156054931338
1003.1730628013611 0.13955733665214687
1005.1769640445709 0.13781256714553403
1007.1819467544556 0.14018214463840398
1009.1859073638916 0.14041084322298564
1011.1899816989899 0.13978600249066003
1013.1944231987 0.1384901057871811
1015.1981108188629 0.13646317361543248
1017.2024211883545 0.14234274314214465
1019.2062458992004 0.1396258
1021.2102382183075 0.13825250781738585
1023.2142608165741 0.13386460386774798
1025.21808218956 0.1402482
1027.221841096878 0.1571774486621033
1029.2260792255402 0.15453623368551897
1031.2306158542633 0.14553187032418952
1033.234368801117 0.11646421972534332
1035.2384014129639 0.11991845290081098
1037.242265701294 0.11704344784509682
1039.246989250183 0.11556
1041.2509622573853 0.11399227414330218
1043.2544798851013 0.1180691339563863
1045.2580513954163 0.14296673736743604
1047.2622590065002 0.12134911360799001
1049.2662682533264 0.11477622971285892
1051.2697961330414 0.11570324189526184
1053.2734520435333 0.11344648783530879
1055.277010679245 0.11989333333333332
1057.2806360721588 0.1171117
1059.2845106124878 0.12151240948813982
1061.287938117981 0.1162629
1063.2919344902039 0.11192504684572142
1065.295706987381 0.1165836
1067.2992849349976 0.11536639200998751
1069.3027856349945 0.11620886107634543
1071.3076293468475 0.11286625155666251
1073.3116195201874 0.13507994993742178
1075.3149693012238 0.11182122347066167
1077.3189015388489 0.11293379999999999
1079.3228933811188 0.11610097378277154
1081.3266506195068 0.11673723922548407
1083.329930305481 0.11409437305053025
1085.3337202072144 0.1179180024968789
1087.3377401828766 0.11626693266832919
1089.341208934784 0.12311670822942643
1091.3452126979828 0.11191361596009976
1093.348849773407 0.11760729544034978
1095.352777481079 0.11509476309226932
1097.356213092804 0.11243516811955169
1099.3601191043854 0.11608843418590145
1101.3637154102325 0.11735809999999999
1103.3681094646454 0.1190172
1105.3726754188538 0.1371886567164179
1107.375994682312 0.1139715710723192
1109.379445552826 0.1224607240948814
1111.3830573558807 0.1164030961298377
1113.3865234851837 0.11382644152595373
1115.3901906013489 0.11138197253433209
1117.3938448429108 0.11457741088180112
1119.3978321552277 0.12262855715178013
1121.4014778137207 0.11319600499375779
1123.4054939746857 0.11440519675202998
1125.4088771343231 0.11644197623514696
1127.4129345417023 0.12073903810118675
1129.416404247284 0.12088963194011229
1131.4202382564545 0.11427907557776389
1133.4242281913757 0.11992004996876952
1135.4287641048431 0.11847925046845721
1137.4323945045471 0.11336818976279651
1139.4359812736511 0.12364356830941983
1141.4402770996094 0.12372119999999999
1143.443729877472 0.11567000000000001
1145.4473013877869 0.11589772784019975
1147.4510433673859 0.11215429643527204
1149.454693555832 0.11818416978776529
1151.4587409496307 0.12251049282595133
1153.4625885486603 0.11564554307116105
1155.466210603714 0.1283217021276596
1157.4699566364288 0.12171579340385813
1159.473798751831 0.1202737
1161.4776403903961 0.11619647720174892
1163.4808230400085 0.11740991880074952
1165.4848845005035 0.13874252959501557
1167.489599943161 0.12125019314641744
1169.4937291145325 0.12422948286604361
1171.4972808361053 0.12140647904940588
1173.5008463859558 0.1296148535825545
1175.5043277740479 0.12142700811992505
1177.5081751346588 0.12170633354153654
1179.5117511749268 0.12344543980037428
1181.5169885158539 0.1233462
1183.5205745697021 0.11318447910168435
1185.5242869853973 0.11996524344569288
1187.5280947685242 0.11480964397251718
1189.5319137573242 0.13858251407129457
1191.5354611873627 0.11778944479101684
1193.5394082069397 0.12615489361702126
1195.5433399677277 0.1289074984404242
1197.5468354225159 0.11856729544034979
1199.5504789352417 0.12323377334993774
1201.5554599761963 0.127412
1203.559021949768 0.12062771535580526
1205.562896490097 0.11917882646691635
1207.5667729377747 0.11302437928883344
1209.5705263614655 0.12577580000000002
1211.5745067596436 0.114135
1213.5781064033508 0.12085236727045595
1215.5820240974426 0.11850054862842893
1217.5854723453522 0.11681266043613707
1219.589307308197 0.11883297060662915
1221.5927069187164 0.11636194756554306
1223.59641122818 0.11434803247970018
1225.6004736423492 0.13791541718555417
1227.6040670871735 0.11240295184490307
1229.6080379486084 0.13820392254840724
1231.6124527454376 0.13732324594257178
1233.6164224147797 0.1409174
1235.6203298568726 0.1399745
1237.624499320984 0.1377774
1239.6281826496124 0.13720774515927545
1241.63232421875 0.1381920299812617
1243.6360566616058 0.1383445
1245.6402008533478 0.13998523690773068
1247.6444330215454 0.14110353087960076
1249.648541212082 0.1303758753894081
1251.652694940567 0.13426839352428394
1253.6567089557648 0.12298436522826767
1255.6606349945068 0.13188264009962639
1257.6643378734589 0.13850743285446596
