1.779738426208496 3.6256369230769234
3.783430814743042 0.11864854465958777
5.7875261306762695 4.769258240798503
7.791301012039185 0.1255564
9.795120239257812 6.5190459850374065
11.799044132232666 0.12949033707865168
13.802941083908081 7.901755118306351
15.80672001838684 0.125177663960025
17.810168743133545 8.971713079325422
19.81516718864441 0.1259783
21.818658113479614 10.896829781386632
23.82262420654297 0.12395887429643528
25.826456546783447 11.06384398753894
27.830591678619385 0.1326420986883198
29.83453392982483 8.804456901057872
31.83871579170227 0.12860002498438478
33.84236264228821 7.9601301120797014
35.846622467041016 0.1317785152838428
37.85082674026489 6.8320305999999995
39.85446310043335 0.13275013116801998
41.858614921569824 4.736057910447761
43.862513065338135 0.12923069245165314
45.866063356399536 3.373184438902743
47.869733810424805 0.1285439600249844
49.87369155883789 2.2541997258566977
51.87759280204773 0.1360933
53.88142943382263 1.2866625436408978
55.88552522659302 1.2625061010605116
57.88947367668152 0.1401830711610487
59.89303112030029 2.3858019475655428
61.89730882644653 0.11656379052369077
63.90098738670349 3.5405453774173425
65.90479946136475 0.13465756097560977
67.90908622741699 5.5427919
69.91327714920044 0.11876966895690193
71.91745162010193 6.778535615240474
73.92117142677307 0.13110563591022445
75.92479705810547 7.827163400000001
77.92900276184082 0.13499982510930666
79.93286967277527 10.271760547604233
81.93785405158997 0.13638616915422885
83.94152116775513 11.522912379762648
85.94494962692261 0.15378164588528678
87.9493305683136 10.148728533998753
89.95275735855103 0.1361664
91.95657801628113 9.066434543178973
93.96022343635559 0.1427368105065666
95.96394491195679 8.131815815115553
97.96747422218323 0.13868762023735165
99.97103309631348 5.6643208000000005
101.97453093528748 0.1388660913070669
103.97827911376953 4.7535278549093185
105.98183822631836 0.1375807481296758
107.98573803901672 3.5295367
109.98934721946716 0.1390559900062461
111.9925365447998 1.2251611485642946
113.9969756603241 0.13804057392389268
116.00024437904358 0.140098885410144
118.0040955543518 1.4805357303370787
120.00768089294434 0.13916878048780487
122.01148128509521 3.9989071490954458
124.01498746871948 0.13758646616541353
126.018878698349 4.663085456821026
128.02232813835144 0.14327294559099438
130.025817155838 6.108496120150188
132.02928709983826 0.14116377264209867
134.032653093338 8.1655917
136.03592348098755 0.13556082551594745
138.0392575263977 9.032981086820737
140.0429186820984 0.1393675
142.04619121551514 11.115109987484354
144.04965162277222 0.15625562071116655
146.05315113067627 11.556491955168118
148.05805206298828 0.13972651278852152
150.06248903274536 8.866448469706434
152.0652620792389 0.15359120549656466
154.0689332485199 7.534597823639774
156.0729479789734 0.15933912609238451
158.07703566551208 6.24176701754386
160.0809361934662 0.13348774032459426
162.0850658416748 5.581867932542161
164.08901572227478 0.12928719101123595
166.0927393436432 3.529465168539326
168.0971806049347 0.1306405496564647
170.10061502456665 2.4115308796007486
172.10435342788696 0.12956923845193508
174.10842537879944 1.2969013100436682
176.11259174346924 1.2529849532127262
178.11683988571167 0.13400333956386293
180.12158107757568 2.3108779026217228
182.1259605884552 0.11763852776044915
184.12982630729675 3.4997467912772584
186.13376116752625 0.13327820672478205
188.13882875442505 5.5852800996884735
190.1431634426117 0.13375251403618216
192.14718580245972 6.6711018
194.15106844902039 0.11979605493133583
196.15507769584656 7.89911605739239
198.15879726409912 0.1326117
200.16264963150024 9.55978713130056
202.16765642166138 0.1331166
204.1713364124298 10.73430815920398
206.1754777431488 0.1283537210756723
208.17892217636108 11.164398852152214
210.18289947509766 0.13464944409743912
212.187251329422 8.740183229036296
214.19115471839905 0.1222685464753587
216.19527649879456 7.6385506941838655
218.1991949081421 0.14071830212234707
220.20403671264648 6.878250506566603
222.20744800567627 0.13863544715447154
224.21124458312988 4.660276427232979
226.21461176872253 0.1430405003126954
228.2183439731598 3.542263329161452
230.22207951545715 0.13764227357901312
232.22555994987488 2.715058488444722
234.2301561832428 0.13939164067373674
236.23394560813904 0.1409664959400375
238.23778176307678 1.2072889887640448
240.24165034294128 0.1394295565271705
242.2452163696289 3.269064030037547
244.24974417686462 0.13866699875466998
246.25341606140137 4.517786650031192
248.25698399543762 0.13854529080675423
250.26115155220032 5.7458808489388264
252.26558876037598 0.1342277
254.2694547176361 7.104130155957579
256.27360820770264 0.13442701688555347
258.2776963710785 8.944854130841122
260.2817018032074 0.13579947598253275
262.28534722328186 10.183637014925374
264.2896900177002 0.12039465334166147
266.29332447052 9.923296776602365
268.2973744869232 0.12983456697819315
270.3014178276062 10.260843763239876
272.3052463531494 0.13550452900810978
274.31054759025574 8.88329368289638
276.3145887851715 0.1267066083697689
278.3184747695923 6.691342288930581
280.32276487350464 0.1369702935665209
282.32692074775696 5.4574929
284.33077216148376 0.13661648530331458
286.33473896980286 4.362740986883198
288.3389847278595 0.12975919799498747
290.3428122997284 3.172669281698938
292.34651136398315 0.12880230287859823
294.35039377212524 1.272999974953037
296.35814213752747 0.1359356195244055
298.3620448112488 0.133354606741573
300.36607456207275 1.2027808858390518
302.36986017227173 0.13951470661672907
304.37343645095825 3.4560879098873594
306.37654542922974 0.1351551280449719
308.38071846961975 4.509279301310044
310.38438987731934 0.13912475297060664
312.38801884651184 5.673563690773068
314.39155316352844 0.13552219999999998
316.3952169418335 8.039863412204234
318.39872574806213 0.1384807
320.4024176597595 8.910983135540288
322.405969619751 0.15415524702939337
324.409628868103 9.126482896379526
326.41332483291626 0.1366534
328.41689562797546 11.368120249687891
330.42039251327515 0.1372704
332.4243550300598 10.193479499999999
334.4278736114502 0.1424441
336.43309569358826 8.202417644859814
338.4366192817688 0.14327755458515284
340.4403860569 6.96828548628429
342.44447016716003 0.1402775265459088
344.4481496810913 5.381708390304537
346.4516990184784 0.1388184
348.4557526111603 3.49533063670412
350.4595832824707 0.13923877881619937
352.46355843544006 1.7831205482866046
354.46705865859985 0.14187819999999998
356.47033500671387 1.1290918352059924
358.4743573665619 1.2907143106674983
360.4782099723816 0.1345905617977528
362.4823884963989 2.2127588771054274
364.4861373901367 0.1120982
366.49001002311707 3.414485739238927
368.49500346183777 0.13050297128589264
370.49913454055786 5.0566032
372.5030081272125 0.13295461010605114
374.5064706802368 6.580733566084788
376.51026463508606 0.11410655021834061
378.5141623020172 7.796922839352429
380.5176041126251 0.13122237203495632
382.5216975212097 8.744217846919726
384.52565741539 0.13202287141073657
386.5293595790863 10.485556961394769
388.53342938423157 0.11178593379138038
390.5373742580414 10.611237114427862
392.5412607192993 0.13139566625155666
394.5451834201813 9.24136851275669
396.54956579208374 0.1324469793621013
398.5532019138336 7.77492684144819
400.5572247505188 0.13120748596381784
402.56191754341125 6.663857744548286
404.5656831264496 0.13037953836556457
406.56920051574707 5.586170218068536
408.57403564453125 0.1292069825436409
410.57752227783203 3.4707679800498754
412.58174443244934 0.12523011823273178
414.5851011276245 2.219145635910224
416.5889642238617 0.13231374689826303
418.59304332733154 1.281381573033708
420.59694647789 1.2412680671224363
422.60100650787354 0.13246746268656717
424.604896068573 2.21618753117207
426.60902428627014 0.1182532833957553
428.6125373840332 3.4998126171143036
430.6167871952057 0.130400099378882
432.62080097198486 5.427127950310559
434.62585186958313 0.13127036024844718
436.62984824180603 6.448181672908864
438.6340231895447 0.10763338739862757
440.63760471343994 7.938890261519303
442.641850233078 0.1318489943785134
444.6455976963043 8.87454123518403
446.64976024627686 0.13165690000000002
448.65336418151855 10.944988329177058
450.65775847435 0.11968419475655431
452.66135430336 11.049382180685358
454.66527223587036 0.1337300748129676
456.6694116592407 9.490276708229427
458.67314648628235 0.13612247036805988
460.6770589351654 7.35441550310559
462.6812689304352 0.1386779104477612
464.68502974510193 7.0080439626168225
466.68955278396606 0.12062223325062034
468.69352412223816 4.361261164807931
470.6971573829651 0.14090068535825545
472.70128536224365 3.4715406355140184
474.7050497531891 0.1308588132417239
476.7090473175049 2.3548137585991245
478.713223695755 0.12570902743142146
480.7172966003418 0.1217405364940736
482.72145438194275 1.2505300748129675
484.72554111480713 0.11159210986267165
486.72945761680603 2.3523935
488.7334055900574 0.11262138836772982
490.7374391555786 4.276645493133583
492.7412996292114 0.11303445346658339
494.74496483802795 5.570348859813084
496.7486503124237 0.13246149999999998
498.75363326072693 6.518202846441948
500.75724720954895 0.1341358603491272
502.7613573074341 7.704104334790755
504.7653467655182 0.11028860885839052
506.76918292045593 9.937311760299625
508.7727994918823 0.1132334
510.7767050266266 10.96910294264339
512.7807955741882 0.1219325
514.7847077846527 10.029678505603986
516.7889108657837 0.11940294631710362
518.7924587726593 8.54030231105559
520.796441078186 0.12970164821648217
522.8001227378845 7.487922242990654
524.8041832447052 0.12631430711610486
526.8075845241547 6.641429213483146
528.8119006156921 0.12941313358302123
530.816508769989 4.435489177057357
532.8207099437714 0.1284336868371803
534.8241763114929 3.420482794759825
536.8281607627869 0.12740602739726026
538.8316991329193 2.2314402501563477
540.8358030319214 0.1276631894934334
542.8398497104645 0.11717749220212102
544.8437721729279 1.1626728767123289
546.8473742008209 0.11873658963148033
548.8512382507324 2.33704
550.8556387424469 0.12077992509363294
552.8592059612274 3.2490156347717325
554.8631026744843 0.1193268
556.866943359375 5.649891217988757
558.8711879253387 0.1210166521468575
560.8750956058502 6.16744452454941
562.8790848255157 0.11821722846441947
564.883665561676 7.818987797878976
566.8876597881317 0.12301333333333334
568.8916022777557 9.610938390517779
570.8948705196381 0.11939038101186758
572.898636341095 10.954421859014348
574.9019966125488 0.11808339363693074
576.9057745933533 10.7138973
578.9093639850616 0.11440727272727272
580.9135437011719 8.862308014981274
582.9173760414124 0.11480774515927544
584.92156291008 7.6206121869158885
586.9257681369781 0.13599141073657928
588.9296979904175 6.953177855361596
590.9336268901825 0.13871601494396013
592.9376454353333 4.5497266666666665
594.9414355754852 0.14811159076731129
596.946614742279 3.603441648969394
598.9507536888123 0.1488048847352025
600.9546895027161 2.0124840974391005
602.9586985111237 0.13698297128589262
604.9623467922211 0.15299112219451372
606.9665126800537 1.1080713216957605
608.9701261520386 0.13995285892634207
610.9742805957794 2.419558352059925
612.9777729511261 0.1351474
614.981630563736 4.4332863840399
616.9855124950409 0.13388167186525265
618.9897935390472 5.582331571072319
620.9935340881348 0.13660374531835204
622.9976518154144 6.86193825436409
625.0015771389008 0.1374990310559006
627.0056095123291 8.638147074235809
629.0107772350311 0.13702901373283397
631.0147304534912 12.88408315196998
633.0187110900879 0.13435464330413016
635.022439956665 11.59414848560701
637.0264372825623 0.1371134
639.0302174091339 8.993148653725736
641.0345017910004 0.13713298377028713
643.0382468700409 8.149687960199005
645.0421235561371 0.13562393504059964
647.0457098484039 6.775475372107567
649.049943447113 0.1392747132169576
651.0536534786224 4.736486895690193
653.057864189148 0.1384781488430269
655.0614912509918 3.327505046728972
657.065544128418 0.13741348342714196
659.0701282024384 2.1881518306351184
661.0738961696625 0.1386822
663.077877998352 0.1366393017456359
665.0818471908569 1.230102842892768
667.0858776569366 0.1359009
669.0895531177521 2.4291236976889445
671.0937883853912 0.13689224234853217
673.0975940227509 4.376335670617592
675.1018538475037 0.1362066
677.1055734157562 5.705776520650813
679.1098339557648 0.13598142322097378
681.1134169101715 6.3102909318323945
683.1173095703125 0.13897252651278852
685.121258020401 7.535728639200999
687.1249072551727 0.138332784019975
689.1289231777191 9.65123356921167
691.1327903270721 0.13420430080795526
693.1372706890106 10.877175578947368
695.1411571502686 0.1361654033771107
697.1448438167572 10.4178674
699.1483709812164 0.1346816
701.1524360179901 9.0475485
703.1564455032349 0.13684594257178528
705.16029047966 7.9619194993742175
707.1642181873322 0.12114493765586033
709.1681923866272 5.3644656
711.1720039844513 0.12530688319800123
713.1759176254272 4.324562651657286
715.1795418262482 0.13200500312695435
717.1832864284515 3.162279550561798
719.1870648860931 0.12462600874453467
721.1910176277161 2.0873991000000003
723.195202589035 0.1306595622263915
725.200249671936 0.1170064
727.2043168544769 1.2618633707865168
729.2083761692047 0.11461795511221945
731.2122282981873 2.5362942678347937
733.2159490585327 0.1137744
735.219872713089 4.4820013982521845
737.2234909534454 0.1202666
739.227771282196 5.428746966292135
741.2315986156464 0.13628769999999998
743.2358322143555 6.5323948596381785
745.2398886680603 0.13654062421972535
747.2435305118561 8.417850460772105
749.2474882602692 0.13573323327079426
751.2508816719055 10.032041251564456
753.2549414634705 0.14010633354153654
755.2588610649109 10.640461534622583
757.262407541275 0.14140555694618273
759.2671885490417 9.938455756067206
761.2713384628296 0.13572822055137845
763.2751984596252 8.683822077596997
765.2788650989532 0.1354496439725172
767.2829525470734 7.646199301745636
769.2863676548004 0.1521063
771.2900376319885 5.770336060037524
773.2938163280487 0.14058027465667916
775.2974390983582 4.4650639401496255
777.3014817237854 0.13971575530586766
779.3051099777222 3.7020602
781.3087463378906 0.13699795255930086
783.3124639987946 1.1276456214865709
785.3161818981171 0.1384016
787.3199217319489 0.13438163443543358
789.3245937824249 1.242513129294191
791.3289968967438 0.10777078651685393
793.3326876163483 3.3501245443196006
795.3367941379547 0.1356599501246883
797.3406529426575 4.438488313627878
799.3443355560303 0.13616330206378985
801.3477647304535 5.973115887147335
803.351487159729 0.13797707133917397
805.35493683815 7.5715135162094755
807.3585650920868 0.08671241422333126
809.3621933460236 10.626233108614231
811.3664209842682 0.13672365228267666
813.3697760105133 10.058483051907443
815.3734362125397 0.1115502
817.3777933120728 10.655658372966208
819.3810517787933 0.10957283395755307
821.3848910331726 9.949300661260137
823.3887515068054 0.1160023955084217
825.3925597667694 7.843702942643392
827.3967914581299 0.11810506866416978
829.4003636837006 6.9039731503431065
831.4039850234985 0.1254208641202254
833.4080648422241 5.612349507788162
835.4122684001923 0.14868625545171338
837.4160933494568 4.145403735990037
839.4197309017181 0.13895820224719102
841.4238126277924 2.4120223302180688
843.4275548458099 0.15761891181988744
845.4315540790558 1.1027495446038678
847.4356350898743 0.2532440224859463
849.4391713142395 0.13513815461346634
851.4432103633881 2.2416924843945067
853.4475948810577 0.11020724094881397
855.451642036438 3.1980369538077404
857.4554789066315 0.13542688360450564
859.4595627784729 4.4640456
861.4634244441986 0.12774444027517198
863.467604637146 6.53343521495327
865.4716200828552 0.12991870081199253
867.4756543636322 7.736494364089776
869.4795973300934 0.14918994371482178
871.4830651283264 8.9016994
873.4870021343231 0.11356069825436407
875.490971326828 9.997822721598002
877.4949271678925 0.11382844277673546
879.4985194206238 10.952162696629214
881.5024077892303 0.11359950093574547
883.5063846111298 10.146562896379525
885.5111119747162 0.11324913857677904
887.5151960849762 7.7856754
889.5191292762756 0.1213455
891.5228805541992 6.636780312304809
893.5271723270416 0.12983754846779239
895.5310864448547 5.290954439574202
897.535238981247 0.1273463085571518
899.538747549057 4.3938096
901.5429916381836 0.1287246941323346
903.547149181366 2.396243495630462
905.5511744022369 0.14120759051186016
907.5547406673431 1.2953084322298563
909.559041261673 0.13694063630692452
911.5629849433899 0.14001219237976265
913.5665831565857 2.2770517852684145
915.5706024169922 0.1350267166042447
917.5745522975922 3.369678750780762
919.579540014267 0.137487680798005
921.5835781097412 5.148443184079602
923.5878570079803 0.13592279301745636
925.5916631221771 6.841384872274143
927.5958607196808 0.13691658140985652
929.5995230674744 7.754239800623052
931.602956533432 0.136278574108818
933.6071381568909 9.665717046307885
935.6110928058624 0.13557605985037408
937.6147289276123 11.441398503740649
939.618658542633 0.1373546
941.6225943565369 10.072558248905567
943.6263482570648 0.13672244541484715
945.6299784183502 9.201195352904435
947.6342778205872 0.13666077403245944
949.6377413272858 7.611811817613991
951.6416730880737 0.11609980000000002
953.6463136672974 6.6061886
955.6500797271729 0.13057181476846058
957.6544370651245 4.41908365456821
959.6581125259399 0.12474376485303315
961.6620573997498 3.4159629463171033
963.6659049987793 0.1383257535959975
965.6700456142426 2.4705515053091816
967.6741647720337 0.1373321370716511
969.6775076389313 0.13463645221736414
971.6812362670898 1.2953261845386534
973.684987783432 0.13527945034353528
975.6883699893951 2.3716953
977.6922466754913 0.09680659999999999
979.6958003044128 4.562359750312109
981.6995458602905 0.13831664790494058
983.7035927772522 5.681117003745318
985.7074069976807 0.13560684572142412
987.7113313674927 7.297774029850747
989.714702129364 0.13671250000000001
991.7187039852142 9.1251611
993.7223360538483 0.1362936
995.7263538837433 10.142599675202998
997.7300825119019 0.10816349781386633
999.7341406345367 10.868097139287945
1001.7378194332123 0.11002516853932584
1003.7414004802704 9.902447691350343
1005.7452254295349 0.10989203495630462
1007.7491042613983 8.609098653366583
1009.7530002593994 0.11274350592638803
1011.7565822601318 6.6579231000000005
1013.7612929344177 0.11446513715710722
1015.7650992870331 5.573084766063631
1017.7701470851898 0.12262048417132215
1019.7738914489746 4.4295813399503725
1021.7775094509125 0.13332448877805486
1023.7816038131714 2.3272871910112363
1025.7859120368958 0.1346745137157107
1027.7899446487427 1.2616780560747662
1029.7935993671417 0.12891133041848846
1031.7975568771362 0.11526521847690387
1033.8012392520905 1.976718102372035
1035.8053359985352 0.11432690863579474
1037.809711933136 3.2394921869158875
1039.813444852829 0.15437003745318353
1041.8175883293152 4.530348329177057
1043.8212702274323 0.1145428
1045.8251783847809 6.700945608994378
1047.8290972709656 0.12995723708774115
1049.8338825702667 7.7893915302935675
1051.8374888896942 0.1494858426966292
1053.8412494659424 9.252152495309568
1055.8451778888702 0.1321584009993754
1057.8490290641785 10.973786097867002
1059.8534076213837 0.13748434456928837
1061.8578486442566 10.3526849
1063.8616435527802 0.13585961225766105
1065.8657546043396 9.7045802
1067.8697957992554 0.15243897435897436
1069.8735690116882 7.710610305676855
1071.8779883384705 0.13746493765586035
1073.8818984031677 6.903990845771145
1075.8856298923492 0.13506345601996256
1077.8897867202759 5.8629545
1079.8934695720673 0.13646391005621486
1081.8978972434998 3.5515830242688238
1083.9014604091644 0.13780468827930176
1085.9053411483765 2.423191594746717
1087.9093608856201 0.13752039950062422
1089.913221359253 1.2173951401869159
1091.9173357486725 1.181091664580726
1093.9207873344421 0.1367695
1095.9243578910828 2.330253765586035
1097.9286706447601 0.0981911
1099.9323437213898 3.4458097067997504
1101.9358813762665 0.1367290112640801
1103.939566373825 5.4722642651657285
1105.9435694217682 0.13493223264540338
1107.9473543167114 7.1488587367104435
1109.9510877132416 0.1365413767209011
1111.9553802013397 8.11761223057644
1113.9589354991913 0.1366603
1115.9640045166016 10.128764677923701
1117.9677946567535 0.13397293308317698
1119.9715843200684 11.009823561643836
1121.9753665924072 0.11250966292134831
1123.9789426326752 10.027329376558605
1125.9825880527496 0.11252007476635513
1127.98646402359 8.671042495321272
1129.9898641109467 0.1178148
1131.994380235672 7.7922836907730675
1133.9981288909912 0.1207484
1136.0017907619476 6.564270922693267
1138.0057640075684 0.12900943089430894
1140.0091471672058 4.4594099
1142.0132224559784 0.1284440775484678
1144.016854763031 3.4742841172801
1146.0209715366364 0.13305554028732042
1148.024395942688 2.204417439100562
1150.0295112133026 0.1301875930521092
1152.033289194107 0.1080952404747033
1154.0370275974274 1.2442324547158026
1156.040857076645 0.11503970000000001
1158.0449030399323 2.252073216957606
1160.048874616623 0.15089655860349127
1162.0531449317932 3.9799806331471137
1164.056833744049 0.13322183635227983
1166.0604491233826 5.443871339173968
1168.0643362998962 0.11738796261682244
1170.0682654380798 6.591816672897196
1172.0722877979279 0.11638972568578554
1174.0798845291138 7.8117100563556665
1176.0837354660034 0.13600928838951312
1178.087654352188 10.083111366188396
1180.091730594635 0.11517454772301933
1182.0966756343842 11.073936815920398
1184.1004600524902 0.11681538077403246
1186.1039996147156 9.891366712586098
1188.108183145523 0.1123924641297567
1190.112107515335 8.885595813084112
1192.1162889003754 0.11455860262008734
1194.1196444034576 7.770835627732667
1196.1237111091614 0.12024449438202246
1198.1276640892029 6.783280449157829
1200.1313652992249 0.13145749999999998
1202.135427236557 4.4995681
1204.1390426158905 0.1285387265917603
1206.1425323486328 3.5227972000000003
1208.146291255951 0.12993569019362897
1210.1500961780548 2.2845349343339585
1212.1544027328491 0.12886503740648378
1214.1592934131622 0.12230715802623361
1216.1628785133362 1.2377194253591506
1218.1671078205109 0.11610933166770769
1220.1708908081055 2.379416224299065
1222.1746110916138 0.11802839999999999
1224.17857503891 3.3217596996245304
1226.182416677475 0.11851342910680825
1228.186325788498 5.5419097512437805
1230.189983844757 0.11232958203368684
1232.1941199302673 6.727265964912281
1234.1976935863495 0.1471385767790262
1236.2017979621887 7.357974266083697
1238.2056698799133 0.1485150466708152
1240.209620475769 9.707090568394754
1242.2135100364685 0.1331514018691589
1244.2174315452576 0.13396866958151155
1246.222312927246 0.1328301
1248.226369380951 0.13012052401746724
1250.2308068275452 0.1506827465667915
1252.234962940216 0.42934918380062304
1254.239236831665 0.11191745477230194
1256.243150472641 0.15179837398373985
1258.2471454143524 0.1350397997496871
1260.2509620189667 0.3241553087960075
1262.2550311088562 0.13577705735660847
1264.2588250637054 0.1344943820224719
1266.2633185386658 0.14162691682301437
1268.26695895195 0.1361094946974423
1270.2706997394562 0.1501038850718301
1272.2744767665863 0.13276811992504683
1274.2781569957733 0.1077994746716698
1276.2822561264038 0.1071078
1278.2871782779694 0.1136043917654398
1280.2909429073334 0.1299955527795128
1282.2966060638428 0.10777763387297633
1284.3004488945007 0.11244415519399249
1286.3040089607239 0.11145843847595253
1288.3081994056702 0.11986064837905237
1290.311529636383 0.11441288389513109
1292.3154315948486 0.11378551594746716
1294.3190443515778 0.12350660836976889
1296.3226895332336 0.1127093
1298.3265402317047 0.1191456660412758
1300.330293416977 0.12084751091703057
1302.3342595100403 0.11037853416149068
1304.3377454280853 0.11279571339563862
1306.3412396907806 0.11140541484716159
1308.3450446128845 0.11276845913911417
1310.3483700752258 0.11455890274314215
1312.3532099723816 0.12172471028037382
1314.357042312622 0.11916883895131086
1316.3604502677917 0.1178559600997506
1318.3642547130585 0.1198578
1320.3682174682617 0.14943490636704118
1322.372118473053 0.11998211118051218
1324.376075744629 0.11538741433021807
1326.3803145885468 0.1216614463840399
1328.3839271068573 0.11552549313358301
1330.3877656459808 0.11880679151061173
1332.3916068077087 0.12714386491557225
1334.3950860500336 0.11876664169787765
1336.3989877700806 0.10922650031191516
1338.4028646945953 0.11372034956304619
1340.406816482544 0.12458250779787898
1342.4108438491821 0.12173041848844472
1344.4158174991608 0.11544449438202248
1346.4200444221497 0.13545301627033793
1348.4238617420197 0.13449197244834063
1350.4274053573608 0.13354376485303315
1352.4313237667084 0.13592468827930174
1354.4347224235535 0.136690631644778
1356.438280582428 0.1355115947467167
1358.441790342331 0.1366691817613991
1360.4457817077637 0.1367783541147132
1362.4493079185486 0.13679590511860173
1364.4531064033508 0.13471350811485644
1366.4567286968231 0.135858177278402
1368.4608590602875 0.13591230961298376
1370.4644734859467 0.13314756554307117
1372.468088388443 0.13333923702313946
1374.4719347953796 0.13595284735202492
1376.476166009903 0.13321295809881176
1378.4805176258087 0.13423100562148657
1380.4841964244843 0.13869564566437928
1382.4879689216614 0.1383231480324797
1384.491900920868 0.1359614481897628
1386.495768547058 0.13630559099437148
1388.4997155666351 0.13468363180964307
1390.50408411026 0.13560009987515606
1392.507952451706 0.13497352464129755
1394.5128700733185 0.13610381070983812
1396.5163843631744 0.13526114713216958
1398.5202815532684 0.13294732376793514
1400.5239067077637 0.1346476
1402.5272834300995 0.1350250093691443
1404.530858039856 0.1356154
1406.5343868732452 0.1281884466625078
1408.5381994247437 0.13541718555417187
1410.5431742668152 0.1346786292834891
1412.5473763942719 0.13338928527035424
