1.422361135482788 24.081906916354555
3.4262945652008057 24.52324094881398
5.429376125335693 23.199049082969434
7.433420181274414 22.9792272319202
9.437495946884155 23.84028436724566
11.441295862197876 23.6574173
13.445327758789062 23.46629632398754
15.4489586353302 25.65963156054931
17.452881336212158 24.7988177
19.45743989944458 24.686666433479076
21.46107292175293 23.872943352024922
23.466419458389282 24.000221630367143
25.471020698547363 23.643016758104736
27.474363803863525 22.582906849656894
29.478408336639404 23.01997105427324
31.48274278640747 24.07793996275605
33.48618412017822 24.11753300248139
35.48980975151062 23.299132621118012
37.49352717399597 23.39473301863354
39.49742031097412 23.461597013067827
41.50109028816223 23.337817384806975
43.504709005355835 23.91460782067248
45.50887060165405 23.56147162094763
47.51256704330444 24.630481890547266
49.51625204086304 24.1082089
51.51968026161194 23.654428748451053
53.523542165756226 22.96980544437539
55.52725887298584 24.22154095356037
57.532360315322876 24.26350013656114
59.5362446308136 23.873886654298083
61.539632081985474 23.568394540942926
63.54302978515625 22.8977687
65.54700994491577 23.872240749531542
67.55056762695312 23.023236173913045
69.5547399520874 24.578109622291024
71.5581214427948 23.725021323345818
73.56216478347778 24.345373217391305
75.56640577316284 24.559576
77.57014489173889 24.277943013019218
79.57432961463928 25.021796830941984
81.57856845855713 25.05129141433022
83.58233642578125 23.394683298202107
85.585942029953 23.734251755915317
87.58951711654663 23.204524383900928
89.59337949752808 24.470243486924034
91.59690499305725 24.098908129675813
93.60133981704712 24.698688099688475
95.60492324829102 23.828551
97.60893821716309 23.536898515283845
99.61267375946045 23.321747562189053
101.61631345748901 25.217092523248606
103.62010335922241 25.59742645080946
105.62339091300964 24.31802333126935
107.62689924240112 23.690113673723538
109.63077425956726 23.439703283582087
111.63457560539246 23.681529476309226
113.63841390609741 23.30045184079602
115.64224028587341 24.272716133828997
117.64587187767029 25.16010753117207
119.64993357658386 22.872926658446364
121.65364837646484 24.453042538892348
123.65819048881531 23.707872996884735
125.66180086135864 23.623595148514852
127.6661422252655 23.297339850374065
129.67009234428406 23.34481847690387
131.6738727092743 23.445586277190802
133.67774629592896 23.420794218068536
135.68174028396606 23.71156503113325
137.68513774871826 23.592885227131298
139.68896627426147 23.05075471321696
141.69241881370544 23.54048288198758
143.6966106891632 23.655071141609483
145.70041227340698 23.43062713842334
147.70424699783325 23.428791547545057
149.7076165676117 23.877539152119702
151.71142411231995 23.499119750156154
153.71544337272644 23.317150684931505
155.71861505508423 24.04319481942715
157.72373843193054 23.158077608966376
159.72762084007263 25.052208268156424
161.73129653930664 25.015399155279503
163.73541569709778 25.328232302917442
165.73930549621582 24.353694105919
167.7431104183197 23.651662910680823
169.74684166908264 23.612605424148605
171.7508807182312 23.126323638629284
173.75485348701477 24.494735990006248
175.75879621505737 23.20187823492853
177.76298427581787 23.00047344506518
179.76753759384155 24.360074779366066
181.77170038223267 24.02819746583851
183.77638459205627 23.429251945477077
185.77992486953735 24.112195324675326
187.78406476974487 23.497585554171856
189.78738164901733 24.114182180685358
191.7909333705902 23.351729514321296
193.79439187049866 23.63437432835821
195.7984299659729 23.33933546865301
197.80246996879578 23.130008228004957
199.80623149871826 23.00714331883157
201.8103265762329 25.319550149253732
203.814444065094 25.43665205479452
205.8182578086853 25.4761970755886
207.82192373275757 24.4477022
209.8256013393402 24.34495119356834
211.82949328422546 23.639715289719625
213.8329997062683 23.41430034739454
215.83728861808777 23.34378934823091
217.84089851379395 23.279377425742574
219.844908952713 23.464698236024844
221.84910655021667 23.618127621419678
223.85263180732727 23.642205813664596
225.856440782547 23.305954008701057
227.8603217601776 23.010344676616914
229.86375451087952 23.516316019900497
231.86804389953613 22.490055862068967
233.87197923660278 24.621000297029703
235.87541842460632 23.115696377171215
237.87935280799866 24.883271354037266
239.88289046287537 25.698235157504634
241.88680624961853 23.794575375077496
243.8900637626648 22.592753156269303
245.89398312568665 22.9835655721393
247.8974733352661 23.47657631840796
249.90138149261475 23.556404017358958
251.90640211105347 23.180790634627233
253.91019916534424 24.31019773208723
255.91379237174988 24.720701346633415
257.91723346710205 23.57289172541744
259.9212610721588 24.143613308411215
261.9246666431427 22.79671592039801
263.928288936615 24.935179912989437
265.93202090263367 24.29643541147132
267.935911655426 23.141800718266254
269.9400839805603 25.577376978776527
271.943989276886 23.399428273291925
273.9475574493408 23.485482058276503
275.9520025253296 23.769007651090345
277.9558072090149 23.69609892901619
279.95980429649353 22.87518729528536
281.96356081962585 24.709789614906832
283.9682569503784 25.24135935683364
285.97254157066345 23.908660372670806
287.9761760234833 23.42424059850374
289.97998809814453 23.423561963952764
291.98396277427673 24.33994504950495
293.98780632019043 23.313240522063396
295.99163126945496 23.944354271481945
297.9955155849457 24.664751304347828
299.9993269443512 24.621006749379653
302.0039372444153 23.01786116192831
304.00775623321533 24.529098308457712
306.0115134716034 23.83694731585518
308.01529598236084 23.043108784119106
310.0191915035248 23.60151042394015
312.02289605140686 23.795390043236566
314.02623987197876 23.32696059850374
316.03118419647217 23.188495980148883
318.03487968444824 23.70364485376478
320.0389189720154 23.222594371108343
322.0427565574646 23.525078278228325
324.0463664531708 24.120531203992517
326.0502419471741 23.510441470404984
328.05409002304077 23.676590822942643
330.0575819015503 23.26915323767935
332.06082677841187 23.956489032258062
334.06461095809937 23.66003464841319
336.06817078590393 23.697204367245657
338.0723731517792 24.493749446172995
340.07597613334656 24.012458263027295
342.07972955703735 23.836269913043477
344.0833230018616 23.28030690638562
346.08722162246704 22.87430037174721
348.09142780303955 23.687669838107098
350.09529542922974 23.256626674953388
352.0989263057709 23.44618295652174
354.10270261764526 23.65866816199377
356.1066687107086 23.22523693457944
358.11050367355347 24.049071950155763
360.11416602134705 23.199802616822428
362.11788392066956 23.401389563046195
364.1215240955353 23.95618631775701
366.1249017715454 23.85347207995003
368.12828516960144 23.56406982543641
370.13243198394775 23.732335380774032
372.1365215778351 23.73939751243781
374.14033818244934 23.534146666666665
376.14403653144836 23.62757934038581
378.14767146110535 24.107768888888888
380.1529150009155 25.350048219178085
382.1566400527954 23.53954983219391
384.16034173965454 24.85606577114428
386.1639733314514 24.993970180460483
388.16770243644714 24.649323925465836
390.17161798477173 24.357287870485678
392.1755278110504 23.712069250773993
394.1785933971405 23.938990853582553
396.1831011772156 23.187393930348257
398.1867289543152 23.461021348175635
400.1909086704254 23.468439081315953
402.1943826675415 23.425845180572853
404.19877886772156 24.26007811414392
406.20216178894043 23.23406175960347
408.2064549922943 23.19784583905178
410.20941615104675 24.601164272329797
412.21340703964233 25.89724417910448
414.2185523509979 17.991272835820897
416.2224597930908 0.1460158
418.22594380378723 0.1432252315394243
420.2298777103424 0.14276467207995003
422.2335410118103 0.14336319201995013
424.2371711730957 0.14347205992509365
426.2420587539673 0.14931646837820914
428.2452359199524 0.14397978736710443
430.24891996383667 0.14493331667707685
432.25285935401917 0.14627575530586767
434.2559778690338 0.14482355583281348
436.25914764404297 0.14476916145181476
438.2626223564148 0.1468594
440.2662355899811 0.14255051777916405
442.2703206539154 0.1454574672489083
444.2737383842468 0.14522061135371178
446.2775673866272 0.1451765938864629
448.28158736228943 0.14981343339587241
450.28533244132996 0.1443847595252967
452.2886106967926 0.14502847161572052
454.2920730113983 0.14483353711790395
456.2953269481659 0.14378916354556803
458.2988324165344 0.1427468335419274
460.3023307323456 0.1442083604505632
462.3061902523041 0.1437806
464.3094701766968 0.142379
466.3134093284607 0.14240649188514357
468.31698846817017 0.1457674
470.32099199295044 0.1452448219862586
472.3243327140808 0.14421043695380775
474.3285765647888 0.1429951
476.33267068862915 0.14689118601747814
478.33663034439087 0.14365198248905564
480.34139585494995 0.14139892567145534
482.34479236602783 0.13520219862585883
484.34850907325745 0.1416980612883052
486.3520293235779 0.12259595505617978
488.35570883750916 0.12059193004372266
490.35921812057495 0.1200572
492.3631103038788 0.12145256857855362
494.3666424751282 0.11935551401869159
496.3702220916748 0.12431101123595506
498.3738327026367 0.12006113821138212
500.37750148773193 0.11887289999999999
502.3808448314667 0.12982941323345817
504.3845908641815 0.12489424109931294
506.38843059539795 0.1437437
508.39247465133667 0.1432156
510.3958103656769 0.14272670838548185
512.3997230529785 0.14372275344180224
514.4046239852905 0.14553055659787367
516.4078063964844 0.1460079549718574
518.41117811203 0.14471113337507827
520.4145560264587 0.14392029962546818
522.4183297157288 0.14453876327295442
524.4217965602875 0.1423003754693367
526.4258089065552 0.154829063670412
528.4291558265686 0.14561781113195746
530.4326860904694 0.1725124984423676
532.4362914562225 0.1585764
534.4399576187134 0.14395
536.4439401626587 0.160571842598376
538.447461605072 0.14589571517801375
540.4511461257935 0.15333560000000002
542.4546589851379 0.16152254522769807
544.4580481052399 0.1599356597873671
546.4628870487213 0.14313390654205607
548.4666018486023 0.14306398500936915
550.4700219631195 0.14409679750778814
552.4735059738159 0.14480429731417865
554.4771990776062 0.13154357053682897
556.4810678958893 0.1419842
