9.093770068535825
9.821709819539514
9.410762493765585
9.555509831775701
9.810014581772784
9.069211628197131
9.3217272
9.708498952618454
9.38687121646912
9.428565028002488
9.377025155666253
9.373375162094764
9.845096044915783
9.517858154613466
9.898517433021807
9.408506301369863
9.40739751243781
9.600129732420658
9.355413930348258
9.240353058676654
9.251084588528679
9.858856529338327
9.5436069
9.393682092154421
9.381990423940149
9.547892299999999
9.3722902
8.950601068986948
9.580865935162095
9.274124072454716
9.366784479101685
9.823397658779577
9.60248313238036
9.408838851435705
9.711810781738587
9.650107214953271
9.713996756082345
9.379006941323347
9.550673757802747
9.728878750780762
9.770773799126637
9.6663539
9.558783102803739
9.57266817672682
10.213792779512804
8.902462647607209
10.445844047470331
9.852181763975155
10.38932072184194
9.791913554028731
10.447986143302181
9.897836855895196
10.47997674360574
9.7285146
9.794373948845914
9.511365685785536
10.6322106
9.57576851275669
8.838049595015576
9.420746133666459
9.359348893058161
9.624029762796503
9.381340486587648
9.384904039900249
9.502501736414741
8.996893208722742
9.654286042446941
9.355577464084947
9.665973432835822
9.581728
9.342714925373134
9.772715967641568
10.0044199
10.447298729763387
10.32759810709838
9.67615163658992
10.422362481389579
10.434296335209506
9.795777512437812
9.996041344956414
10.441670503418273
9.476309651741294
9.293311561916614
9.466344968789013
9.595534138145613
9.524879850280724
9.500463582089552
8.908868061919504
9.780840249066003
9.38029876635514
9.596463105590063
9.352031681195516
9.503426965174128
9.747934781523096
8.598940985651902
9.032622510930668
10.143738989394885
10.291863056768559
10.38678815920398
10.448413474207582
9.461256729088639
9.423399999999999
9.541261945137157
8.871333515868077
9.698912540675844
9.513615860349127
9.413616249221183
9.414850099999999
9.401904049844237
9.679303341645886
8.798281470404984
9.442935860349127
9.338717714285714
9.894132338308458
9.398116838830118
9.371567047146403
9.33735506542056
9.713212369077306
8.845056438356165
9.579445479452055
9.714846042446942
9.360302366938008
9.388186500622666
9.36197353271028
9.642985835411471
9.282926071205496
10.03970908182386
10.008751801242235
9.339293383270912
9.752717897371713
9.322305976294448
9.164052301933873
9.369815760598504
9.364505096094234
9.385101281891723
9.739811922837585
9.396358256537983
9.430773533083645
8.990442673329168
9.30356811955168
9.56551111111111
9.484750068792994
9.801746699999999
9.323826841121495
9.421467817385865
9.410072352576039
8.761736957605985
9.1143082
9.929899
9.548369438202247
9.518968911138924
9.424419451371572
9.398553520249221
9.472633341614907
