0 1.0181796550750732 21.18104991239049 0.2
1 3.0225141048431396 0.17853459526774595 0.2
1 5.027010679244995 18.949750978934325 0.2
2 7.031493902206421 0.17715122194513716 0.3
2 9.035879373550415 26.398902728410512 0.3
4 11.039502620697021 24.883497607891492 0.3
5 13.043612241744995 26.120341161928305 0.3
6 15.047596454620361 29.201339303482587 0.3
7 17.051885843276978 29.536721282367445 0.3
8 19.05553364753723 0.15172923076923078 0.4
9 21.05907368659973 33.7062674456184 0.4
10 23.063927173614502 33.34224118153846 0.4
11 25.06758165359497 34.416012300062 0.4
12 27.0718777179718 31.48797780517879 0.4
13 29.075589418411255 31.11926251393189 0.4
14 31.078481435775757 29.964083366336634 0.3
15 33.08213686943054 0.19939189999999998 0.3
16 35.08664798736572 29.613465691258522 0.3
17 37.09015941619873 29.34553598027127 0.3
18 39.094788789749146 28.709545751072962 0.3
19 41.09849810600281 27.956025092250925 0.3
20 43.103108644485474 26.685453234567902 0.3
21 45.10601282119751 28.60593516307692 0.3
23 47.1096076965332 27.594331526251526 0.3
24 49.11360812187195 25.371158728606357 0.3
25 51.11721706390381 24.047800293398534 0.3
26 53.122676372528076 23.959498261933902 0.3
28 55.125324964523315 22.916330897832818 0.3
29 57.12836837768555 21.952788979089792 0.3
31 59.1345739364624 14.880693333333333 0.3
32 61.137168407440186 15.125217788697789 0.3
34 63.141090393066406 15.160888098765431 0.3
35 65.14443731307983 15.060862376237624 0.3
37 67.14802575111389 11.964540938086305 0.3
38 69.15245199203491 12.906687521793275 0.3
40 71.1556646823883 11.928884121663563 0.3
41 73.16279339790344 12.041266968769136 0.3
43 75.16377973556519 10.147391542288558 0.3
45 77.16793298721313 10.200867788161993 0.3
46 79.17122793197632 10.408376004947433 0.3
48 81.17436957359314 9.31184218362283 0.3
50 83.17841291427612 8.911717409006787 0.3
51 85.18207287788391 8.705338478664192 0.3
53 87.18557024002075 9.664366263871763 0.3
55 89.1886191368103 11.023998907510862 0.3
56 91.19293212890625 10.717467817509247 0.3
58 93.19599962234497 11.123868963795255 0.3
60 95.19900393486023 11.09003411545624 0.3
61 97.20376515388489 12.64578236664623 0.3
63 99.20613837242126 14.347590642988365 0.3
64 101.20961093902588 13.374277538086531 0.3
66 103.21351647377014 14.56861521685254 0.3
67 105.21743822097778 17.126336040100252 0.3
68 107.22168946266174 18.118006445971268 0.3
70 109.22579956054688 17.883750888610763 0.3
71 111.22848701477051 18.077993946216388 0.3
73 113.23208141326904 20.475328580362724 0.3
74 115.23545980453491 20.247364192139738 0.3
75 117.23963975906372 20.766050736579274 0.3
76 119.24370503425598 20.114465563909775 0.3
78 121.2467634677887 20.03712369077307 0.3
79 123.25011277198792 20.830923345817727 0.3
80 125.25298810005188 21.00849542892924 0.3
81 127.25628447532654 21.196033061991233 0.3
82 129.25954794883728 21.791972602739726 0.3
84 131.2636740207672 20.450185077591556 0.3
85 133.26635003089905 9.100644102564102 0.2
85 135.26985096931458 12.032811336233685 0.2
86 137.2733039855957 23.560757679351216 0.3
87 139.27726244926453 0.17803775280898876 0.3
87 141.28194451332092 24.87396634207241 0.3
89 143.28571271896362 23.24004382739212 0.3
90 145.290354013443 21.731250709838108 0.3
91 147.29292964935303 21.449192627646326 0.3
92 149.29738235473633 20.20322525265128 0.3
93 151.30011081695557 21.553026757594544 0.3
95 153.3044924736023 20.217430711610486 0.3
96 155.3061866760254 19.5599083427142 0.3
97 157.31005716323853 19.026523391521195 0.3
98 159.31350684165955 18.822250284301607 0.3
100 161.31870698928833 19.497931632778805 0.3
101 163.32453989982605 19.050800196560196 0.3
102 165.325021982193 23.028015580524343 0.4
103 167.32893013954163 0.1815816 0.4
103 169.33271431922913 24.450033631840796 0.4
105 171.33643770217896 18.930316938271606 0.4
106 173.3430359363556 19.219380406654345 0.4
107 175.3449411392212 20.193623850931676 0.4
108 177.34992289543152 21.403944806973847 0.4
109 179.35666513442993 21.964195168119552 0.4
110 181.35651063919067 21.698539826946845 0.4
112 183.3605453968048 20.53507451174289 0.4
113 185.36399030685425 20.404124422604422 0.4
114 187.37042832374573 19.569297822028624 0.4
115 189.37357306480408 20.298237821782177 0.4
116 191.37735891342163 20.56165443402126 0.4
117 193.37951970100403 20.218027930174564 0.4
118 195.38958549499512 19.630713643699565 0.4
120 197.38704085350037 20.0444289 0.4
121 199.39168286323547 18.053696198757763 0.4
122 201.39467000961304 18.698598524077546 0.4
123 203.399090051651 18.07876408977556 0.4
125 205.4031903743744 19.025113091364204 0.4
126 207.406893491745 18.09670991260924 0.4
127 209.4106183052063 18.128853565217394 0.4
128 211.41471648216248 17.356521829419037 0.4
129 213.4189853668213 17.06971620111732 0.4
131 215.4222354888916 17.267906213712166 0.4
132 217.42784142494202 15.516356777014368 0.4
133 219.4319064617157 13.798905310173698 0.4
135 221.4345099925995 13.915299427148195 0.4
136 223.4401729106903 13.364391921182268 0.4
137 225.44069695472717 14.210519399999999 0.4
139 227.44472694396973 10.473331606475716 0.4
141 229.4481282234192 10.42075036204744 0.4
142 231.45237469673157 10.747495384615384 0.4
144 233.4556941986084 9.3571084 0.4
145 235.45936918258667 7.832972652552926 0.4
147 237.46320724487305 8.165051158156912 0.4
149 239.46705389022827 6.587584659587757 0.4
150 241.47074842453003 5.399648855721393 0.4
152 243.47416949272156 5.420790031152648 0.4
154 245.47706937789917 5.630808114499067 0.4
156 247.48067998886108 4.3062264 0.4
158 249.48428964614868 3.1854299251870324 0.4
159 251.48768758773804 2.9336512 0.4
161 253.490642786026 3.3710272920575357 0.4
163 255.4944806098938 5.923712 0.4
165 257.49812412261963 5.177040498753118 0.4
167 259.4994819164276 5.643089445482866 0.4
168 261.5075469017029 11.302062565379826 0.4
170 263.50685000419617 13.699183989993745 0.4
171 265.5117907524109 14.576189172370876 0.4
172 267.51424837112427 12.110247064676617 0.4
174 269.51805996894836 15.185950585305106 0.4
175 271.52229285240173 17.353860162601624 0.4
176 273.52658915519714 16.98386447761194 0.4
177 275.5311915874481 17.528290573566085 0.4
179 277.5324637889862 16.698706208619612 0.4
180 279.5365719795227 19.674894073611977 0.4
181 281.5402641296387 20.4023059 0.4
182 283.54369831085205 19.877916004993757 0.4
183 285.5466868877411 20.4860961 0.4
184 287.5513892173767 20.89984461442006 0.4
185 289.55444383621216 21.172245625388925 0.4
186 291.5571744441986 23.452113933415536 0.3
187 293.56134939193726 0.1516053 0.3
187 295.56543493270874 26.592105933791384 0.3
189 297.5694751739502 25.658636143386897 0.3
190 299.5736153125763 25.507342843137256 0.3
191 301.57639360427856 25.816090601226993 0.3
193 303.58205103874207 22.602914488671157 0.3
194 305.5846698284149 22.622127294981638 0.3
195 307.59029746055603 23.00691151219512 0.3
196 309.5939230918884 22.697133226403455 0.3
198 311.59808468818665 22.106990951792334 0.3
199 313.6009738445282 23.06681837837838 0.3
200 315.60406947135925 22.4719781238504 0.3
202 317.6092371940613 22.144641770129073 0.3
203 319.61239409446716 24.022587701786815 0.3
204 321.616219997406 23.36168491400491 0.3
206 323.61967492103577 23.46658566687154 0.3
207 325.62276244163513 22.39501964698722 0.3
208 327.6273171901703 24.18238439263804 0.3
209 329.63221049308777 20.398147456790124 0.3
210 331.6357445716858 18.79576513580247 0.3
211 333.6378674507141 19.8884087 0.3
213 335.64423394203186 19.91258726479751 0.3
214 337.64841985702515 19.253532915899324 0.3
215 339.6498281955719 18.110059402985073 0.3
216 341.6523504257202 7.6701854341036855 0.4
216 343.656108379364 17.76751791304348 0.4
217 345.67012214660645 20.718501953951463 0.4
218 347.66597843170166 18.735862011104256 0.4
219 349.6695284843445 18.80497965087282 0.4
221 351.67143845558167 19.135912545340837 0.4
222 353.67473125457764 17.736741326658322 0.4
223 355.67862844467163 19.457080777429468 0.4
224 357.68205881118774 18.77068481778876 0.4
225 359.68815565109253 19.367484996892482 0.4
226 361.6945161819458 18.21713566502463 0.4
227 363.69282054901123 3.2291867166042447 0.3
227 365.6964452266693 22.26826885164494 0.3
228 367.7075171470642 21.823447678018574 0.3
229 369.70475339889526 21.7309969689441 0.2
230 371.70958638191223 0.16815910336239104 0.2
230 373.7138433456421 19.081587661691543 0.2
231 375.7176356315613 0.1708715 0.3
231 377.7211685180664 29.405121793275217 0.3
232 379.72623109817505 27.561376951672862 0.3
234 381.72954082489014 27.867785416409625 0.3
235 383.7338571548462 28.406872319999998 0.3
236 385.73646879196167 27.70783902557856 0.3
237 387.74017119407654 27.223877346437348 0.3
238 389.7433075904846 28.93138800982801 0.3
239 391.7474694252014 27.64724654366544 0.3
240 393.75472021102905 24.578827616707617 0.3
242 395.7580454349518 24.15024253968254 0.3
243 397.764878988266 25.254750257037944 0.3
244 399.7660596370697 25.076600147601475 0.3
245 401.76703095436096 23.83367318734793 0.3
247 403.77256441116333 23.12855010359537 0.3
248 405.7762236595154 23.069345544554455 0.3
249 407.7791061401367 24.090966465144973 0.3
251 409.7835075855255 24.560347138499083 0.3
252 411.7878999710083 23.14011614960147 0.3
253 413.7951285839081 22.457736004917024 0.3
254 415.79870676994324 22.759884411764705 0.3
256 417.799489736557 22.896213366459627 0.3
257 419.80543994903564 20.272544816428127 0.3
258 421.80776715278625 14.164816710444029 0.3
259 423.8128821849823 15.94584748915065 0.3
260 425.8159568309784 15.102416397515528 0.3
262 427.8199586868286 14.732511175361406 0.3
263 429.82302069664 5.611647044181705 0.2
263 431.8267047405243 12.747899761456372 0.2
264 433.8313946723938 13.554457008069523 0.2
266 435.8352198600769 6.973703383084577 0.3
266 437.8391966819763 7.213465751715534 0.3
268 439.8448486328125 14.064106268656717 0.3
269 441.85189056396484 12.386608738461538 0.3
271 443.85142159461975 9.081450116635972 0.3
272 445.8552575111389 1.367932662942272 0.2
272 447.8588252067566 9.847838011187072 0.2
274 449.86396527290344 9.525111542288558 0.2
275 451.8669710159302 0.17850523957685127 0.1
276 453.87068009376526 8.95875533374922 0.1
277 455.87478590011597 7.095007481296759 0.2
278 457.8782720565796 0.17507395755305868 0.2
279 459.8818881511688 6.716768539325843 0.2
281 461.88680362701416 7.826740284477427 0.2
283 463.89275765419006 4.375884990870359 0.2
285 465.9006540775299 4.171731545623836 0.2
287 467.90240144729614 4.464873653966271 0.2
288 469.9032118320465 4.969817512437811 0.2
290 471.9096591472626 4.28933855361596 0.2
292 473.9111008644104 4.5901814851485145 0.2
294 475.92077922821045 6.239789236545682 0.2
295 477.9179549217224 11.04606023705552 0.2
296 479.9215805530548 10.564950917030567 0.1
297 481.92577838897705 0.17697858838226108 0.1
298 483.9296040534973 10.55796860885839 0.2
299 485.93391966819763 0.17496794503435353 0.2
299 487.9378354549408 14.015471408891672 0.2
300 489.9419467449188 0.1796077902621723 0.2
300 491.9454140663147 0.17541336664584634 0.2
