0 1.0190284252166748 21.25134447761194 0.2
1 3.0230565071105957 0.16877421611492818 0.2
1 5.0265913009643555 19.16057063354037 0.2
2 7.0303308963775635 26.15366904109589 0.3
3 9.034181356430054 0.16513266043613706 0.3
4 11.038121700286865 26.093911615720522 0.3
5 13.042026042938232 26.649926011271134 0.3
6 15.045458793640137 30.073572342007438 0.3
7 17.049652814865112 29.39193186840472 0.3
8 19.053135633468628 30.187177580246917 0.3
9 21.057406902313232 29.808624941176472 0.3
10 23.061025619506836 29.546789728395062 0.3
12 25.06565761566162 30.006627509293683 0.3
13 27.06890106201172 28.68618372755418 0.3
14 29.073967218399048 29.0091302189781 0.3
15 31.077280044555664 28.28941180529883 0.3
16 33.081480979919434 29.379013644744926 0.3
17 35.084933280944824 29.830344231955586 0.3
18 37.09023308753967 27.68663365703749 0.3
19 39.09378385543823 28.64344284466625 0.3
20 41.09790778160095 27.469755305867665 0.3
21 43.101536989212036 28.5581844 0.3
23 45.106170654296875 26.52400729544035 0.3
24 47.10980200767517 24.81088859462836 0.3
25 49.11291980743408 24.713825 0.3
26 51.116251945495605 0.17870873520249222 0.4
26 53.11950087547302 25.27991548106766 0.4
28 55.12414765357971 23.610850476780186 0.4
29 57.12789726257324 22.68471282689913 0.4
30 59.13070726394653 14.997817520249221 0.4
32 61.13545489311218 16.1707100621118 0.4
33 63.14006853103638 15.952327051520795 0.4
35 65.14295744895935 14.818349913043477 0.4
37 67.14666891098022 13.736851120743035 0.4
38 69.15124917030334 13.729044543209875 0.4
40 71.15394282341003 13.132528454882571 0.4
41 73.15759873390198 13.160971972789115 0.4
43 75.16093444824219 10.031884494103041 0.4
45 77.16791152954102 10.949167140210006 0.4
47 79.16932272911072 10.822124257425743 0.4
48 81.17308306694031 9.844770472103004 0.4
50 83.17694783210754 9.4026325398773 0.4
52 85.1805636882782 9.699884582043342 0.4
54 87.18507170677185 9.067669273743016 0.4
55 89.18897366523743 11.669429405940594 0.4
57 91.19305372238159 11.021613705772811 0.4
59 93.1961441040039 10.559937309361437 0.4
60 95.20135831832886 13.7624146625387 0.4
62 97.20490860939026 13.734846454767727 0.4
64 99.20921301841736 14.098670792079208 0.4
65 101.21441340446472 13.851916461916462 0.4
67 103.21963834762573 18.241852880937692 0.4
68 105.22096610069275 18.702880787692308 0.4
70 107.22440075874329 16.80821112484549 0.4
71 109.22810435295105 18.06652349847095 0.4
72 111.23193573951721 20.553940882535738 0.4
74 113.23538374900818 20.256648987654323 0.4
75 115.2410044670105 19.838782582657515 0.4
76 117.24282312393188 19.505895980148882 0.4
77 119.24677348136902 20.6210953387197 0.4
79 121.25029277801514 21.357162600619194 0.4
80 123.25440645217896 21.122562898188633 0.4
81 125.25767064094543 21.68032169470405 0.4
82 127.2617859840393 20.877558636081837 0.4
84 129.26774430274963 21.491066134663342 0.4
85 131.2700252532959 21.51550717215662 0.4
86 133.27363896369934 22.29457285180573 0.4
87 135.27767086029053 21.35336433105165 0.4
89 137.2811291217804 21.027408569643974 0.4
90 139.2849395275116 21.011161351689612 0.4
91 141.28828883171082 22.106944719101122 0.4
92 143.29136276245117 21.51243630922693 0.4
93 145.29524755477905 21.54008199252802 0.4
95 147.2988920211792 21.776310922693266 0.4
96 149.30198884010315 19.584556815920397 0.4
97 151.30652904510498 20.523148303068254 0.4
98 153.30894088745117 20.363853805090006 0.3
99 155.31240916252136 0.18246110000000001 0.3
100 157.3174533843994 23.36211702313946 0.3
101 159.320072889328 21.404643967761935 0.2
102 161.32508373260498 0.17307254067584482 0.2
103 163.3287410736084 20.167863655645665 0.2
104 165.33441829681396 19.703362668313773 0.2
105 167.3401186466217 19.265457843499693 0.2
106 169.3433873653412 18.482025289052892 0.2
107 171.34444999694824 9.963656373831775 0.1
108 173.34871006011963 3.6961997 0.1
108 175.3523244857788 8.632903764853033 0.2
109 177.35615968704224 8.662634806491885 0.2
109 179.35978055000305 12.354486176836863 0.2
110 181.36384391784668 4.053313437305054 0.3
110 183.367662191391 21.25583012468828 0.3
111 185.37434315681458 26.088103376947043 0.3
113 187.37703466415405 20.139499048795553 0.3
114 189.37991452217102 20.441486658322905 0.3
115 191.38395643234253 20.335093366521466 0.3
116 193.38773345947266 20.184815879396986 0.3
117 195.39326786994934 20.121149118198876 0.3
119 197.395498752594 20.107028893058164 0.3
120 199.40010404586792 19.23504378580324 0.3
121 201.40587449073792 18.117462942643392 0.3
122 203.4065065383911 18.697858914535246 0.3
124 205.40947079658508 15.504623310430981 0.2
124 207.41287422180176 4.819037801374141 0.2
125 209.41678857803345 20.67071920249221 0.3
126 211.42009496688843 0.17519399624765478 0.3
127 213.42380619049072 20.588026433915214 0.3
128 215.42763924598694 17.146515593846154 0.3
129 217.43122744560242 16.89620155076923 0.3
131 219.43611216545105 16.363168993788822 0.3
132 221.4389569759369 16.02541358070501 0.3
133 223.44339990615845 15.225356227801592 0.3
135 225.44775485992432 14.793566859250154 0.3
137 227.4533703327179 15.113243298202109 0.3
138 229.45842719078064 12.409756938271604 0.3
140 231.45983624458313 12.202548133498146 0.3
141 233.46293592453003 11.724061553637483 0.3
143 235.4669852256775 11.903819751861041 0.3
145 237.47068572044373 6.751238250154036 0.3
147 239.47428703308105 7.534612473651581 0.3
148 241.4823181629181 6.756948564325668 0.3
150 243.48251056671143 6.50682138905962 0.3
152 245.49227285385132 5.278195627732667 0.3
154 247.4898476600647 5.321417855361596 0.3
155 249.49439764022827 5.296931770573566 0.3
157 251.49888253211975 3.145258640049906 0.3
159 253.50099730491638 1.2105270411985019 0.2
159 255.50503134727478 2.4144131917551532 0.2
161 257.51111245155334 3.5759608 0.2
163 259.5140359401703 5.214379013116802 0.2
165 261.51768255233765 5.684821260137243 0.2
166 263.5210816860199 7.838905504358655 0.3
167 265.5245862007141 0.17469068167604754 0.3
168 267.5285732746124 11.659094668335419 0.3
170 269.53321862220764 12.027018726591761 0.3
171 271.53766655921936 12.314328712871287 0.3
173 273.54036808013916 12.165765693251533 0.3
174 275.54434180259705 15.274290379589297 0.3
175 277.5495114326477 18.061502299134734 0.3
176 279.5508072376251 16.73509482309125 0.3
178 281.5554168224335 16.175163874151757 0.3
179 283.5583713054657 16.15940998757764 0.3
180 285.5616443157196 19.884774531835205 0.3
181 287.56482577323914 21.707131357409715 0.3
182 289.57080459594727 20.117886796238242 0.3
183 291.5735719203949 20.41540477201749 0.3
184 293.5760006904602 21.38809975062344 0.3
185 295.58001232147217 20.72384495970242 0.3
186 297.58308458328247 20.072678760842628 0.3
187 299.58613634109497 21.43408 0.3
188 301.5902454853058 20.57160642190417 0.3
189 303.59301567077637 21.566735109443403 0.3
190 305.59622049331665 21.0880294 0.3
191 307.59960865974426 21.121132967581048 0.3
193 309.6035101413727 20.605422421972534 0.3
194 311.6080527305603 19.109094396014946 0.3
195 313.61132621765137 19.033774890693316 0.3
196 315.6167676448822 19.876538172715893 0.3
197 317.615873336792 22.808590255451712 0.4
198 319.6191861629486 0.1752557907845579 0.4
198 321.62353110313416 25.443521487910726 0.4
200 323.62798500061035 20.548064999999998 0.4
201 325.6302168369293 18.47144628992629 0.4
202 327.6349709033966 18.95016397515528 0.4
203 329.63751220703125 17.393877445753255 0.4
204 331.64178586006165 20.19825518102372 0.4
205 333.64576172828674 19.159695190505936 0.4
206 335.64860367774963 19.72496049937578 0.4
207 337.6518728733063 18.88382660836977 0.4
208 339.6556611061096 19.08198998130841 0.4
209 341.6588091850281 18.713390093574546 0.4
210 343.66344237327576 19.6177412 0.4
211 345.6656303405762 20.530752858926345 0.4
212 347.66928482055664 20.341623929912387 0.4
214 349.67213010787964 20.2742424706609 0.4
215 351.6754593849182 20.503857524752476 0.4
216 353.6792130470276 18.98249721393035 0.4
217 355.6825530529022 19.064080197530863 0.4
218 357.68683648109436 17.625213167082293 0.4
219 359.688907623291 17.647773158223888 0.3
220 361.69269847869873 0.1755423 0.3
220 363.6960413455963 24.869382786069654 0.3
222 365.70299768447876 17.654228550093343 0.3
223 367.70413160324097 19.426061603480424 0.3
224 369.7065541744232 19.89535479674797 0.3
225 371.7103292942047 19.130153815461345 0.3
226 373.7139365673065 16.000388414481897 0.4
226 375.7170979976654 9.82369476309227 0.4
227 377.72075152397156 26.126085482866046 0.4
228 379.7254376411438 20.85695680798005 0.4
229 381.72778940200806 21.693226967984934 0.4
230 383.73267793655396 20.848390744215134 0.4
231 385.73479199409485 22.503118601747815 0.4
232 387.7390847206116 21.650950978193144 0.4
233 389.7432818412781 21.206646445971266 0.4
234 391.7465476989746 21.0835417 0.4
234 393.7498905658722 23.04518851410658 0.4
235 395.75346183776855 22.14896069956277 0.4
236 397.75759768486023 23.48228162601626 0.4
237 399.7610111236572 20.643343720349563 0.4
238 401.7659056186676 20.430456441413515 0.4
239 403.7662847042084 20.902575980024967 0.4
240 405.76957273483276 6.166146874610106 0.3
240 407.7735562324524 21.415273391739674 0.3
241 409.7776927947998 22.77100513075965 0.3
242 411.7820670604706 20.7071201 0.3
243 413.7854268550873 19.336113238390094 0.3
244 415.7889630794525 18.923980633147114 0.3
245 417.79120993614197 18.858005313469896 0.3
246 419.79453897476196 18.452986418373683 0.3
247 421.7978947162628 0.17788267667292057 0.2
247 423.8021354675293 20.069605558312656 0.2
248 425.80761647224426 19.880558852152213 0.2
249 427.8099582195282 18.225876508728177 0.2
250 429.8122396469116 17.612299875467 0.2
251 431.81839966773987 17.621736900000002 0.2
252 433.81970500946045 17.147924624846247 0.2
253 435.8238728046417 16.81997107120743 0.2
254 437.82749104499817 17.067848311688312 0.2
255 439.82951164245605 10.125848822429905 0.1
255 441.8332004547119 10.045882347066168 0.1
256 443.83706045150757 0.17734431960049937 0.2
257 445.84073424339294 19.82832210131332 0.2
258 447.84410071372986 19.0558817 0.2
259 449.8472595214844 14.677890337078653 0.2
260 451.8518223762512 14.717652967581046 0.2
261 453.8547992706299 15.480785255292654 0.2
263 455.8587131500244 13.762581173533084 0.2
264 457.86233401298523 13.571903820224717 0.2
265 459.87031650543213 11.65169693648817 0.2
266 461.8683843612671 11.709448405253283 0.2
268 463.8711967468262 5.897471061173533 0.1
268 465.8741145133972 5.8081885 0.1
269 467.8777437210083 10.479723337484433 0.2
270 469.88102626800537 0.17547915106117354 0.2
270 471.8848385810852 9.493180861961275 0.2
272 473.8891694545746 8.356878058494088 0.2
274 475.89344096183777 8.714562566317088 0.2
275 477.8974938392639 7.932327141971482 0.2
277 479.899507522583 3.5009120700437775 0.1
277 481.90298223495483 2.4396126420986883 0.1
279 483.90667247772217 7.262466958151155 0.1
280 485.91605496406555 6.237398282514001 0.1
282 487.91703367233276 5.602555602748282 0.1
284 489.9181571006775 4.548323890274314 0.1
285 491.9215624332428 4.2721248974518335 0.1
287 493.92522716522217 4.428975512740832 0.1
289 495.92742562294006 4.516538636647905 0.1
291 497.9313313961029 5.295096964397252 0.1
292 499.9332973957062 0.17513517845961177 0.2
292 501.93625807762146 5.730020000000001 0.2
294 503.93966460227966 1.3605297755610972 0.3
294 505.9427185058594 10.282904284821987 0.3
296 507.9463758468628 13.643283709273183 0.3
297 509.9509425163269 10.751121097256858 0.3
299 511.9537811279297 11.121836652092442 0.3
300 513.9560906887054 3.1144224 0.3
300 515.9590845108032 0.17400695434646654 0.3
300 517.9630742073059 0.17406921348314608 0.3
300 519.9661967754364 0.17988185231539425 0.3
300 521.9696173667908 0.17354933166770767 0.3
300 523.9731521606445 0.1725216 0.3
300 525.9767186641693 0.1721209 0.3
300 527.9801759719849 0.17107334167709637 0.3
300 529.9840326309204 0.17438951310861422 0.3
300 531.987331867218 0.175424 0.3
300 533.9910645484924 0.17788859999999998 0.3
300 535.9942553043365 0.1715628535669587 0.3
300 537.9973828792572 0.170645739238927 0.3
300 540.0007698535919 0.19652197376639602 0.3
300 542.0037653446198 0.1694401997503121 0.3
300 544.0068094730377 0.1705159 0.3
300 546.0099873542786 0.1777544 0.3
300 548.0134637355804 0.17365246558197747 0.3
300 550.0163617134094 0.171656 0.3
300 552.0192415714264 0.1817797246558198 0.3
300 554.022567987442 0.03148878048780488 0.3
300 556.0262720584869 0.1765613 0.3
300 558.0298171043396 0.19736530000000002 0.3
300 560.0331039428711 0.19933433208489387 0.3
300 562.0369107723236 0.1761645 0.3
300 564.0405879020691 0.1730205 0.3
300 566.0437846183777 0.17365036851967522 0.3
300 568.0469896793365 0.20012507817385866 0.3
300 570.0501832962036 0.17604575719649562 0.3
300 572.0534715652466 0.17454819262038773 0.3
300 574.0568945407867 0.17554265751715534 0.3
300 576.0601336956024 0.19767394621638523 0.3
300 578.0635945796967 0.1804857071339174 0.3
300 580.0667269229889 0.1758378 0.3
300 582.0700674057007 0.17503300437226732 0.3
300 584.0738215446472 0.1819958474046279 0.3
300 586.0784039497375 0.178509321717486 0.3
300 588.0822033882141 0.17634471544715447 0.3
300 590.0854001045227 0.17365027431421445 0.3
300 592.0885088443756 0.17674570180910792 0.3
300 594.0916855335236 0.17796886945658963 0.3
300 596.0951428413391 0.1727374781523096 0.3
300 598.0986249446869 0.1771993 0.3
300 600.1017773151398 0.1772479799874922 0.3
300 602.1049847602844 0.1724384 0.3
300 604.1086390018463 0.1801258 0.3
