0 1.0171408653259277 21.6249189 0.2
1 3.0212745666503906 0.17594423485321675 0.2
1 5.025104761123657 20.363285339987524 0.2
2 7.02897834777832 0.1806909 0.3
2 9.032436609268188 26.578260287320425 0.3
4 11.036474704742432 26.107215759096615 0.3
5 13.039952278137207 26.14666027465668 0.3
6 15.043460369110107 32.656388 0.4
7 17.047525882720947 0.17636274656679152 0.4
8 19.051303148269653 35.068168268991286 0.4
9 21.055236101150513 32.94202971428572 0.4
10 23.05911636352539 32.8779944931164 0.4
11 25.062615633010864 33.65362674984404 0.4
12 27.06636929512024 30.77116295468653 0.4
13 29.071252584457397 30.587749769182782 0.4
15 31.07417917251587 31.297349702970294 0.4
16 33.07753109931946 30.900569481481483 0.4
17 35.08117389678955 30.094550390092877 0.4
18 37.08451986312866 29.173655980148883 0.4
19 39.089231967926025 27.171311183063512 0.4
20 41.09191823005676 28.315587854454204 0.4
21 43.095383405685425 28.309570655021833 0.4
23 45.09985136985779 27.366888305190745 0.4
24 47.102778911590576 25.694180788979338 0.4
25 49.10584115982056 23.505778222778474 0.4
26 51.11002707481384 23.088520074953152 0.4
28 53.11321139335632 23.99700654182272 0.4
29 55.11847805976868 22.6748783 0.4
31 57.11999464035034 14.532572746435212 0.4
32 59.12346696853638 15.935772574257426 0.4
34 61.12751650810242 15.299636672920574 0.4
35 63.13186597824097 14.935486645924081 0.4
37 65.13483834266663 8.974681804511278 0.3
37 67.13858890533447 4.187555677701436 0.3
38 69.14248895645142 12.062193396107974 0.3
40 71.14636564254761 12.000502485946283 0.3
42 73.14974737167358 11.306902457891454 0.3
43 75.1544599533081 10.25674556803995 0.3
45 77.15675449371338 10.04830277847309 0.3
47 79.16001272201538 8.9657836 0.3
48 81.16308784484863 8.643426575171553 0.3
50 83.16768836975098 8.921635345364031 0.3
52 85.1718053817749 8.831577328339575 0.3
53 87.17547845840454 8.344342743142144 0.3
55 89.17931747436523 10.79591800249688 0.3
57 91.18191361427307 11.407984070131496 0.3
58 93.18627452850342 10.8939773 0.3
60 95.18892741203308 12.391975860349127 0.3
62 97.19451355934143 13.402919303482589 0.3
63 99.19724082946777 13.491610430442918 0.3
65 101.20128226280212 13.199801348314608 0.3
66 103.2050850391388 17.800143105590063 0.3
68 105.20865106582642 18.119111474597275 0.3
69 107.21196365356445 16.196840939431397 0.3
71 109.21554708480835 16.150428863920098 0.3
72 111.22032141685486 17.195412232645406 0.3
73 113.22508215904236 21.385643509645302 0.3
75 115.22769594192505 22.012257299999998 0.3
76 117.2307014465332 20.864169718221664 0.3
77 119.23350071907043 20.263768600000002 0.3
78 121.2369487285614 20.978684962779155 0.3
80 123.24043416976929 21.74264958801498 0.3
81 125.24600744247437 21.50370197253433 0.3
82 127.25112986564636 21.221178218318695 0.3
83 129.2564766407013 20.969516695869835 0.3
85 131.25658917427063 21.436221253132832 0.3
86 133.2609040737152 21.566406691635457 0.3
87 135.26445817947388 21.480842985074627 0.3
88 137.26799774169922 21.240103735165523 0.3
89 139.2716248035431 23.348521821584526 0.3
91 141.276296377182 20.250468102053514 0.3
92 143.27996444702148 21.12258329807094 0.3
93 145.28511428833008 20.787730863579473 0.3
94 147.28680729866028 20.35344878353088 0.3
96 149.28954577445984 19.020065958775763 0.3
97 151.29383087158203 19.57205802746567 0.3
98 153.29867482185364 19.50217892365457 0.3
99 155.29978775978088 18.66613872659176 0.3
101 157.3031461238861 20.74406310280374 0.4
101 159.30670642852783 5.227555867251096 0.4
102 161.31115436553955 22.284521271028037 0.3
103 163.3147211074829 0.17496650813516895 0.3
104 165.31827926635742 23.73867632729544 0.3
105 167.32170033454895 20.790382521847693 0.3
106 169.3254599571228 20.201962846441948 0.3
107 171.32882618904114 19.31859656856606 0.3
108 173.332200050354 21.503155765877956 0.3
110 175.33492183685303 21.314123845193507 0.3
111 177.3380537033081 15.157308845913912 0.2
111 179.34169459342957 8.104931154086088 0.2
112 181.34523677825928 20.074626674984405 0.2
113 183.34930872917175 4.975647281795511 0.3
113 185.35288453102112 20.741808578553616 0.3
114 187.35726237297058 23.392670986964617 0.3
116 189.36073637008667 23.439063139678616 0.3
117 191.368643283844 22.09573092682927 0.3
118 193.3702573776245 23.733647831995057 0.3
120 195.37509179115295 21.440059789993825 0.3
121 197.37701082229614 20.72042079207921 0.3
123 199.38770031929016 19.53603451174289 0.3
124 201.3884391784668 20.54475977764052 0.3
125 203.3889102935791 20.469995393188857 0.3
127 205.39243984222412 11.64496568224299 0.2
127 207.39614844322205 9.050825998747653 0.2
128 209.39988923072815 19.976831163658993 0.2
129 211.40363192558289 0.170998026233604 0.3
130 213.4074091911316 20.826173125389893 0.3
131 215.41279363632202 17.42214786683107 0.3
133 217.41598200798035 13.259526575342464 0.3
134 219.42001581192017 15.024446176470589 0.3
136 221.4257571697235 15.037786732186731 0.3
137 223.4312777519226 14.478708910891088 0.3
139 225.43166399002075 12.163431287128713 0.3
140 227.4367835521698 11.413445582554518 0.3
142 229.44227409362793 11.57493684729064 0.3
143 231.44372463226318 11.157917708592777 0.3
145 233.44824051856995 7.083619950124688 0.3
147 235.45049929618835 3.076479501246883 0.2
147 237.45429944992065 4.5925566 0.2
149 239.45806217193604 7.395726741573033 0.2
151 241.4633800983429 5.404698739184178 0.2
152 243.46663069725037 4.697720698254364 0.2
154 245.47381949424744 4.427472486050837 0.2
156 247.47403144836426 3.3815463692688974 0.2
158 249.4772503376007 3.1530087254901957 0.2
160 251.4850628376007 3.2114117560073936 0.2
162 253.48681163787842 4.211657750309024 0.2
164 255.48786616325378 5.3789886604361365 0.1
165 257.4925389289856 0.16529955112219452 0.1
165 259.49605798721313 5.831413699313787 0.1
167 261.5013418197632 4.969581637717122 0.1
169 263.5039098262787 10.5229876 0.2
169 265.50787925720215 4.4445281 0.2
170 267.5174648761749 14.133151980012492 0.2
172 269.5159041881561 12.543023441396508 0.2
173 271.5267164707184 12.027524422604422 0.2
175 273.52353835105896 16.320530881987576 0.2
176 275.52671575546265 16.567847034055728 0.2
177 277.53024196624756 21.80855184079602 0.3
178 279.5341513156891 0.17944841051314142 0.3
178 281.5376844406128 22.47404132748904 0.3
180 283.5428309440613 18.700498465377418 0.3
181 285.5449888706207 10.10965246882793 0.2
181 287.54960441589355 11.420913512836568 0.2
182 289.5531213283539 20.00658658338538 0.2
183 291.55678963661194 2.297661176470588 0.3
183 293.5602731704712 24.36007675202998 0.3
184 295.5649344921112 21.603787101631116 0.3
185 297.5680582523346 20.583391759549155 0.3
186 299.5718605518341 20.4623916 0.3
187 301.5770308971405 20.2093319 0.3
188 303.57857298851013 20.492447003115267 0.3
189 305.5812087059021 21.61306586616635 0.3
190 307.5845453739166 19.852397293233082 0.2
191 309.5885708332062 0.1788287601246106 0.2
191 311.5921907424927 23.05357627033792 0.3
192 313.5961124897003 0.17452493425172197 0.3
193 315.59978795051575 25.029096787048566 0.3
194 317.60338401794434 18.832929718925673 0.3
195 319.60764956474304 20.009228126944617 0.3
196 321.6115448474884 23.673620495049505 0.4
197 323.615038394928 0.17439289555972484 0.4
198 325.61895751953125 25.2216475 0.4
199 327.6233961582184 18.2979214 0.4
200 329.62710094451904 17.770393021806854 0.4
201 331.6334092617035 18.215974411947727 0.4
202 333.6367585659027 17.781152078479458 0.4
203 335.63820910453796 17.828456563658836 0.4
204 337.6417853832245 16.84947795943454 0.4
205 339.64553713798523 18.751366494464943 0.4
206 341.6515281200409 19.529482042341222 0.4
207 343.65574622154236 19.291621073411473 0.4
209 345.65574407577515 19.11300874766355 0.4
210 347.65988516807556 18.44698144177449 0.4
211 349.6631295681 20.138760747198006 0.3
212 351.6671528816223 7.607561847690388 0.3
212 353.6709213256836 18.341998202247193 0.3
213 355.676212310791 19.45771083023544 0.3
214 357.6798942089081 19.91739873840445 0.3
215 359.6823892593384 18.901810368519676 0.3
216 361.6857280731201 19.57032827244582 0.2
217 363.68951201438904 0.16335329161451814 0.2
218 365.69399094581604 19.493271494684176 0.2
219 367.69787311553955 10.891519602237414 0.3
219 369.702600479126 13.923722553191489 0.3
220 371.70796298980713 22.892310155376013 0.3
221 373.7118444442749 18.92606091925466 0.3
222 375.71851778030396 18.022551511412708 0.3
223 377.71788907051086 19.81700783199506 0.3
224 379.7212972640991 17.543827853142503 0.3
226 381.7251455783844 17.54087056768559 0.3
227 383.7512917518616 16.482372517176763 0.4
227 385.75528478622437 9.471717776389758 0.4
228 387.7589476108551 30.37896 0.4
229 389.7626955509186 21.99984359550562 0.4
230 391.7666189670563 22.064358352059926 0.4
231 393.7691512107849 21.158845642946318 0.4
232 395.77378821372986 21.195048120300754 0.4
232 397.7760992050171 20.715684591391142 0.4
233 399.77859711647034 19.657152990712074 0.4
234 401.78237438201904 0.117846 0.3
235 403.7859728336334 29.01090894572676 0.3
236 405.789603471756 14.1157188 0.4
236 407.792733669281 17.450953478531424 0.4
237 409.79620456695557 31.460264569288388 0.4
238 411.79913234710693 20.1228129 0.4
239 413.80597615242004 20.633430494058786 0.4
240 415.80867409706116 20.057266091307067 0.4
241 417.8123233318329 19.8608660412758 0.4
242 419.8149735927582 18.26642779576588 0.4
243 421.8183534145355 18.9692957 0.4
244 423.8221867084503 19.700911890205862 0.4
244 425.8244743347168 18.92810142678348 0.4
245 427.82765460014343 19.2136576119403 0.4
246 429.83062410354614 16.8043302 0.4
247 431.8341109752655 18.33742277227723 0.4
248 433.8371002674103 18.300205006195785 0.4
250 435.84472584724426 20.297032162661736 0.4
251 437.8448371887207 7.983253732087227 0.3
251 439.8490071296692 17.386749881324175 0.3
252 441.8554530143738 22.205999256965946 0.3
254 443.85685205459595 22.149333825338253 0.3
255 445.8621234893799 23.507871332105587 0.3
256 447.86869168281555 18.834863397158742 0.3
257 449.86816692352295 20.703320649188512 0.2
258 451.8723087310791 0.1770889223057644 0.2
259 453.8756732940674 18.490251492816988 0.2
260 455.8796617984772 0.18175190000000002 0.3
260 457.88350009918213 20.205322394014964 0.3
262 459.8876314163208 15.504786013639183 0.3
263 461.8905417919159 15.231818327091137 0.3
264 463.89475274086 11.751475937694703 0.3
265 465.8997588157654 11.5465333 0.3
267 467.9027919769287 13.15276147592245 0.3
268 469.90625619888306 12.141875472170106 0.3
269 471.90941739082336 12.2969468 0.3
271 473.9143557548523 8.979200500625781 0.3
272 475.9193811416626 8.557437396745932 0.3
274 477.9238407611847 6.955532652552926 0.3
275 479.92546677589417 9.23886737633062 0.3
277 481.9307687282562 5.3576147999999995 0.3
279 483.9309983253479 6.318321997503121 0.3
280 485.93448066711426 6.373082930494678 0.3
282 487.93786001205444 4.608945290806754 0.3
284 489.9431116580963 3.5877813266583227 0.3
286 491.9503266811371 3.2013713570981865 0.3
287 493.9498562812805 4.063031688311688 0.3
289 495.95251393318176 5.755777777777777 0.3
291 497.955313205719 4.487355963076923 0.3
293 499.96220564842224 4.91768946130031 0.3
295 501.96639704704285 11.983743523573201 0.3
296 503.9658968448639 1.1892537328339576 0.2
296 505.96992778778076 12.69828731129133 0.2
298 507.9835202693939 10.791591696706028 0.2
299 509.9777865409851 0.17253496564647094 0.1
299 511.98181915283203 10.831643636363635 0.1
300 513.9856927394867 0.15833272613849034 0.1
300 515.9895014762878 0.16185058676654182 0.1
300 517.993551492691 0.16706185901434809 0.1
300 519.9978353977203 0.15543450686641697 0.1
300 522.0014734268188 0.16502258265751715 0.1
300 524.0049982070923 0.1546806737367436 0.1
300 526.0090539455414 0.15842038725796376 0.1
300 528.0126955509186 0.15252947630922692 0.1
300 530.0170578956604 0.15350078602620087 0.1
300 532.0210645198822 0.17688837905236907 0.1
300 534.0248672962189 0.1736878 0.1
300 536.0286936759949 0.175557629444791 0.1
300 538.0323584079742 0.17304760000000002 0.1
300 540.0360321998596 0.1743847904940588 0.1
300 542.0407841205597 0.17109669369931377 0.1
300 544.0444157123566 0.19786743142144642 0.1
300 546.048481464386 0.17797073657927592 0.1
