0 1.4634239673614502 39.52348485376478
1 3.4673261642456055 31.344736119775423
3 5.47150182723999 33.6026192
4 7.4750871658325195 34.19723584835302
5 9.479408979415894 33.149000867947926
6 11.484441757202148 33.14154239602731
8 13.487438917160034 32.026781622291026
9 15.491150379180908 33.261520300751876
10 17.49506902694702 33.04004474406991
11 19.49915385246277 32.88113728919425
13 21.50380778312683 33.084722834058425
14 23.50717830657959 32.961262144638404
15 25.5110285282135 32.74122026135656
16 27.515198469161987 33.366944638403986
18 29.518959760665894 32.517070792264505
19 31.523748874664307 32.89930882793017
20 33.52771830558777 32.763841594022416
21 35.531914472579956 32.65316857855362
23 37.536773681640625 33.660239
24 39.54087424278259 33.78389124378109
25 41.54418325424194 33.361496681168425
26 43.54838705062866 34.52006501872659
27 45.55187273025513 34.43099091593476
29 47.555678844451904 34.272244037383174
30 49.559351205825806 33.897171567770144
31 51.56336736679077 34.27593526184538
32 53.56738591194153 32.9085840149161
34 55.571314096450806 34.56239568922306
35 57.57484149932861 34.47336139476961
36 59.579938888549805 34.58886729528536
37 61.58243370056152 33.838111601246105
38 63.58612132072449 33.43270218905472
40 65.590322971344 32.83405197515528
41 67.59374856948853 32.877895491905356
42 69.59783291816711 32.51249344119477
43 71.60144519805908 32.629387962616825
45 73.60565114021301 33.4093011
46 75.61001944541931 32.62837783614759
47 77.61288452148438 33.23728961803381
48 79.61673355102539 32.4458333
50 81.62082195281982 34.298097655860346
51 83.62518167495728 33.454516082345606
52 85.62878584861755 32.237611770573565
53 87.63237047195435 32.493358703241896
55 89.63595652580261 33.143573100871734
56 91.63988733291626 33.32971967721912
57 93.64390778541565 33.018271360799
58 95.64888620376587 32.58525701436602
60 97.65153551101685 34.3051997
61 99.65590047836304 33.678172490706324
62 101.66048789024353 32.44678517779164
63 103.66478610038757 33.14595346989447
64 105.66823697090149 32.56211898326101
66 107.67263984680176 33.607806384039904
67 109.67611241340637 32.470138317757005
68 111.68010401725769 33.268138606965174
69 113.68406939506531 33.53929538077403
71 115.6880452632904 33.42904744534666
72 117.69217467308044 33.10524586400499
73 119.69618201255798 32.04762250779788
74 121.70005202293396 33.50737773324985
76 123.70391535758972 33.77772636306924
77 125.70749378204346 34.40141727102804
78 127.71157932281494 33.70684871731009
79 129.71558022499084 34.38425145716072
81 131.71934485435486 30.551948792029886
82 133.72306275367737 34.22767271366188
83 135.72805404663086 33.93101778053317
84 137.73186016082764 33.10109623368552
85 139.73592948913574 32.82537369727047
87 141.74004101753235 32.38059358702433
88 143.74397110939026 32.28497450931677
89 145.7477867603302 32.95857447286338
90 147.75175380706787 33.3860149068323
92 149.75592803955078 32.562194028732044
93 151.75966596603394 32.03459076923077
94 153.76396536827087 32.57455463687151
95 155.76787781715393 29.788459676214195
97 157.7724323272705 32.48432308457711
98 159.77621865272522 33.43332350877193
99 161.7800362110138 33.91536418952619
100 163.78476095199585 32.35259882866043
102 165.7878954410553 32.45244660436137
103 167.7918210029602 32.81628809937888
104 169.7967872619629 32.29949538461538
105 171.80086493492126 33.06862601747815
107 173.8049213886261 32.505052794026135
108 175.80900168418884 32.47695940149626
109 177.81321501731873 33.10168673736744
110 179.81699323654175 32.89456936488169
112 181.8208258152008 33.153700854489166
113 183.82429385185242 32.61779239751553
114 185.8279287815094 32.905991277258565
115 187.83191013336182 32.603081296758106
117 189.8358974456787 32.04874483790523
118 191.84010648727417 31.71214914072229
119 193.84406328201294 32.54790620347395
120 195.84749102592468 33.060055530586766
122 197.851637840271 32.982727656929775
123 199.85539484024048 33.21511140906269
124 201.8607997894287 33.59575756370417
125 203.8647108078003 32.85528708229427
127 205.8688669204712 33.4514729528536
128 207.8729748725891 33.182918953922794
129 209.87663006782532 31.772965058896467
130 211.88040447235107 32.99949157107232
132 213.88476371765137 30.803268443337483
133 215.888356924057 33.046664810441264
134 217.89225721359253 32.798755180124225
136 219.89644742012024 32.46668279529994
137 221.90010333061218 32.392150118527766
138 223.90448355674744 33.2492959
139 225.90871477127075 32.920202152133584
141 227.9129159450531 31.185249850746267
142 229.91643905639648 33.531499160926735
143 231.92049717903137 32.805492467208
144 233.92425632476807 31.536143801242233
146 235.9285614490509 33.8343107884856
147 237.93275785446167 33.12111532338308
148 239.9362645149231 32.462344810441266
149 241.94063329696655 32.89659439950218
151 243.94369888305664 33.139731144278606
152 245.94799733161926 32.88171201995013
153 247.95189785957336 32.61809646621202
154 249.95610451698303 32.47740680373832
156 251.9600474834442 33.233242000000004
157 253.96392726898193 32.338646062846585
158 255.96757626533508 33.059714812967584
159 257.9714906215668 32.36883271597266
161 259.97505927085876 32.92607891156463
162 261.9794316291809 32.00738093457944
163 263.9832057952881 32.199186591619764
164 265.9878647327423 33.114124000000004
165 267.99282336235046 35.51466470734745
167 269.9965808391571 33.338074448574964
168 272.00024008750916 32.34147863098942
169 274.0040509700775 32.63543915159077
170 276.00826954841614 32.68341031133251
172 278.01218366622925 33.36718251093067
173 280.0158040523529 33.34032536645963
174 282.01993775367737 33.30405764779091
175 284.023410320282 32.3615946
177 286.02721786499023 33.98844094645081
178 288.031507730484 32.995388493150685
179 290.0350797176361 33.26634152889994
180 292.038446187973 32.757129937888195
182 294.0422463417053 33.00013132262052
183 296.04613757133484 32.431800572495334
184 298.0499975681305 33.39194024937655
185 300.0536153316498 32.32583667287399
187 302.0585889816284 34.185837114427855
188 304.062824010849 34.60401197754211
189 306.06639862060547 34.28104332712601
190 308.0701472759247 33.45846801740212
192 310.07406973838806 32.541762285714285
193 312.07812571525574 33.19019020458773
194 314.0813331604004 33.04279800747198
195 316.0863859653473 32.771280598503736
197 318.089070558548 32.91679322962041
198 320.0938391685486 33.046875297060666
199 322.0981321334839 33.648814328358206
200 324.1020576953888 33.58550648310388
202 326.10614800453186 32.92379640897756
203 328.10990500450134 32.718152537313436
204 330.1139793395996 33.04450853250774
205 332.11766839027405 32.51875465667915
207 334.121374130249 33.472309220212104
208 336.12716603279114 32.76912059850374
209 338.13223814964294 32.233803092269326
210 340.1353404521942 32.71994391033624
212 342.1393938064575 32.782939962709754
213 344.142941236496 32.81631681789931
214 346.1466817855835 33.155719024390244
215 348.15062952041626 32.096557107231924
217 350.1540176868439 33.00197114018692
218 352.15859293937683 32.49586368159204
219 354.1632480621338 32.1260346981954
220 356.1666421890259 31.961346567164178
222 358.17043232917786 33.312192199376945
223 360.1748116016388 32.54033785536159
224 362.178724527359 32.66182497816594
225 364.182421207428 33.033519103362394
227 366.18619656562805 33.05806158058494
228 368.1913595199585 33.309310466708155
229 370.19591522216797 32.77016215134459
230 372.19986152648926 34.35211302935665
232 374.2040100097656 34.27974746867168
233 376.2079641819 32.62225144278607
234 378.2121367454529 31.167478555417183
235 380.2157950401306 33.23991303482587
236 382.21980118751526 32.876043427141965
238 384.2236669063568 33.19742581772784
239 386.2274100780487 33.186302782283214
240 388.2315151691437 32.07748201617922
241 390.2360112667084 33.12727220973783
243 392.2398624420166 32.770993287585775
244 394.24362683296204 33.304330673316706
245 396.2481007575989 32.44589675977654
246 398.25186228752136 35.66031870081199
248 400.2564170360565 33.26190294919455
249 402.261146068573 32.925924860508374
250 404.26541662216187 34.24766777639752
251 406.26920986175537 34.56179056179775
253 408.2726879119873 34.51390423940149
254 410.2770745754242 34.47561665427509
255 412.2809159755707 34.77530913179263
256 414.2848958969116 32.8536898630137
257 416.2885808944702 33.307002446941326
259 418.2926559448242 34.92506550218341
260 420.2970356941223 35.45057272840273
261 422.3004581928253 32.58032287841191
262 424.3048002719879 33.1234819330855
263 426.3087787628174 32.63675074626865
265 428.3129138946533 33.09781310043668
266 430.3163957595825 33.50585306733167
267 432.3203032016754 32.50950803227809
268 434.3241939544678 32.91562646728972
270 436.3297691345215 33.59032512756689
271 438.3338055610657 33.00280495309568
272 440.3382170200348 33.24047771853689
273 442.34149837493896 33.13778240592227
275 444.34599018096924 33.18270062111801
276 446.34960532188416 33.04630656716418
277 448.3537178039551 33.46070090514569
278 450.35791850090027 32.68190423940149
280 452.3617253303528 33.17841824039653
281 454.36633825302124 33.37481242669994
282 456.36903834342957 33.2603527795128
283 458.37328028678894 33.22145148514851
285 460.3770487308502 33.029303806571605
286 462.3807203769684 32.71343503414029
287 464.3846263885498 33.03277803726708
288 466.3892652988434 32.312484972032316
290 468.3918740749359 33.680361
291 470.3978145122528 32.40843753271028
292 472.40110325813293 33.23385771678103
293 474.40540599823 32.83643555003108
295 476.4093039035797 33.3770278757764
296 478.4136953353882 31.891893963907904
297 480.4180853366852 33.31723465667915
298 482.421085357666 33.041586550435866
300 484.42492628097534 23.14009224234853
300 486.42870807647705 0.131488519675203
300 488.4323818683624 0.13041331664580727
300 490.43561458587646 0.1287082279273638
300 492.43942952156067 0.13566909318323953
300 494.44288992881775 0.1280781
300 496.4464771747589 0.13014286071205497
300 498.4499111175537 0.1315094132334582
300 500.4536576271057 0.131563645443196
300 502.4584038257599 0.1614678
300 504.46222138404846 0.12951148936170212
300 506.46639013290405 0.14168531328320802
300 508.46997332572937 0.13725884711779449
300 510.47355604171753 0.13254233896185116
300 512.4776103496552 0.15733723577235773
300 514.4814584255219 0.13614718397997497
300 516.4848492145538 0.1407011617738913
300 518.4885566234589 0.13961912826899128
300 520.4919438362122 0.12910760774515928
300 522.4956252574921 0.13193591989987485
300 524.4990496635437 0.13040509681449095
300 526.5034730434418 0.12961827715355806
300 528.5068368911743 0.12912270168855536
300 530.5103845596313 0.12830044887780548
300 532.5143387317657 0.15816963194011227
300 534.5179891586304 0.10420248587570621
300 536.5229330062866 13.363369376558603
300 538.5272147655487 0.16063369211514392
300 540.5312368869781 0.16187847404627892
