0 1.0363245010375977 26.708231155527795
2 3.0399017333984375 26.70227546749226
3 5.043709754943848 26.847232754342432
4 7.04801344871521 26.633012106898697
6 9.051857709884644 28.73957771962617
7 11.05576229095459 34.174181189730746
8 13.059685945510864 34.507833536357985
9 15.063926696777344 34.70036685358255
11 17.068262815475464 33.41544593146418
12 19.072806119918823 33.74493612383901
13 21.07728862762451 32.82895441048035
14 23.08053207397461 34.21241847690387
15 25.084999561309814 34.58577194772869
17 27.088805437088013 32.313419776951676
18 29.093034982681274 31.873732303860525
19 31.097094297409058 29.391545592064478
21 33.100547313690186 30.15273364647713
22 35.104602098464966 30.68409617921593
23 37.108601570129395 29.98702632817338
25 39.11278438568115 25.228233915211973
26 41.116520404815674 24.89589939468808
27 43.12028765678406 26.008731314641743
29 45.12422204017639 24.866948714107366
30 47.12768220901489 16.877138362282878
32 49.131041049957275 17.300834635059264
34 51.13512849807739 16.166471221945137
35 53.140186071395874 16.126467599999998
37 55.143898725509644 13.1683719080174
39 57.14785957336426 13.21454499378882
40 59.151386976242065 13.094761499999999
42 61.15549659729004 10.719286766169155
44 63.15936517715454 10.528040498753118
46 65.16396713256836 10.522445529265255
47 67.16776394844055 10.631059589807332
49 69.17184495925903 9.851565685785536
51 71.17571020126343 9.479355214953271
53 73.1791570186615 9.69643397260274
55 75.18340373039246 11.048242755165937
56 77.18717360496521 11.43996650931677
58 79.19122624397278 11.317585991244528
60 81.19490647315979 14.2729527
61 83.19902896881104 14.932618172715895
63 85.2023491859436 15.325995563862929
65 87.20672917366028 15.489374622582657
66 89.2103853225708 20.08115036204744
68 91.21393752098083 19.811808280175107
69 93.2182023525238 18.837820448877807
71 95.22227239608765 19.761709614906835
72 97.22647786140442 23.397722931677016
74 99.23022198677063 23.3359273
75 101.23376822471619 23.688935446038677
77 103.23726320266724 23.746643184079602
78 105.24137496948242 25.508807885215223
80 107.24508619308472 24.74352656308266
81 109.24884414672852 25.25706329615861
83 111.25324201583862 24.45119691925466
84 113.25675773620605 24.478673362336856
85 115.26044297218323 24.235871003115264
87 117.26493883132935 24.821676218905473
88 119.26908421516418 25.591609763387297
90 121.27271914482117 23.777739464174456
91 123.27666854858398 24.592858018691587
93 125.28074598312378 26.046810447761192
94 127.28428244590759 26.431627797878974
95 129.28863501548767 24.74409054726368
97 131.2919147014618 25.48669280199253
98 133.29583358764648 24.486347630922694
100 135.29994702339172 24.180362157470555
101 137.3037121295929 23.946812919254658
103 139.3079125881195 24.347692560747664
104 141.31166172027588 24.756371638629286
105 143.31643962860107 25.943561963952767
107 145.3198537826538 23.903185445482865
108 147.32362699508667 26.235355943104516
110 149.32749605178833 26.7619629463171
111 151.3311686515808 25.699676107298814
112 153.33582592010498 24.919034314214464
114 155.33997416496277 25.622806529595017
115 157.34358716011047 24.509280794537556
117 159.3474736213684 24.265711481942713
118 161.35175371170044 24.521810536828966
120 163.35533142089844 24.814052619788427
121 165.3592028617859 21.621748542963886
123 167.36348152160645 22.284002994385528
124 169.36739921569824 21.535450517133956
126 171.3716287612915 21.597909925187032
127 173.37539410591125 20.555706500622666
129 175.37971544265747 21.165592518703242
130 177.3833031654358 21.053615152647975
132 179.38723826408386 19.877796754057428
133 181.39080929756165 16.35399700374532
135 183.3949658870697 15.6740729528536
137 185.3993854522705 16.07475634100809
138 187.4043664932251 12.946861611492816
140 189.40826153755188 11.968038655043586
142 191.41203594207764 12.93564596381784
144 193.4159107208252 11.948059266625233
145 195.42016530036926 7.679650890965732
147 197.42400789260864 7.690517700000001
149 199.42749738693237 8.680828375855631
151 201.43153023719788 4.31863506542056
153 203.43515300750732 5.422645280199253
155 205.43932628631592 4.285681046728972
157 207.4428505897522 3.5179339086929327
158 209.4466860294342 2.4102829
160 211.4504759311676 3.500313291614518
162 213.454274892807 5.668241904761905
164 215.4584767818451 5.6036967
166 217.46214413642883 6.721553728919425
168 219.4670865535736 9.752380137585991
169 221.47095012664795 14.964095660847882
171 223.47479629516602 14.5996906
173 225.4791066646576 14.17099498136646
174 227.48232054710388 21.314290468457216
176 229.48634600639343 21.22530708307308
177 231.48981380462646 22.285429485430875
179 233.49373650550842 22.097459502487563
180 235.49733924865723 26.527125824517732
182 237.50106835365295 26.68745101376721
183 239.50504446029663 26.842686389061527
185 241.50874400138855 27.16505824735861
186 243.51224827766418 27.25594208099689
187 245.51619338989258 28.33377236137072
189 247.52029728889465 28.117691826086954
190 249.52415561676025 27.84976438356164
191 251.52860975265503 27.81533287128713
193 253.53252339363098 25.63338759305211
194 255.53653812408447 24.89766591163659
196 257.5401976108551 24.223347124142233
197 259.54356956481934 25.308729341614907
198 261.54760479927063 24.99055154754506
200 263.5515034198761 24.341145336658354
201 265.55524492263794 26.361653433395873
203 267.5583565235138 26.263489192546587
204 269.56257796287537 25.632482885572138
206 271.5660734176636 25.54700199501247
207 273.56992506980896 25.506724397251716
208 275.5739526748657 26.13264330206379
210 277.5780997276306 26.99432729981378
211 279.58164286613464 26.720286268656718
212 281.58505296707153 27.37647331670823
214 283.58927297592163 26.416583376947038
215 285.59387040138245 25.183733233644862
217 287.59744238853455 24.077954093457944
218 289.6015763282776 24.20904084629745
220 291.6054759025574 24.84635774718398
221 293.6096074581146 25.11503380774032
222 295.613076210022 26.463792109520845
224 297.6169898509979 26.580343327102803
225 299.6204426288605 25.62511009380863
227 301.62416315078735 25.6827347815231
228 303.628041267395 29.767444840923268
229 305.6318910121918 30.366952528019926
231 307.63568806648254 30.79005386335404
232 309.6392312049866 30.488066394557823
233 311.6429030895233 31.822705499689636
234 313.6467459201813 31.880983935443822
236 315.65025186538696 31.943552240300377
237 317.65417528152466 30.90710501555694
238 319.6600389480591 31.6977332834891
240 321.66397285461426 32.34361174404015
241 323.66790103912354 28.402780748129675
242 325.6719882488251 27.770278975640224
244 327.676082611084 28.431634614902947
245 329.6797978878021 28.654474250309793
246 331.68469500541687 25.80751742255266
248 333.6884996891022 25.593875594275044
249 335.69254875183105 26.31073280397022
250 337.69709753990173 26.42119950310559
252 339.70058941841125 25.66532738154613
253 341.70444655418396 24.849650385093167
255 343.708701133728 25.768853732833957
256 345.7131369113922 23.88491767038414
258 347.71716594696045 24.015325685785534
259 349.7212665081024 20.847165456821028
261 351.7255644798279 21.30646519626168
262 353.7298836708069 19.85873374536465
264 355.73375940322876 19.32274737755735
265 357.73784732818604 15.495651172069824
267 359.74199318885803 15.082520871188551
269 361.7462854385376 15.064138367601245
270 363.750141620636 11.3694416957606
272 365.75385785102844 10.876576681277395
274 367.75787019729614 10.859039501557632
276 369.7617063522339 9.766061346633416
277 371.7654917240143 6.678230805746408
279 373.7691731452942 7.6364413
281 375.7729420661926 8.081165386533666
283 377.7767894268036 3.6935716884735204
285 379.7810387611389 4.557685306633292
287 381.7846083641052 4.461749706433479
289 383.7898304462433 5.336216535334584
291 385.793496131897 5.217163817841547
292 387.7975058555603 4.3942820685358255
294 389.80137157440186 12.83849338327091
296 391.80503153800964 13.7146736
298 393.80893421173096 14.110025669781932
299 395.81274819374084 13.864317825818407
300 397.81635308265686 0.14392089775561098
300 399.8194410800934 0.1330325
300 401.8226270675659 0.13385165728580362
300 403.82598757743835 0.1326426
300 405.82933807373047 0.148228
300 407.83241963386536 0.1366294934333959
300 409.83579564094543 0.13467755305867665
300 411.838748216629 0.13381887359199
300 413.84254693984985 0.13865602002503127
300 415.84688353538513 0.13875353711790395
300 417.85084676742554 0.1448219725343321
300 419.8546280860901 0.14937362445414848
300 421.8588490486145 0.1561499
300 423.8625466823578 0.1330073295809881
300 425.86604475975037 0.1433844152595372
300 427.8698241710663 0.15396285356695869
300 429.87508177757263 0.16674560000000002
300 431.87889790534973 0.1297844
300 433.8821647167206 0.1291833
300 435.886132478714 0.1285768789013733
300 437.88978457450867 0.13191081148564296
300 439.8929560184479 0.130679
300 441.89660930633545 0.1318209238451935
300 443.8999707698822 0.1336852467207995
300 445.9040837287903 0.17765243107769424
300 447.90851521492004 0.13868442223610242
300 449.9121196269989 0.12968824484697064
300 451.9161870479584 0.13054302122347067
300 453.919540643692 0.13217641025641025
300 455.9230902194977 0.1335946
300 457.9264781475067 0.13370653316645806
300 459.93066477775574 0.13226569818409517
300 461.93373942375183 0.13489843456480902
300 463.9369447231293 0.1313733
300 465.9409816265106 0.14924507817385865
300 467.94408226013184 0.1311894198378041
300 469.94832277297974 0.1366575670617592
300 471.95166850090027 0.1311448655409631
300 473.95553255081177 0.14241620000000002
300 475.9590859413147 0.1330315
300 477.9630184173584 0.1314365478424015
300 479.96625685691833 0.13292293049467752
300 481.97100496292114 0.13288915572232646
300 483.97457671165466 0.12843103879849813
300 485.9781799316406 0.1401277
300 487.981822013855 0.1550588
300 489.9853079319 0.1333156554307116
300 491.98881673812866 0.1302292
300 493.9919972419739 0.1294904054897068
300 495.9956681728363 0.13017194253591505
300 497.9991657733917 0.1297105617977528
300 500.0028123855591 0.129083
300 502.00678730010986 0.13361431789737171
300 504.0105621814728 0.13507775280898876
300 506.0141339302063 0.14734629999999999
300 508.0174632072449 0.13310669168230144
300 510.02119421958923 0.13954868207370394
300 512.0246150493622 0.13773543071161048
300 514.0293684005737 0.1418464540337711
300 516.0325725078583 0.13039510306058713
300 518.036027431488 0.1326772534332085
300 520.0397660732269 0.13027675405742822
300 522.0431053638458 0.1304432729544035
300 524.0464193820953 0.13136140000000002
300 526.0502452850342 0.1527900876095119
300 528.0532295703888 0.13040180112570354
300 530.0568737983704 0.13374082397003745
300 532.0601885318756 0.13122118675827607
300 534.0641601085663 0.13566709193245777
300 536.0677478313446 0.1298664334790756
300 538.07208943367 0.13378954460386774
300 540.0753819942474 0.1323949468417761
300 542.079151391983 0.14001211514392992
300 544.0827198028564 0.13084032561051973
300 546.08740234375 0.14566352059925095
300 548.0907213687897 0.13496269662921348
300 550.0937628746033 0.13466256410256408
300 552.0970129966736 0.13092202626641652
300 554.1002428531647 0.1299716677076827
300 556.103836774826 0.1338039
300 558.1071388721466 0.13347817157169695
300 560.1112697124481 0.13323379999999999
300 562.1145539283752 0.13000454715802623
300 564.1186397075653 0.13611020000000001
300 566.1228537559509 0.15604304619225967
300 568.1266891956329 0.12959740324594257
300 570.1301069259644 0.1295317705735661
300 572.1337122917175 0.1295270455965022
300 574.137228012085 0.1296091
300 576.1410937309265 0.1304489388264669
300 578.1450283527374 0.13543556386292835
300 580.1494479179382 0.12913960199004976
300 582.1529421806335 0.13261291692692068
300 584.1566903591156 0.12914117353308366
300 586.1603462696075 0.14270151155527797
300 588.1634991168976 0.12938303560274828
300 590.1676280498505 0.1288678152309613
300 592.1710822582245 0.12772014981273408
300 594.1747419834137 0.13745209244222362
300 596.1784148216248 0.13135119449656035
300 598.1818559169769 0.12952475297060664
300 600.1851208209991 0.13051517198248905
300 602.1888914108276 0.12819847595252967
300 604.1925179958344 0.1286363
300 606.1960110664368 0.14430551810237202
300 608.1998143196106 0.1320916
300 610.2031435966492 0.12827146067415732
300 612.2065544128418 0.12932532833020638
300 614.2108023166656 0.1350684466625078
300 616.2146444320679 0.13278388993120702
300 618.218288898468 0.13617648969394128
300 620.2220513820648 0.1540752911709455
