1 1.2187271118164062 10.226225418227216
2 3.222207546234131 9.63021379825654
4 5.225987911224365 9.541062571785268
6 7.229511976242065 10.50821893167702
8 9.233999967575073 10.378405161290322
9 11.237398624420166 10.022338852867831
11 13.241997241973877 9.058086303939962
13 15.24633240699768 9.421614264339153
15 17.25052785873413 9.619456039975017
17 19.2545268535614 10.452884494382022
18 21.258601665496826 9.47185997515528
20 23.262320518493652 10.339497414116178
22 25.266258478164673 9.87430523690773
24 27.269577026367188 10.5128795
25 29.274247407913208 8.932507164179103
27 31.27725911140442 9.915520798502806
29 33.28147888183594 9.689107745952677
31 35.28543043136597 9.580693199999999
33 37.28960609436035 9.7798181
34 39.29296135902405 9.541730736579277
36 41.29780864715576 9.42112648783531
38 43.30155682563782 9.536375751552795
40 45.30532741546631 9.984455177570094
41 47.30879235267639 9.57409093167702
43 49.31389570236206 9.68920877867328
45 51.31769943237305 9.721290726256983
47 53.32163095474243 9.006285330012453
49 55.325562715530396 9.36215945102932
50 57.329347133636475 9.994893757009345
52 59.33329176902771 9.493992664188351
54 61.336885929107666 9.355245330012453
56 63.3405876159668 9.61067307596513
58 65.34428882598877 9.724728039702233
59 67.34836030006409 8.665200298879203
61 69.35257124900818 9.992999975077883
63 71.35630345344543 9.596425438705662
65 73.36024951934814 9.46976888334373
66 75.3644392490387 8.93927472636816
68 77.36800146102905 9.598246280373832
70 79.37241339683533 9.823414491315138
72 81.37797665596008 10.439922391033624
74 83.38197875022888 9.529092087227415
75 85.38622283935547 9.456475511221946
77 87.39019107818604 10.027896054760422
79 89.39422678947449 9.543320099750623
81 91.39810085296631 9.307046372121967
82 93.40242743492126 8.5519412
84 95.40655755996704 9.351646425902864
86 97.41056609153748 9.683818606965174
88 99.41459274291992 9.34765690105787
90 101.4187183380127 9.300615407591787
91 103.42242217063904 9.511647383467993
93 105.42640018463135 9.862441747815232
95 107.43026399612427 8.829451243781094
97 109.43454051017761 10.181455860349127
98 111.43872284889221 10.275632747663552
100 113.44301342964172 9.579397206982545
102 115.44786715507507 9.794548927680797
104 117.4514708518982 8.959127173100871
106 119.45595908164978 10.272778779576589
107 121.45934796333313 10.649062814445829
109 123.46345400810242 10.140573125389894
111 125.46738338470459 9.48558396014944
113 127.47159790992737 9.475832423676014
114 129.47564363479614 9.7749173
116 131.47984671592712 9.717872537313433
118 133.48324131965637 9.557152439176544
120 135.4876663684845 11.185585735660847
122 137.4919273853302 10.068582978193147
123 139.49563360214233 9.397699142324425
125 141.499529838562 9.711591755153028
127 143.50286650657654 8.630598703241896
129 145.50674724578857 9.352388087227414
130 147.51146483421326 10.458608855721394
132 149.51532101631165 9.372730161892902
134 151.51920700073242 9.415087093963907
136 153.52354502677917 9.90478341036852
138 155.5275263786316 10.449371143035604
139 157.53122329711914 10.2567258317757
141 159.53486156463623 8.708998
143 161.53864979743958 10.261625803237857
145 163.54269981384277 10.420636497811133
146 165.54647088050842 9.60375393034826
148 167.5504915714264 8.889246941323346
150 169.55504870414734 10.175515314641745
152 171.55849385261536 9.5754989
154 173.56327486038208 9.357860261356565
155 175.5670714378357 9.37568787048568
157 177.57111811637878 9.373772935323384
159 179.5757188796997 9.306823676012462
161 181.5794038772583 9.329186691588784
162 183.58318495750427 9.75557190268247
164 185.58717846870422 9.398697810945274
166 187.59120106697083 10.05004174781523
168 189.59492444992065 8.917369066002491
170 191.59900403022766 9.52839616199377
171 193.6036274433136 8.781533225202745
173 195.60680198669434 9.724023925233645
175 197.61074018478394 10.517118406969509
177 199.61440348625183 9.50620488778055
178 201.6184639930725 10.1828689931207
180 203.62248277664185 11.36463959924859
182 205.6265094280243 9.398510677439404
184 207.63040399551392 9.59600980612883
186 209.63507080078125 9.623409943925234
187 211.63889241218567 9.427532084893883
189 213.64302444458008 10.114011029320025
191 215.64673280715942 10.525037003745318
193 217.65064406394958 10.006944918851437
194 219.6544599533081 10.218866056426332
196 221.65799927711487 10.4343299
198 223.66174936294556 9.493252034956305
200 225.66594171524048 10.33585276012461
202 227.66987490653992 8.825399900249376
203 229.67381525039673 9.432369644859813
205 231.6777274608612 9.949462086196128
207 233.68195366859436 9.784405639426076
209 235.68606448173523 9.647431531755915
210 237.68980193138123 9.441191277258568
212 239.69361281394958 8.878703760896638
214 241.69778871536255 9.785977128589264
216 243.70162534713745 9.359746251556663
218 245.70629358291626 9.447187140186916
219 247.71025705337524 9.576309931464175
221 249.7138979434967 9.574086080996885
223 251.7175953388214 9.614933200498132
225 253.7210385799408 9.258579689247979
226 255.7248945236206 9.418456564647096
228 257.7285900115967 9.7770458
230 259.73240423202515 9.586379438552713
232 261.73614740371704 9.381560673736743
234 263.74008870124817 9.746157003745317
235 265.74373722076416 9.628486080996884
237 267.7472951412201 9.846428771929824
239 269.75137400627136 9.338591480324796
241 271.7551145553589 10.02825444097439
243 273.75964617729187 10.342108147223955
244 275.76324009895325 9.73249878825734
246 277.7673547267914 9.258088767123288
248 279.7720694541931 9.426166184538653
250 281.7757487297058 9.42780607879925
251 283.77935218811035 9.401777766687461
253 285.78324365615845 9.771512808988764
255 287.78705167770386 9.425804234122042
257 289.7907671928406 9.40923745318352
259 291.79420018196106 9.442051063829787
260 293.7983207702637 9.982500725907384
262 295.80225944519043 9.41705044347283
264 297.80592942237854 9.903893366771161
266 299.8096249103546 9.415969500000001
268 301.81320452690125 9.392039401496259
269 303.8173739910126 9.422917576514678
271 305.8208258152008 9.1189487
273 307.8246057033539 10.532680626959248
275 309.82845425605774 10.151964744069913
276 311.8327383995056 10.188317805486284
278 313.83780574798584 10.315437390213301
280 315.84167313575745 9.909254396014944
282 317.84525442123413 9.994095109443402
283 319.84919476509094 9.710597652933833
285 321.852530002594 9.915345581977473
287 323.8563747406006 9.446322548407245
289 325.8609871864319 9.978863740648379
291 327.86621165275574 8.991097128589264
292 329.8689970970154 10.29720502800249
294 331.8730671405792 10.704989644416719
296 333.87673234939575 9.0172267
298 335.88054299354553 9.679307962616821
299 337.8845489025116 9.649251172069825
300 339.88796639442444 0.14468185231539424
300 341.8910038471222 0.13611517198248907
300 343.89447712898254 0.13208534665833854
300 345.8990259170532 0.1417188
300 347.9024841785431 0.13068974326862867
300 349.90619945526123 0.13578536585365852
300 351.9092855453491 0.1340924766063631
300 353.9132168292999 0.1330976
300 355.9171738624573 0.15792169893816366
300 357.92075872421265 0.1566590880699563
300 359.9247534275055 0.16313514053716427
300 361.9288980960846 0.16196548628428928
300 363.9329493045807 0.16021160324391764
300 365.93654322624207 0.15929906191369606
300 367.94062900543213 0.15500366812227073
300 369.94404768943787 0.15898377028714109
300 371.9480872154236 0.15992689999999998
300 373.951966047287 0.15888479700187383
300 375.9554395675659 0.157304
300 377.95914125442505 0.15812185231539425
300 379.9630877971649 0.1620658088694566
300 381.96682381629944 0.15960650813516894
300 383.97061038017273 0.15907396368190357
300 385.97410798072815 0.15990705808869457
300 387.9777274131775 0.162119
300 389.98107147216797 0.1582640450845335
300 391.9843225479126 0.15769244222361023
300 393.9878103733063 0.1582410993129294
300 395.9914994239807 0.16087825109306683
300 397.99499344825745 0.16259289999999998
300 399.9982075691223 0.1549311360799001
300 402.00148606300354 0.15538944479101685
300 404.0047433376312 0.15508715894868585
300 406.00855565071106 0.15821870000000002
300 408.0119559764862 0.15619622263914945
300 410.0169143676758 0.15960274828232354
300 412.02011823654175 0.1582407
300 414.02387952804565 0.15777320825515947
300 416.0276656150818 0.15560059850374064
300 418.0312547683716 0.1582506799750468
300 420.0346300601959 0.1589903689806129
300 422.0381953716278 0.1622140162398501
300 424.04174995422363 0.1910541935483871
300 426.0454454421997 0.16094324189526185
300 428.0494487285614 0.16295599499374216
300 430.0530333518982 0.1611256105197245
300 432.0564515590668 0.183174463840399
300 434.0596740245819 0.16158499378881988
300 436.06341338157654 0.1595663
