0 1.1944704055786133 24.295592019950124
2 3.1985251903533936 23.533115024875624
3 5.202554225921631 23.800202540473226
5 7.206295967102051 24.422734990630858
6 9.211010694503784 23.394977595015575
8 11.214523553848267 23.632663880597015
9 13.218447208404541 24.137416373831776
11 15.223093032836914 23.441248436724564
12 17.22780752182007 23.708093466334166
13 19.230581283569336 25.75866197148171
15 21.234716415405273 23.289381953951462
16 23.238343000411987 23.333611627329194
18 25.243180990219116 23.507282240199128
19 27.247051000595093 23.12964921544209
21 29.25120973587036 23.839708528678305
22 31.25445532798767 23.544651822166564
24 33.25800061225891 23.49816463551402
25 35.262208700180054 23.47599443478261
27 37.26585388183594 23.751377633872977
28 39.269967555999756 23.808458786741713
29 41.273133516311646 25.164609199999997
31 43.27707028388977 24.51384561839652
32 45.28117895126343 24.038440498753115
34 47.28521156311035 25.106238301061833
35 49.289185762405396 25.385598903426793
37 51.29319143295288 24.312689696218225
38 53.2972891330719 25.53709898686679
40 55.301538944244385 23.574561095208463
41 57.30644416809082 23.848513061991234
42 59.31061768531799 23.657898473091365
44 61.315072536468506 23.519738309329995
45 63.318960666656494 23.646520446096655
47 65.32316732406616 23.686652269326682
48 67.32700181007385 23.459887222914073
50 69.33035969734192 23.97641444097439
51 71.33429789543152 23.864459052369078
53 73.33829283714294 23.022666567717998
54 75.34200072288513 23.42576099255583
56 77.34557294845581 24.842237819083024
57 79.34938716888428 24.531356835599503
58 81.35450315475464 24.953449148539466
60 83.35709857940674 22.982214372294372
61 85.36069631576538 23.94976209868832
63 87.36468362808228 23.360742172284642
64 89.36890983581543 23.41979214953271
66 91.37362933158875 23.6694927680798
67 93.37721824645996 23.441543529411764
69 95.38149881362915 23.47589300124533
70 97.38525557518005 23.48879890274314
72 99.38894510269165 23.67989413233458
73 101.39270424842834 23.84075132169576
75 103.39622282981873 23.554001192546583
76 105.39999961853027 23.73112388542964
77 107.40365862846375 23.315746874610106
79 109.40723085403442 23.78549333333333
80 111.41101622581482 23.038758606965175
82 113.41452765464783 23.52682610421836
83 115.41829323768616 23.27260518703242
85 117.4225606918335 23.638960298136645
86 119.4269278049469 23.430587496886677
88 121.43126797676086 24.177608184653774
89 123.43566918373108 24.523112872274144
91 125.43938946723938 23.407609155722326
92 127.44322562217712 24.179326263256396
93 129.44700455665588 24.6745846
95 131.4504725933075 23.28841944064636
96 133.4538218975067 23.171146700062618
98 135.4578995704651 24.31372893882647
99 137.4618537425995 23.759777160725452
101 139.46565556526184 23.509369054726367
102 141.46942281723022 23.65848035065748
104 143.4727029800415 23.563878043343653
105 145.4770746231079 23.28803369470405
106 147.48082208633423 23.8065204494382
108 149.4843454360962 23.845893581626317
109 151.4884011745453 23.431121990049753
111 153.4921817779541 23.77843711442786
112 155.4960741996765 24.2370575390381
114 157.50008964538574 23.489974463840397
115 159.50439476966858 24.793076082345603
117 161.5083146095276 24.113430894308944
118 163.51227378845215 24.172399399249063
119 165.5160629749298 26.226865454545457
121 167.51958966255188 23.409709268292684
122 169.52316522598267 23.1530874796748
124 171.5276002883911 23.787518413878566
125 173.53145337104797 23.442531887850468
127 175.535808801651 23.36350068450529
128 177.53986501693726 24.192594655065257
130 179.54397559165955 23.637065208203854
131 181.54752802848816 23.36151722772277
133 183.55139064788818 23.391549218261414
134 185.55523228645325 23.40704359326263
136 187.55921506881714 23.47374052434457
137 189.56327772140503 23.587819591331268
138 191.56667399406433 23.656329159925328
140 193.5712616443634 23.03957456359102
141 195.57548666000366 23.174966491885144
143 197.57946872711182 23.489435710723193
144 199.58366203308105 23.016264672897197
146 201.5877525806427 23.323919800249687
147 203.59199810028076 23.215750423940147
149 205.595205783844 22.628044720496895
150 207.5995180606842 23.19264518703242
152 209.60322880744934 23.16718024937656
153 211.60731554031372 23.16589509339975
155 213.6112139225006 24.634570653391414
156 215.61464190483093 24.16754197253433
157 217.6186978816986 23.9993646882793
159 219.62287735939026 23.503989433021808
160 221.62678337097168 23.250216129837703
162 223.63014912605286 23.60165141081417
163 225.63431763648987 23.293572935323382
165 227.63818645477295 23.653151780137414
166 229.64237332344055 23.7405792
168 231.64564847946167 23.431928734491315
169 233.64948534965515 23.416851264080098
171 235.65336108207703 23.057145703611457
172 237.65726590156555 23.443323092269328
174 239.6605360507965 23.92346909544604
175 241.66397976875305 23.404639600249844
177 243.66882801055908 23.45405960199005
178 245.67207217216492 24.135699140186915
179 247.67641186714172 23.582120299251873
181 249.68004822731018 25.450511412570005
182 251.68478918075562 25.01339583800623
184 253.68871450424194 24.395027008119925
185 255.69307255744934 23.723488498442368
187 257.69689440727234 23.414070978934326
188 259.7011158466339 23.43405818181818
190 261.7050998210907 23.352189280397024
191 263.70871686935425 23.37916712600869
192 265.7126557826996 23.27165104385423
194 267.7173156738281 23.523660173482032
195 269.72175788879395 23.437439800995026
197 271.7253098487854 23.64742340372671
198 273.7291901111603 23.294683229813664
200 275.7337341308594 23.2753784423676
201 277.7370116710663 23.29741621890547
203 279.741085767746 23.668837283489097
204 281.7446482181549 22.913390372208436
206 283.7482736110687 23.723303940149627
207 285.75227642059326 23.976022007434945
209 287.75644087791443 23.744497600994407
210 289.7610013484955 24.116349263420727
211 291.76455068588257 23.709457445482865
213 293.76825308799744 24.135974452097685
214 295.7719945907593 23.117101316770185
216 297.7758717536926 23.42314679950187
217 299.78022861480713 23.548091783716593
219 301.78476214408875 23.260951281733746
220 303.78796648979187 23.662465829707894
222 305.79149079322815 23.69472
223 307.79532122612 23.298942067247822
225 309.79889726638794 23.392959900497512
226 311.80253744125366 23.486454527363186
228 313.80582904815674 23.920992973308504
229 315.80985379219055 24.9095962
230 317.81399273872375 25.49298460012399
232 319.8178150653839 25.339736359102243
233 321.8215506076813 24.165684928438083
235 323.8260266780853 24.872406882793015
236 325.82940340042114 25.386536214865707
238 327.8334472179413 24.866799098873592
239 329.8374786376953 23.7007395
240 331.84299874305725 24.2972664423676
242 333.84729194641113 23.287204665012407
243 335.8509600162506 24.496118703241894
245 337.85559248924255 23.500825289359053
246 339.85891485214233 23.418450155183116
248 341.862920999527 23.37592237330037
249 343.8666124343872 24.211923486924032
251 345.870760679245 23.41161952440551
252 347.8750789165497 23.856527451713397
254 349.8795475959778 23.640605664379287
255 351.88343596458435 23.520181525108494
256 353.8876049518585 23.351332069825435
258 355.8912959098816 23.99898011228946
259 357.8956537246704 23.244262779493514
261 359.8993294239044 23.54959841092489
262 361.9034912586212 23.571562858918583
264 363.90717577934265 23.40812600623053
265 365.91081380844116 23.55747215930305
267 367.91505694389343 23.886741452513967
268 369.91846203804016 26.176863281347472
270 371.92253708839417 24.852858362282877
271 373.9264962673187 24.227977913803873
272 375.93039059638977 25.014994897324204
274 377.93415784835815 25.015519900124843
275 379.9383599758148 24.75155271820449
277 381.9422376155853 25.17030865671642
278 383.9475359916687 23.97989688667497
280 385.9513261318207 24.657383091247674
281 387.95565819740295 24.37785127182045
282 389.95901918411255 24.433634743429288
284 391.96312141418457 24.115138753117208
285 393.9672853946686 23.825368234560198
287 395.97090101242065 23.246609107922644
288 397.9746923446655 25.043458270068452
290 399.978364944458 25.072955502810746
291 401.9822700023651 24.11131644499689
292 403.9863324165344 23.4822500622665
294 405.9900891780853 23.4010368159204
295 407.99425745010376 23.43921399503722
297 409.99793434143066 23.31859995031056
298 412.00113677978516 23.304484978220287
300 414.0055365562439 12.888978864628822
300 416.00926780700684 0.14491917448405253
300 418.0140562057495 0.1307922
300 420.0177857875824 0.1289507
300 422.0213785171509 0.13421922596754057
300 424.0253953933716 0.1342545090681676
300 426.0289406776428 0.13078137672090112
300 428.0332553386688 0.13419704630788484
300 430.036860704422 0.13229558474046277
300 432.0406017303467 0.13154157303370786
300 434.0440170764923 0.1307342
300 436.0482294559479 0.2264009005628518
300 438.05197048187256 0.16533286695815114
300 440.0555901527405 0.15985499063085573
300 442.05967116355896 0.16242028732042474
300 444.06348752975464 0.1620368
300 446.0672857761383 0.1608950811485643
300 448.071218252182 0.16127809881175736
300 450.0751326084137 0.1630107
300 452.07900738716125 0.16248915572232644
300 454.08238077163696 0.1593555028107433
300 456.08622884750366 0.1611637726420987
300 458.0899991989136 0.13220447220487194
300 460.0936555862427 0.16206971927635683
300 462.09733629226685 0.16290711694809257
300 464.1008188724518 0.1605802626641651
300 466.10462641716003 0.16120984384759526
300 468.10812759399414 0.15966690818238602
300 470.11193323135376 0.1663821557632399
