0 1.3204996585845947 46.22354054862843
1 3.324312448501587 46.82427397260274
2 5.328525066375732 45.705490166975885
3 7.332578897476196 45.99064219178082
4 9.336290121078491 45.78415940483571
5 11.340687990188599 46.01741941286696
6 13.344429731369019 46.160483067408784
7 15.347968578338623 45.6271634512725
8 17.351770877838135 45.762153117206985
8 19.35576558113098 45.38002864931847
9 21.359743118286133 46.19799111111111
10 23.36377215385437 46.03152089164087
11 25.368181705474854 46.775396639701306
12 27.37271237373352 45.538159851024204
13 29.377458810806274 45.39505351552795
14 31.381793975830078 45.9586122408442
15 33.38500738143921 45.878058461538465
16 35.389211893081665 45.835368988764046
17 37.39321041107178 45.541697833125774
18 39.39715099334717 45.7390016159105
19 41.40126276016235 45.02223591785936
20 43.40483570098877 45.900548938271605
21 45.40961456298828 46.16257193287757
22 47.412445306777954 46.34649307644499
23 49.4164023399353 45.86716224159402
23 51.42055583000183 46.5070779525593
24 53.424349546432495 45.70802341463415
25 55.42823100090027 45.844646753569215
26 57.432849645614624 46.548342286071204
27 59.43608498573303 46.90800843161857
28 61.44203567504883 46.0621334
29 63.446351528167725 46.314130651769084
30 65.45051383972168 46.60836801992528
31 67.4541916847229 45.77215015537601
32 69.45804786682129 46.2315023880597
33 71.4622573852539 45.77844967223253
34 73.46665048599243 45.837179913205205
35 75.47024989128113 45.74137673494724
36 77.47404456138611 45.46216379544054
37 79.47865533828735 45.63879538175046
38 81.48276162147522 45.87964330640149
38 83.4865255355835 45.86459182156134
39 85.4905936717987 45.96949892126472
40 87.49562239646912 45.768695935762814
41 89.49868130683899 45.72688990712074
42 91.50253820419312 46.2034533
43 93.50634789466858 46.76102871410737
44 95.51120519638062 46.75209418159358
45 97.5156455039978 46.97250545227698
46 99.5191752910614 45.87146293498452
47 101.52345776557922 46.343781210230816
48 103.5269615650177 46.35879027295285
49 105.53054642677307 45.84024971962617
50 107.53437232971191 46.826624278606964
51 109.53823161125183 46.25378807716242
52 111.54206585884094 46.24866121325829
53 113.54560780525208 46.2965056199377
53 115.54939889907837 46.377191796146676
54 117.55320882797241 46.82340830941984
55 119.55731010437012 45.52585797752809
56 121.56135749816895 45.8615375464684
57 123.56483221054077 45.60882578718108
58 125.56856966018677 46.15751627560522
59 127.5728120803833 46.24000779026217
60 129.57651734352112 45.919949384711
61 131.58041715621948 45.78602185438705
62 133.58405900001526 46.245885955334984
63 135.587735414505 45.92876433374845
64 137.59138941764832 45.81312318210068
65 139.59488940238953 46.247712377405335
66 141.59921836853027 45.809658689956336
67 143.6029577255249 46.478107448534004
67 145.6072859764099 45.75312237918215
68 147.61055493354797 46.170298553615964
69 149.61410570144653 46.13429563928351
70 151.6183261871338 45.879977114673245
71 153.62198567390442 46.13427892968264
72 155.6262276172638 45.61899719557195
73 157.63115859031677 46.800754879406306
74 159.63540148735046 46.066553104309804
75 161.63925647735596 46.53411422194668
76 163.64329838752747 46.12255007444169
77 165.6469328403473 46.70617122894573
78 167.6511263847351 45.7234299751861
79 169.65488123893738 46.11756167604753
80 171.6586811542511 45.8154598757764
81 173.66301083564758 46.25722245177349
82 175.66687536239624 45.65958757090012
83 177.67084622383118 45.76106566978193
83 179.6746006011963 45.69543572139303
84 181.67859411239624 46.67640696517413
85 183.68216586112976 45.97049053416149
86 185.68599152565002 45.439725785226564
87 187.6901466846466 46.036632727272725
88 189.69380927085876 45.765281383570105
89 191.69871973991394 48.35839900682806
90 193.70248532295227 47.8478615308642
91 195.70602321624756 46.379215980148885
92 197.71035480499268 46.15967375077496
93 199.71479296684265 46.164778839675606
94 201.71847581863403 46.31949386335404
95 203.722758769989 46.006970513141425
96 205.72735834121704 46.247302714819426
96 207.73078680038452 45.64146376237624
97 209.7349488735199 48.29394374768089
98 211.73907709121704 45.92376575682382
99 213.74362564086914 46.079258453865336
100 215.74752640724182 45.308027603203946
101 217.75185251235962 45.92340309597523
102 219.75544595718384 46.60635634555624
103 221.7598888874054 45.76613902045877
104 223.76396656036377 47.18742129353234
105 225.7688090801239 45.70916476426799
106 227.77291250228882 45.85992465346534
107 229.77711629867554 45.39668657601978
108 231.78082704544067 45.63227515605493
109 233.7845265865326 46.514467347447074
110 235.7890706062317 46.080534565896315
111 237.7927131652832 45.55497926571251
111 239.79729676246643 45.552200974391006
112 241.80070996284485 45.76342790582404
113 243.80478310585022 46.89858541117389
114 245.8089394569397 45.40036469273743
115 247.8128354549408 45.723121500000005
116 249.81714820861816 45.693885821361654
117 251.82123708724976 46.131737107075764
118 253.82483315467834 46.54457014925374
119 255.83041048049927 45.611164817788755
120 257.83398151397705 45.47574505603985
121 259.8376452922821 45.58967041198502
122 261.8416211605072 46.5815895392279
123 263.8457136154175 45.81765088654681
124 265.8494281768799 45.14876803982576
124 267.8533160686493 46.509848999999996
125 269.85768580436707 45.708663626168224
126 271.8616638183594 46.121590694183865
127 273.86544966697693 46.6554977
128 275.8701717853546 45.41950802721089
129 277.8737609386444 46.080317608966375
130 279.87812066078186 46.4894468401487
131 281.88228964805603 46.27691176985616
132 283.886926651001 45.85003778051788
133 285.89115953445435 45.62009387197017
134 287.8969569206238 46.48618557823129
135 289.9011993408203 45.83545185554172
136 291.90556836128235 46.67709597507788
137 293.90927052497864 46.0982260609832
138 295.91312551498413 45.330164922311994
139 297.91732001304626 46.35226321939093
139 299.9210834503174 47.111579799999994
140 301.9251534938812 46.40058970861748
141 303.9289493560791 47.12811592340952
142 305.9328112602234 47.669468902589394
143 307.9364573955536 46.78754655021834
144 309.94007754325867 47.83940457214241
145 311.94446444511414 47.748606691449815
146 313.9480185508728 46.018035838006234
147 315.95195388793945 46.54213429638855
148 317.95603585243225 46.4515345634675
149 319.9598662853241 45.982094173424834
149 321.9653172492981 46.27366982543641
150 323.96937918663025 46.269900111870726
151 325.9738755226135 45.85413775851393
152 327.97783160209656 45.879635566625154
153 329.9817612171173 45.4506839157373
154 331.9856448173523 45.24776834782609
155 333.9892780780792 45.9231295641345
156 335.993540763855 45.47910425822471
157 337.99729895591736 46.47995174129353
158 340.00128698349 46.10874049751244
159 342.0050513744354 45.56369481665631
160 344.0091326236725 45.81886584423676
161 346.0130431652069 45.62760054828661
162 348.01721835136414 45.814487534076825
163 350.0210874080658 45.151894056720096
164 352.02554297447205 46.22335772277228
164 354.0291078090668 46.851424200000004
165 356.0342221260071 46.50013281891724
166 358.0396955013275 45.56095831265509
167 360.0420949459076 48.031105350713844
168 362.0463898181915 48.662309625935166
169 364.050368309021 46.85484572136223
170 366.05412101745605 47.4676116976456
171 368.05790424346924 45.96082096069869
172 370.0619511604309 45.765322434782604
173 372.0660629272461 48.188841895261845
174 374.0696165561676 47.95766229386237
174 376.07383942604065 46.97627202998127
175 378.0780746936798 45.92110464396285
176 380.0830879211426 46.335539512195126
177 382.0867042541504 46.78760582451773
178 384.09014344215393 46.13451807169345
179 386.09503531455994 46.13322650093225
180 388.10007095336914 45.57305643835616
181 390.1044292449951 45.952737210167385
182 392.1089446544647 45.74044668329177
183 394.1127014160156 45.973518802992515
184 396.1165542602539 46.09073698938164
185 398.12097454071045 46.12905463535228
186 400.1247007846832 45.82554047440699
187 402.12886142730713 46.01606891385768
188 404.1330873966217 45.59730876404494
188 406.1373631954193 45.59082464219042
189 408.1412296295166 46.2533737383757
190 410.14519000053406 45.41399608183509
191 412.1497702598572 45.17800170212766
192 414.1537618637085 46.324513915211966
193 416.15776801109314 45.6208138
194 418.161744594574 45.68227439252336
195 420.1660466194153 46.61508004993758
196 422.16997265815735 46.22288399002494
197 424.17430329322815 46.14566451773491
198 426.1783013343811 46.02346275776398
199 428.18186378479004 45.946082887367766
200 430.18583035469055 46.54547885429639
201 432.18982577323914 46.02732187617261
202 434.1940224170685 45.83883310516491
202 436.197637796402 46.18320376937384
203 438.2018988132477 45.907542504626775
204 440.20528197288513 46.26943381160324
205 442.20968198776245 45.51087435643564
206 444.2136073112488 45.82241389578164
207 446.2180013656616 45.898630000000004
208 448.2214033603668 46.32278522924411
209 450.22643542289734 45.475087466007416
210 452.22972559928894 47.68583224212477
211 454.2337894439697 46.02759206939282
212 456.23821353912354 46.38863145872129
213 458.2428843975067 45.78748597644141
214 460.2458016872406 45.42397925015366
215 462.24982047080994 46.36450861788618
216 464.25371408462524 45.31141099876695
216 466.25733828544617 45.772079802224965
217 468.26215076446533 45.17288059627329
218 470.26545810699463 46.17051788425638
219 472.268985748291 45.94587272054287
220 474.27311086654663 45.69659326732673
221 476.27700877189636 44.976241142147735
222 478.28163480758667 45.8299580286962
223 480.28512620925903 45.99797148514851
224 482.2898976802826 45.73766494756323
225 484.2939643859863 46.209904676616915
226 486.2983479499817 45.361688548486725
227 488.3022425174713 45.882852920024796
228 490.30613899230957 46.356212305779984
229 492.31059288978577 46.149610306441524
230 494.3144760131836 45.42865329200248
230 496.31839776039124 46.57644962779156
231 498.3225164413452 45.91782360371517
232 500.32646679878235 45.79844295835923
233 502.33068346977234 46.45325118012422
234 504.3345277309418 45.597594055727555
235 506.3389194011688 45.159290636982064
236 508.34231519699097 46.239713075965135
237 510.34583830833435 46.57249635687732
238 512.3501529693604 46.47071481296758
239 514.3539273738861 46.20333275541796
240 516.3599727153778 46.10989934202359
241 518.3631920814514 45.93173680297398
242 520.3673515319824 46.066372427424334
243 522.3711876869202 46.63543672456576
244 524.3750896453857 46.751304183736806
244 526.3795824050903 46.309420696517414
245 528.3834156990051 46.723999098309335
246 530.3872377872467 46.02818605115409
247 532.391196012497 45.73320376703842
248 534.3949341773987 45.59904821026283
249 536.3992273807526 45.71083890547264
250 538.4029371738434 45.79661833540373
251 540.4066185951233 45.72951930521092
252 542.4113149642944 45.73985711811998
253 544.4144995212555 46.47245826791278
254 546.4185471534729 46.279155439252335
255 548.4233584403992 46.27454246575343
256 550.4270963668823 47.05121307548347
257 552.4310963153839 48.20323030529595
257 554.434751033783 47.54609224642191
258 556.4383261203766 48.291447980049874
259 558.4421882629395 47.73998380124224
260 560.446001291275 47.77294393013101
261 562.4493744373322 48.449327801242234
262 564.4531223773956 48.660500774032464
263 566.4569602012634 47.985340521739126
264 568.46071600914 46.14842982716049
265 570.4647278785706 46.051257014925376
266 572.4684784412384 45.681303511830635
266 574.4724175930023 46.10875947728687
267 576.4768364429474 45.2923563050217
268 578.4811930656433 46.15771867747973
269 580.4854803085327 46.11709015595758
270 582.4899516105652 46.3439363987539
271 584.4945433139801 45.79978656753408
272 586.498824596405 46.52457374844334
273 588.5029864311218 45.99598773067331
274 590.5063865184784 46.240092865064696
275 592.5109457969666 45.507679801857584
276 594.5147488117218 46.104837834474175
277 596.5186307430267 46.00324535980149
278 598.5230884552002 45.528353647642675
279 600.5271906852722 45.96529770043505
280 602.5310213565826 46.401118805227135
281 604.5349307060242 46.26452550185874
282 606.5387904644012 47.16022453865337
283 608.542445898056 47.278176660412754
283 610.5466556549072 46.20735295722257
284 612.55104804039 46.09761781076067
285 614.554943561554 45.97534857142857
286 616.5595457553864 45.67833315068493
287 618.5632183551788 46.209879825109304
288 620.5664467811584 46.418190860681115
289 622.5706543922424 45.852540594059406
290 624.5750148296356 45.88730063393412
291 626.5791625976562 45.35414362047441
292 628.5824093818665 45.80762617100372
293 630.5863466262817 46.17432253889235
294 632.5899801254272 46.487004622111186
295 634.5938119888306 45.401526691266916
296 636.5977838039398 46.1344626260112
297 638.6020157337189 45.2301120590043
298 640.6057932376862 45.80622857858484
298 642.6099750995636 45.81825125778331
299 644.6134548187256 45.18860265673495
300 646.6171188354492 0.142889211514393
300 648.6205387115479 0.14127028177833437
300 650.6243231296539 0.1468352559300874
300 652.6280574798584 0.1350844
300 654.6315622329712 0.15698513141426784
300 656.6348032951355 0.14129922403003753
300 658.6386601924896 0.1521543
300 660.6420745849609 0.13385152838427947
300 662.6464252471924 0.1536351780137414
300 664.6498656272888 0.13696420262664163
300 666.6540439128876 0.1541815269086358
300 668.6573984622955 0.13645852684144819
300 670.6608939170837 0.13710261086820738
300 672.6644239425659 0.13638657517155334
300 674.6679329872131 0.13594813241723924
300 676.671817779541 0.14886993773349938
300 678.6758141517639 0.15449780533168012
300 680.6790990829468 0.14513922403003754
300 682.6841766834259 0.1509478152309613
300 684.6882622241974 0.13473061326658323
300 686.6924805641174 0.1404278674171357
300 688.6965732574463 0.14204582136164895
300 690.7007238864899 0.1397999250468457
300 692.7043964862823 0.14107248908296943
300 694.7082195281982 0.14283872579637727
300 696.7119724750519 0.1584498311444653
300 698.7162065505981 0.1600702
300 700.7198684215546 0.16255331670822942
300 702.7239863872528 0.13279458985597994
300 704.7275578975677 0.18068771929824562
300 706.7310972213745 0.15768515322076299
300 708.7349495887756 0.16018756554307118
300 710.7388746738434 0.16185850000000002
300 712.742625951767 0.15826961851156973
300 714.7472937107086 0.1613608944099379
300 716.7508585453033 0.16039370786516854
300 718.7557075023651 0.15951311720698255
300 720.7592806816101 0.15644956195244056
300 722.7629916667938 0.15793280800500314
300 724.7667243480682 0.1578163055729493
300 726.7704172134399 0.1641474078700812
300 728.7741224765778 0.15994066291432146
300 730.7783699035645 0.15931532792004996
300 732.7821004390717 0.15997065502183405
300 734.7859456539154 0.16274868207370394
300 736.7892525196075 0.1592613616489694
300 738.79341173172 0.16026046278924327
300 740.7970454692841 0.1597235
300 742.8006708621979 0.16115724655819774
300 744.8054745197296 0.1623596
300 746.809024810791 0.16179434292866082
300 748.812915802002 0.15909006870705808
300 750.8167181015015 0.16100585732165207
300 752.8202619552612 0.1599514606741573
300 754.824271440506 0.15715148194271483
300 756.8285219669342 0.15589316677076828
300 758.8321416378021 0.1586205243445693
300 760.8357586860657 0.1575676
300 762.8395304679871 0.1592728722741433
300 764.843398809433 0.12869039999999998
300 766.8473079204559 0.13067049282595133
300 768.8514606952667 0.13413922596754058
300 770.854884147644 0.1335036397748593
300 772.8587501049042 0.13226966854283928
300 774.862140417099 0.1346925
300 776.8656272888184 0.13608444167186526
300 778.8705661296844 0.1584923845193508
300 780.8738927841187 0.13467354517133956
300 782.8778865337372 0.1383495890410959
300 784.8814685344696 0.1360107663551402
300 786.8852941989899 0.13661615960099752
300 788.8895771503448 0.13640612321095208
300 790.8930513858795 0.13318076202373516
300 792.8969829082489 0.1358835272045028
300 794.9004101753235 0.139385315822389
300 796.9042167663574 0.13494158452900812
300 798.9088456630707 0.15178003747657712
300 800.9123315811157 0.1394716
300 802.9162936210632 0.14462558197747183
300 804.9196555614471 0.13889888819487822
300 806.9236540794373 0.1475256
300 808.9273068904877 0.158407680798005
300 810.9320480823517 0.14058849656893327
300 812.9359347820282 0.13763663131628195
300 814.9394426345825 0.13751254534083804
300 816.9434943199158 0.14330133666458464
300 818.9471120834351 0.1543435
300 820.9509871006012 0.13855900124843945
300 822.9543385505676 0.13492970679975047
300 824.9576945304871 0.13880199501246882
300 826.9619376659393 0.15410175920149718
300 828.9651894569397 0.13983490636704118
300 830.968829870224 0.14115453524641297
300 832.9725427627563 0.1395045386533666
300 834.9763004779816 0.13997578486554096
300 836.979786157608 0.14411929999999998
300 838.9836268424988 0.15577420560747662
300 840.9872074127197 0.1347005243445693
300 842.990743637085 0.1336781488430269
300 844.995824098587 0.16039384615384616
300 846.9992666244507 0.13425732165206508
300 849.0029239654541 0.16880119925046846
300 851.0063648223877 0.15845826358525922
300 853.0097465515137 0.16367599499374216
300 855.0131342411041 0.15768927680798006
300 857.0168807506561 0.15970121325828643
300 859.0204708576202 0.1664226282853567
300 861.0239050388336 0.1632519324577861
300 863.0276200771332 0.16473652065081354
300 865.0311267375946 0.16178165938864628
300 867.0348966121674 0.16042983135540287
300 869.0386846065521 0.15720906700062617
300 871.0425806045532 0.16069506558400998
300 873.0459659099579 0.161094
300 875.0495204925537 0.16212100000000002
300 877.0533428192139 0.16123597248280175
300 879.0581431388855 0.13659692692067457
300 881.0620305538177 0.16414231105559024
300 883.065591096878 0.17118999999999998
300 885.069169998169 0.15985157829070493
300 887.073059797287 0.13545564022485948
300 889.0775105953217 0.15925017456359103
300 891.0814003944397 0.1798626282853567
300 893.0848445892334 0.16024159999999998
300 895.0882749557495 0.18550615865084322
300 897.0923206806183 0.18053822721598003
300 899.0961399078369 0.16175529411764705
300 901.1001114845276 0.11200610000000001
300 903.1035826206207 0.18034413016270337
300 905.1071245670319 0.16890886392009988
300 907.1105840206146 0.10842563397876327
300 909.1145346164703 0.11473697877652934
300 911.1178352832794 0.15805191755153028
300 913.1219463348389 0.1618927170518426
300 915.125896692276 0.16410070000000002
300 917.1295955181122 0.16023128911138923
300 919.1330602169037 0.16057135709818637
300 921.1369800567627 0.1595862
300 923.1408333778381 0.1815776
300 925.1443545818329 0.13717683552220136
300 927.1487219333649 0.16074403003754695
300 929.1525239944458 0.15962142678347935
300 931.1565716266632 0.16119730000000002
300 933.1604306697845 0.15940408977556111
300 935.1642713546753 0.15832629213483146
300 937.1676075458527 0.1629365938864629
300 939.1718299388885 0.1598705427323768
300 941.1751163005829 0.16064140087554724
300 943.178361415863 0.18293396627108055
300 945.181803226471 0.1610670337922403
300 947.1854095458984 0.16205371642723296
300 949.1903367042542 0.161707698066126
300 951.1944279670715 0.1362936494073612
300 953.1977546215057 0.1612509818636648
300 955.201112985611 0.11163029999999999
300 957.2048070430756 0.15775810237203494
300 959.2083461284637 0.17838971927635683
300 961.2119657993317 0.15932290000000002
300 963.215339422226 0.160492684144819
300 965.2191259860992 0.1603616479400749
300 967.2227535247803 0.1629300748129676
300 969.2262759208679 0.1604489
300 971.229434967041 0.16064650406504066
300 973.2327020168304 0.16039789737171464
300 975.2360615730286 0.16169362445414848
300 977.2396988868713 0.16239769856160102
300 979.2433099746704 0.13386443472829482
300 981.2477519512177 0.15819757953836555
300 983.2515993118286 0.1351595
300 985.2549040317535 0.14190251093066833
300 987.2590847015381 0.14216619225967542
300 989.2628870010376 0.1401007
300 991.2665479183197 0.1390326
300 993.2699518203735 0.1383360200250313
300 995.2738165855408 0.1355275952529669
300 997.2774305343628 0.1365511
300 999.2814338207245 0.1366009244222361
300 1001.2850179672241 0.14405759201497192
300 1003.2887740135193 0.1417093316677077
300 1005.292412519455 0.1374850718301062
300 1007.296662569046 0.15990184538653365
300 1009.300374507904 0.15805657071339174
300 1011.3045835494995 0.15885926111458987
300 1013.3080878257751 0.1592867
300 1015.3126592636108 0.16029551530293568
300 1017.3168337345123 0.16083253898939487
300 1019.320728302002 0.16211475655430713
300 1021.324704170227 0.1625866500311915
300 1023.3279688358307 0.16058177278401997
300 1025.3315198421478 0.16000558951965066
300 1027.3353383541107 0.15916677923702313
300 1029.338879108429 0.1571685090455396
300 1031.3432977199554 0.1753766169154229
300 1033.3470571041107 0.1618675982532751
300 1035.350832939148 0.16003882426516575
300 1037.3546376228333 0.157907
300 1039.3587579727173 0.15818970000000002
300 1041.3622455596924 0.16447489681050656
300 1043.366527557373 0.15961118601747815
300 1045.3705432415009 0.15723511584220415
300 1047.3749165534973 0.157074556803995
300 1049.3786504268646 0.17686171571696932
300 1051.3825035095215 0.17755867747972554
300 1053.3862478733063 0.1596233
300 1055.3900456428528 0.1574347066167291
300 1057.3937339782715 0.1573019
300 1059.3979461193085 0.15744509681449095
300 1061.4017024040222 0.157701872659176
300 1063.4051694869995 0.15839389618511568
300 1065.4093561172485 0.1272659412132583
300 1067.4128828048706 0.13025495327102804
300 1069.4172365665436 0.12942783042394015
300 1071.4207792282104 0.14012417761100687
300 1073.4247410297394 0.1289920797011208
300 1075.427802324295 0.13001164272329796
300 1077.431827545166 0.15158774233896186
300 1079.4352226257324 0.1394936494073612
300 1081.4397327899933 0.13731656288916563
300 1083.4440896511078 0.1327459
300 1085.4478161334991 0.13588107432854465
300 1087.451598405838 0.1356209476309227
300 1089.4557373523712 0.13210159999999999
300 1091.459254026413 0.13354460386774797
300 1093.463217496872 0.1387913892365457
300 1095.4668204784393 0.13175595252966896
300 1097.470034122467 0.133387
300 1099.474169254303 0.1327661211742661
300 1101.4778470993042 0.13679020612117426
300 1103.4820227622986 0.13909047915370254
300 1105.4858140945435 0.13349930000000002
300 1107.489797592163 0.14085503439649782
300 1109.4939398765564 0.1547215990006246
300 1111.4976568222046 0.1302124828017511
300 1113.501345872879 0.14842619912335628
300 1115.5057725906372 0.13113761696818466
300 1117.5096354484558 0.1360232
300 1119.5136587619781 0.13287125546533415
300 1121.5172979831696 0.13245298311444653
300 1123.521380186081 0.13807250936329588
300 1125.5252921581268 0.13818976279650436
300 1127.5290820598602 0.14363287054409005
300 1129.532862663269 0.1948996245306633
300 1131.53670835495 0.16585316708229428
300 1133.5401430130005 0.16133286695815116
300 1135.5440640449524 0.1582570893191755
300 1137.5476751327515 0.15676422236102436
300 1139.5512738227844 0.15818493441599
300 1141.5550191402435 0.1582300062460962
300 1143.558422088623 0.1809430788485607
300 1145.562388420105 0.15998006230529593
300 1147.5660018920898 0.16228130000000002
300 1149.5708980560303 0.1603284682440847
300 1151.5743436813354 0.1592286
300 1153.5786035060883 0.15929324172392254
300 1155.582391500473 0.13925086357947433
300 1157.5862464904785 0.1310678
300 1159.5899302959442 0.13437078173858663
300 1161.5932788848877 0.13195367104440275
300 1163.5972929000854 0.13091705368289638
300 1165.600952386856 0.1318082
300 1167.604859828949 0.1318415009380863
300 1169.6084218025208 0.1357876
300 1171.6118235588074 0.13333136420525657
300 1173.6158654689789 0.1315437
300 1175.6192598342896 0.13325972534332084
300 1177.6230189800262 0.1312112929419113
300 1179.6260945796967 0.1351458691588785
300 1181.6301188468933 0.13030372034956306
300 1183.6351864337921 0.15005097256857855
300 1185.638994216919 0.1428467207995003
300 1187.6430232524872 0.13575545851528384
300 1189.6465802192688 0.1473074656679151
300 1191.6500406265259 0.14543549718574109
300 1193.6540548801422 0.15826108682073706
300 1195.6577911376953 0.1621931
300 1197.6616818904877 0.15914603372891942
300 1199.6654388904572 0.16008190237797246
300 1201.6693577766418 0.16262444027517198
300 1203.6729099750519 0.16455890274314217
300 1205.6767954826355 0.16329633978763272
300 1207.6807718276978 0.15871059412132582
300 1209.6843934059143 0.18210749999999998
300 1211.6879651546478 0.1617324
300 1213.6917788982391 0.1819503620474407
300 1215.6963248252869 0.16467335830212235
300 1217.7002546787262 0.1627452
300 1219.7036700248718 0.1596900748129676
300 1221.707971572876 0.16074823235477825
300 1223.7112867832184 0.1603277
300 1225.7154490947723 0.16554366479049407
300 1227.7191715240479 0.16223000624609618
300 1229.7231192588806 0.16159789868667918
300 1231.7267215251923 0.1612354
300 1233.7304546833038 0.16235285892634208
300 1235.7343657016754 0.16309170305676854
300 1237.738033771515 0.15795877576514677
300 1239.7421689033508 0.15947268870867123
300 1241.7457115650177 0.15905719999999998
300 1243.7492887973785 0.1600358448060075
300 1245.7529788017273 0.1606966353971232
300 1247.756962299347 0.17631969962453065
300 1249.7618424892426 0.17844169999999998
300 1251.7660021781921 0.16071056768558953
300 1253.7697396278381 0.16404027482823236
300 1255.77361702919 0.1415655
300 1257.7775192260742 0.15259275905118602
300 1259.7813940048218 0.18111070580886945
300 1261.785190820694 0.16189058161350844
300 1263.7887234687805 0.1617335495945103
300 1265.7926788330078 0.1616850531582239
300 1267.7961254119873 0.1807626699937617
300 1269.7998797893524 0.16058360573923894
300 1271.8032681941986 0.16150554096310193
300 1273.8069410324097 0.16197353308364543
300 1275.8103098869324 0.16189551530293567
300 1277.8143498897552 0.1619355708047411
300 1279.8178799152374 0.17207755458515284
300 1281.822809457779 0.15940266666666666
300 1283.8271234035492 0.13508707058088693
300 1285.8308746814728 0.12863100562148658
300 1287.8346538543701 0.12964926920674577
300 1289.8386704921722 0.12846733167082294
300 1291.8423490524292 0.13347330000000002
300 1293.8459148406982 0.12741097256857856
300 1295.8499400615692 0.13004290000000002
300 1297.8534479141235 0.14778793254216113
300 1299.856997013092 0.13344
300 1301.8605427742004 0.13178466916354556
300 1303.8642110824585 0.1330525578486554
300 1305.8680248260498 0.13917000000000002
300 1307.8716468811035 0.13585028714107367
300 1309.8756484985352 0.13732250000000001
300 1311.8795020580292 0.13722263585259212
300 1313.883263349533 0.1360911
300 1315.888424396515 0.1369118
300 1317.8920633792877 0.1521572
300 1319.8963577747345 0.1423169
300 1321.8999285697937 0.1370764727954972
300 1323.9039335250854 0.1386059574468085
300 1325.9078509807587 0.13579193004372267
300 1327.9118931293488 0.13559784865540964
300 1329.915700674057 0.13821785848465873
300 1331.9201641082764 0.14088024984384762
300 1333.9238884449005 0.1378916354556804
300 1335.9274597167969 0.13600310000000002
300 1337.931616306305 0.15234257178526842
300 1339.9353477954865 0.13645291692692066
300 1341.9391031265259 0.13515822610868208
300 1343.943195104599 0.13994813241723922
300 1345.947110414505 0.13491463505926388
300 1347.950822353363 0.1359759
300 1349.9556527137756 0.14071571072319203
300 1351.9597427845001 0.15964162398500936
300 1353.9631476402283 0.16167994996873045
300 1355.9673013687134 0.15859072319201994
300 1357.970867395401 0.16405625935162094
300 1359.974596977234 0.15809457267623206
300 1361.978392124176 0.16191761342448727
300 1363.9815862178802 0.1618207481296758
300 1365.9851026535034 0.160517
300 1367.9883708953857 0.1623149063670412
300 1369.9920043945312 0.16190046336881653
300 1371.9953863620758 0.16072500625782227
300 1373.9989504814148 0.0992662
300 1376.0027651786804 0.15776439725171768
300 1378.0065066814423 0.1513528
300 1380.0102698802948 0.14056229712858928
300 1382.0143947601318 0.13578859638178417
300 1384.017992258072 0.14169434103685197
300 1386.0230121612549 0.14599133250311333
300 1388.026640176773 0.142903670411985
300 1390.0304172039032 0.13679149999999998
300 1392.034583568573 0.14024653774173423
300 1394.0385699272156 0.13822234413965087
300 1396.0424857139587 0.16142414953271028
300 1398.046725988388 0.16391105559025607
300 1400.0508971214294 0.16110460961898812
300 1402.0541603565216 0.16197076826983137
300 1404.05806183815 0.1382926328955597
300 1406.0624680519104 0.13782956955708048
300 1408.0661480426788 0.13067647279549718
300 1410.06996011734 0.14521408239700373
300 1412.0737881660461 0.1550371090342679
300 1414.0777468681335 0.21580864120225424
300 1416.080754995346 0.16156767979987494
300 1418.0845894813538 0.16423290000000001
300 1420.0894980430603 0.1577046307884856
300 1422.093707561493 0.1460499
300 1424.0979495048523 0.14490377570093457
300 1426.101880788803 0.1589709023024269
300 1428.105192899704 0.16105008739076154
300 1430.108598947525 0.15978218068535827
300 1432.112216949463 0.16442199123356294
300 1434.1156539916992 0.1701501
300 1436.1192581653595 0.21331897564022487
300 1438.1228218078613 0.15833962453066333
300 1440.1267256736755 0.15897993753903808
300 1442.1299858093262 0.16007714821763602
300 1444.1337134838104 0.1609629
300 1446.1371808052063 0.16225687890137327
300 1448.1418416500092 0.138671
300 1450.1456019878387 0.14110969355847405
300 1452.1504528522491 0.1453339650872818
300 1454.1540639400482 0.1390357
300 1456.157564163208 0.13534067584480602
300 1458.1615805625916 0.14637416770963704
300 1460.1650342941284 0.13529142857142856
300 1462.168944120407 0.13847749687108887
300 1464.172327041626 0.1443354903185509
300 1466.1758666038513 0.13764351840299438
300 1468.1799416542053 0.14702747826086957
300 1470.1835191249847 0.14065350844277674
300 1472.1876130104065 0.14689459088069956
300 1474.1912593841553 0.14003170093457945
300 1476.195567369461 0.13907164067373676
300 1478.1991205215454 0.15082973141786385
300 1480.203117609024 0.14275845193508113
300 1482.206824541092 0.14426460386774798
300 1484.2106626033783 0.14682703241895262
300 1486.2156178951263 0.1475678
300 1488.2197060585022 0.1421729161451815
300 1490.2233970165253 0.14546489999999998
300 1492.227441072464 0.14616560700876094
300 1494.2316250801086 0.14759145534041224
300 1496.2352604866028 0.14599650872817954
300 1498.239200592041 0.15391660636306925
300 1500.2430539131165 0.1475595752654591
300 1502.2466366291046 0.1427166021236727
300 1504.250468969345 0.1486947630922693
300 1506.2539603710175 0.14558800000000002
300 1508.2579274177551 0.1446668664169788
300 1510.2617750167847 0.14504863381160327
300 1512.2657625675201 0.14633677902621722
300 1514.2694325447083 0.14697067000626174
300 1516.2730197906494 0.14526281074328543
300 1518.2776572704315 0.14956084893882649
300 1520.2814302444458 0.14009198501872658
300 1522.2855248451233 0.1410914357053683
300 1524.2892744541168 0.14672671258609893
300 1526.2929632663727 0.14971385767790263
300 1528.2968838214874 0.1456589368355222
300 1530.3003957271576 0.14172217636022516
300 1532.304473400116 0.159581507788162
300 1534.3083565235138 0.16573935162094763
300 1536.3119626045227 0.15451006879299561
300 1538.3158612251282 0.15405916092673763
300 1540.3194651603699 0.13661438398999373
300 1542.3235366344452 0.1491647
300 1544.3269526958466 0.13189263289555975
300 1546.3307588100433 0.13132434456928838
300 1548.3340420722961 0.14022540438871473
300 1550.3375701904297 0.13575645664379288
300 1552.3409764766693 0.1312391
300 1554.3453142642975 0.13822890693316678
300 1556.3493287563324 0.14324027482823237
300 1558.353272676468 0.15907628140703517
