0 1.0174667835235596 26.07201210756723 0.3
1 3.0224597454071045 0.16654650843222985 0.3
2 5.026395320892334 27.595642199999997 0.3
3 7.030385732650757 26.594915511221945 0.3
4 9.0343177318573 27.19906966292135 0.3
6 11.038047313690186 26.754879999999996 0.3
7 13.041762590408325 29.359884887780545 0.3
8 15.045483112335205 30.61020523481528 0.3
9 17.04893207550049 30.248926537257358 0.3
10 19.052842140197754 30.162703356037152 0.3
11 21.056771993637085 30.050277915632755 0.3
12 23.060965061187744 29.085164685573368 0.3
13 25.064950942993164 29.16253566502463 0.3
14 27.068161725997925 29.251232946979037 0.3
15 29.07224416732788 29.44590649414664 0.3
16 31.075965642929077 29.342144615384612 0.3
18 33.080023527145386 28.571105088038856 0.3
19 35.08331894874573 16.741046791510612 0.4
19 37.08786201477051 14.983945368289639 0.4
20 39.09165167808533 29.476676708229427 0.4
21 41.095407009124756 28.25416443613707 0.4
22 43.099096059799194 28.389838904109588 0.4
24 45.10385608673096 26.57668312267658 0.4
25 47.10637903213501 23.208911930906847 0.4
26 49.110018730163574 22.06614741517582 0.4
27 51.113582611083984 23.58342382078407 0.4
29 53.11748003959656 23.542288850432634 0.4
30 55.12314772605896 16.710400589680592 0.4
32 57.124849796295166 16.743882410824106 0.4
33 59.12860321998596 16.061352447204968 0.4
35 61.13212585449219 15.856247946374163 0.4
36 63.13650989532471 13.021922199999999 0.4
38 65.14064526557922 11.88880554112554 0.4
39 67.14546370506287 12.816338378378378 0.4
41 69.14982867240906 12.123218263027296 0.4
43 71.15693712234497 10.923822255266419 0.4
45 73.15754818916321 10.946315136476427 0.4
46 75.16158676147461 9.795033077873919 0.4
48 77.16449737548828 9.973179938080495 0.4
50 79.16791248321533 9.121849097651422 0.4
51 81.17203783988953 9.911341305158484 0.4
53 83.1763744354248 9.885803065603923 0.4
55 85.18064379692078 10.882339378881987 0.4
57 87.1830244064331 10.83810117501546 0.4
58 89.1871747970581 10.8384073755378 0.4
60 91.19142651557922 11.742494978514426 0.4
61 93.19478344917297 12.989717733990148 0.4
63 95.19809079170227 13.595052768569674 0.4
65 97.2028648853302 12.980669288806432 0.4
66 99.2061173915863 17.684314007490638 0.4
67 101.210294008255 17.473171335830212 0.4
69 103.21416902542114 17.536726462116466 0.4
70 105.2175362110138 18.59248538317757 0.4
72 107.22148394584656 18.611281345794392 0.4
73 109.22583174705505 20.529450280723644 0.4
74 111.22905421257019 21.998300062460963 0.4
75 113.23262596130371 20.234576249221185 0.4
77 115.23581385612488 21.79522240199129 0.4
78 117.239413022995 20.339555466998753 0.4
79 119.24285531044006 21.559934422956957 0.4
80 121.24620151519775 22.678130268582137 0.4
82 123.25054335594177 20.946702322097376 0.4
83 125.25427293777466 22.189268414481898 0.4
84 127.25684070587158 22.5254213 0.4
85 129.26075387001038 22.53219620947631 0.4
87 131.26510071754456 21.45857327510917 0.4
88 133.26760172843933 21.26672279650437 0.4
89 135.2708387374878 22.018293699313787 0.4
90 137.27718019485474 20.910065635910225 0.4
91 139.27930235862732 21.40142884184309 0.4
93 141.2827537059784 21.848939412866958 0.4
94 143.28616523742676 20.802259287945034 0.4
95 145.28997015953064 20.6562199 0.4
96 147.29330015182495 20.49465138576779 0.4
98 149.29710745811462 20.750453666458462 0.4
99 151.30083894729614 20.57383656074766 0.4
100 153.30299639701843 19.663709589041094 0.4
101 155.30728554725647 19.96631985046729 0.4
103 157.31072902679443 19.679874067692307 0.4
104 159.31468629837036 20.044628407245472 0.4
105 161.31802821159363 20.365994706616732 0.4
106 163.32223963737488 20.74984005003127 0.4
108 165.32596898078918 20.35616822055138 0.4
109 167.32972311973572 22.516478098811756 0.4
110 169.33319878578186 21.630634953154278 0.4
111 171.33699679374695 21.08945498127341 0.4
112 173.34200382232666 21.728301358255454 0.4
113 175.34403562545776 20.89732554307116 0.4
115 177.34802556037903 20.933412517176762 0.4
116 179.3531482219696 19.839883399999998 0.4
117 181.35422205924988 20.655640749063668 0.4
118 183.35846185684204 21.179750467872736 0.4
119 185.36171412467957 20.954437858032378 0.4
121 187.364431142807 17.41864328767123 0.4
122 189.36889553070068 18.074922620087335 0.4
123 191.37131881713867 18.488867604231487 0.4
124 193.37500667572021 18.14665087038197 0.4
125 195.38379049301147 17.062664369538076 0.4
127 197.38334441184998 19.254169712140175 0.4
128 199.38721323013306 17.20952790988736 0.4
129 201.3903214931488 16.134653217391303 0.4
131 203.39616560935974 17.88754964441672 0.4
132 205.39812922477722 14.527364568590936 0.4
133 207.40141582489014 13.225836246191347 0.4
135 209.40626215934753 13.628674371108342 0.4
136 211.4107358455658 13.646264378109452 0.4
138 213.4130449295044 13.475302159161012 0.4
139 215.42020201683044 10.179067726708075 0.4
141 217.4202380180359 10.520951426791278 0.4
142 219.42300963401794 10.478104492843809 0.4
144 221.4278507232666 9.026476764705881 0.4
145 223.4358868598938 7.546377766749379 0.4
147 225.4348042011261 7.353955478690549 0.4
149 227.44039249420166 7.094017326732674 0.4
151 229.44204807281494 5.173586534653466 0.4
152 231.44946432113647 5.407813615432483 0.4
154 233.45035362243652 5.4036521522145975 0.4
156 235.45370411872864 4.321084987531172 0.4
158 237.45891857147217 2.2692893116395494 0.4
160 239.4625642299652 3.5711298000000005 0.4
162 241.4670021533966 3.300534364089776 0.4
163 243.4694640636444 5.587332104607721 0.4
165 245.47379875183105 5.413032168525403 0.4
167 247.47777318954468 6.325688800988876 0.4
168 249.48154425621033 12.388755073891627 0.4
170 251.48598384857178 11.253611358024692 0.4
171 253.5251214504242 11.600468319018404 0.4
173 255.4941782951355 11.901972097683156 0.4
174 257.49658727645874 16.96912470588235 0.4
175 259.49955320358276 16.557593692115145 0.4
176 261.50443840026855 17.24902054862843 0.4
178 263.50924277305603 17.232644267990075 0.4
179 265.51022481918335 17.161595417185556 0.4
180 267.51392245292664 19.59159959849435 0.4
181 269.5184187889099 20.628186482758622 0.4
182 271.522748708725 21.73949386733417 0.4
183 273.5270254611969 19.99305852315394 0.4
184 275.532244682312 20.22259454884879 0.4
185 277.53391790390015 21.27974188396756 0.4
186 279.53859996795654 21.433004488778053 0.4
187 281.5412383079529 21.550202305764408 0.4
188 283.54575061798096 23.71920419213974 0.4
189 285.54811811447144 20.50157368355222 0.4
190 287.55367970466614 21.169435279347145 0.4
192 289.55837774276733 24.781814831460675 0.4
193 291.56010723114014 22.416495068153655 0.4
194 293.56297492980957 22.89622869833436 0.4
196 295.5686731338501 22.537972026944274 0.4
197 297.57212686538696 22.640272716125075 0.4
198 299.57467579841614 23.908905423312884 0.4
200 301.5802917480469 22.678793505535054 0.4
201 303.58470916748047 22.608911854103344 0.4
202 305.58716011047363 22.468913586291308 0.4
204 307.591246843338 22.958500933660932 0.4
205 309.606840133667 23.880899286592864 0.4
206 311.5976519584656 24.194600099255585 0.4
207 313.6010661125183 24.097549280397025 0.4
209 315.6046693325043 23.186660195121952 0.4
210 317.60856676101685 24.070156031843233 0.4
211 319.61469769477844 23.13635858017136 0.4
212 321.6160457134247 24.666796803933618 0.4
214 323.61872482299805 24.804215660725262 0.4
215 325.62429571151733 25.63721428571429 0.4
216 327.626583814621 22.10651549019608 0.4
218 329.63013529777527 22.401697212713938 0.4
219 331.63636207580566 24.8333622181146 0.4
220 333.6405920982361 22.15732 0.4
222 335.6422836780548 24.025511439114393 0.4
223 337.6453335285187 24.185529020332716 0.4
224 339.65117597579956 23.66883418047882 0.4
226 341.65719532966614 24.900101871921184 0.4
227 343.65953946113586 23.777640344403444 0.4
228 345.6604034900665 27.537635302843018 0.4
229 347.66476798057556 27.375784165651645 0.4
230 349.6666543483734 27.488969255384614 0.4
231 351.67036509513855 27.56711305623472 0.4
233 353.6768000125885 28.239580825631545 0.4
234 355.6769804954529 29.0802213712168 0.4
235 357.6844992637634 31.808618177309363 0.4
236 359.6873052120209 27.632247741935483 0.4
237 361.6913414001465 29.772985497220507 0.4
239 363.6927487850189 27.86369343137255 0.4
240 365.6972644329071 27.428283649724435 0.4
241 367.7004671096802 24.703782454434993 0.4
242 369.704824924469 24.759945356265355 0.4
243 371.7093939781189 22.08548997555012 0.4
245 373.711793422699 23.18435519607843 0.4
246 375.7156858444214 23.663582934648584 0.4
247 377.72110986709595 22.56368706315144 0.4
248 379.7278537750244 22.801021606922127 0.4
250 381.7272889614105 24.009007753846152 0.4
251 383.73022294044495 24.22518930375847 0.4
252 385.73343443870544 22.203672460220318 0.4
254 387.7372782230377 22.524324639111658 0.4
255 389.7406277656555 16.39858161369193 0.4
256 391.7436058521271 21.72112571780653 0.4
257 393.74814534187317 22.77929986444855 0.4
259 395.75047278404236 19.527163738546122 0.4
260 397.7566728591919 18.078144257425745 0.4
262 399.76433992385864 19.41480650246305 0.4
263 401.76531982421875 18.726361988950277 0.4
265 403.7745623588562 10.994967398273737 0.4
266 405.769690990448 11.295710419753087 0.4
267 407.77435302734375 13.409970738916254 0.4
268 409.7796199321747 11.556383742255266 0.4
270 411.78189849853516 10.417861270820481 0.4
271 413.7849953174591 9.635724444444445 0.4
273 415.78939390182495 8.851022288557214 0.4
274 417.79340648651123 9.12554483447845 0.4
276 419.79665875434875 7.221928794503435 0.4
278 421.8002667427063 6.800906267166043 0.4
279 423.80525612831116 5.764679800995025 0.4
281 425.80813431739807 6.170803347907558 0.4
283 427.8110520839691 4.191614640849469 0.4
284 429.81621074676514 4.1644103564727954 0.4
286 431.8213303089142 3.2190103370786516 0.4
288 433.82271456718445 4.2901224000000004 0.4
290 435.8265209197998 4.260513520950594 0.4
291 437.82955145835876 4.3658340388227925 0.4
293 439.8341369628906 4.873228132417239 0.4
295 441.83819341659546 12.507249461827282 0.4
296 443.8425705432892 11.197936710444027 0.4
297 445.84743571281433 10.982417777777778 0.4
299 447.8499686717987 11.853259887990044 0.4
300 449.85274267196655 2.4084924843945066 0.4
300 451.8562524318695 0.1687945 0.4
300 453.86015486717224 0.1672298186366479 0.4
300 455.86401414871216 0.1640276 0.4
300 457.86735129356384 0.1625058 0.4
300 459.87103247642517 0.16440451127819547 0.4
300 461.8746385574341 0.17020683782091423 0.4
300 463.8783473968506 0.1703511305434104 0.4
300 465.88198018074036 0.1694107 0.4
300 467.88577127456665 0.2305951439299124 0.4
300 469.8892695903778 0.1687562273579013 0.4
300 471.8932764530182 0.17504060075093866 0.4
300 473.896950006485 0.14623390761548063 0.4
300 475.90133714675903 0.14679111111111112 0.4
300 477.9049289226532 0.1446953 0.4
300 479.90847635269165 0.1156437 0.4
300 481.91215348243713 0.16878730793254215 0.4
300 483.91574263572693 0.17005674360573922 0.4
300 485.91941833496094 0.17604154806491887 0.4
300 487.92343616485596 0.17079975046787274 0.4
300 489.92710876464844 0.168886545908807 0.4
300 491.93100905418396 0.1728149625935162 0.4
300 493.9352915287018 0.1701603502188868 0.4
