0 1.0177252292633057 23.618837053682896 0.3
1 3.0218052864074707 0.16880049782202863 0.3
1 5.025484085083008 25.925057993769467 0.3
3 7.029470920562744 26.889157225291587 0.3
4 9.032919883728027 25.837890086956524 0.3
6 11.03652572631836 26.065320424204618 0.3
7 13.040217638015747 30.073529467752035 0.3
8 15.043711185455322 29.968105667915108 0.3
9 17.047287702560425 30.12522337694704 0.3
10 19.050578117370605 30.213185413814564 0.3
11 21.05486559867859 29.837253516552153 0.3
12 23.058127403259277 29.8337373988799 0.3
13 25.06218433380127 29.17586078700812 0.3
14 27.065462112426758 29.71723612742036 0.3
15 29.069401264190674 29.268152409488142 0.3
16 31.072765827178955 29.51441262366938 0.3
17 33.0766544342041 29.29059407870081 0.3
19 35.08116626739502 27.197031122194517 0.3
20 37.08469486236572 27.181278600874453 0.3
21 39.08908176422119 27.694022686567166 0.3
22 41.09316563606262 26.7703472 0.3
23 43.09659218788147 27.410482297128592 0.3
25 45.10025978088379 23.18266586915888 0.3
26 47.10402512550354 24.06723485642946 0.3
27 49.10755252838135 23.53297336658354 0.3
28 51.11093878746033 0.16764565707133916 0.4
29 53.11478352546692 25.98550501872659 0.4
30 55.11872863769531 19.018470403977624 0.4
32 57.122556924819946 15.119630178461538 0.4
33 59.126474142074585 14.908315786895285 0.4
35 61.129788398742676 15.450260099009903 0.4
36 63.13396859169006 12.405850404907975 0.4
38 65.1372938156128 12.58072349563046 0.4
39 67.14095878601074 11.680337833125778 0.4
41 69.14431643486023 12.27648029906542 0.4
43 71.14880275726318 10.541197551530294 0.4
44 73.15232539176941 9.010324494382022 0.4
46 75.15638947486877 10.510058 0.4
48 77.15962409973145 9.551925174129353 0.4
49 79.16396975517273 10.112638 0.4
51 81.16660761833191 9.704195289719626 0.4
53 83.17110061645508 9.249354673304294 0.4
54 85.17379641532898 10.0637431 0.4
56 87.17910242080688 10.833579425717852 0.4
58 89.18085789680481 10.75145863835103 0.4
59 91.1841471195221 10.551626766169155 0.4
61 93.18758177757263 13.551933174702569 0.4
62 95.19235825538635 13.955191022443891 0.4
64 97.19503736495972 13.309244975124379 0.4
66 99.19916152954102 12.794566691635456 0.4
67 101.20164132118225 18.038036427232978 0.4
68 103.20606803894043 16.754486845721424 0.4
70 105.2090904712677 17.533005471580264 0.4
71 107.212730884552 17.5454192 0.4
72 109.21585130691528 21.52934581772784 0.4
74 111.21959567070007 21.082401904761905 0.4
75 113.22682428359985 19.56275437851343 0.4
76 115.2284483909607 19.40141213483146 0.4
78 117.2306182384491 19.997990212234708 0.4
79 119.23768591880798 21.36169175449473 0.4
80 121.23789930343628 20.38494161828289 0.4
81 123.24420428276062 20.97043398403929 0.4
83 125.24584031105042 20.61628607563546 0.4
84 127.25179100036621 23.544134819350887 0.4
85 129.25287199020386 23.866847999999997 0.4
87 131.25749325752258 23.32305660933661 0.4
88 133.26057624816895 23.59572022181146 0.4
89 135.26461172103882 23.505371738594327 0.4
91 137.27038025856018 22.281951002444988 0.4
92 139.27123951911926 22.653716408668732 0.4
93 141.27632856369019 21.97623485609308 0.4
95 143.2790403366089 22.423505499383477 0.4
96 145.2844433784485 22.664754861708666 0.4
97 147.29110312461853 22.070654862047824 0.4
99 149.29158782958984 22.03788373854612 0.4
100 151.29477500915527 21.406284870848708 0.4
102 153.29754877090454 21.643473370301912 0.4
103 155.30180025100708 22.403001321909425 0.4
104 157.30542469024658 23.03021756639901 0.4
106 159.30956053733826 22.49000185140073 0.4
107 161.31221389770508 22.206084153275647 0.4
108 163.31644415855408 24.3650289366933 0.4
110 165.31962084770203 24.228000690080098 0.4
111 167.32605290412903 24.73908174340086 0.4
112 169.32627511024475 21.5531178404908 0.4
113 171.33048558235168 21.28588622222222 0.4
114 173.33473944664001 20.044516531503433 0.4
116 175.33982920646667 19.79338818858561 0.4
117 177.342059135437 20.88138247975078 0.4
118 179.34642720222473 20.181830131496557 0.4
119 181.34899353981018 19.681313017456358 0.4
120 183.35236167907715 18.21476784119107 0.4
122 185.35618448257446 18.388803395755307 0.4
123 187.3601016998291 18.337588749222153 0.4
124 189.36466217041016 18.11091952470294 0.4
125 191.36636304855347 17.80076201869159 0.4
127 193.37057614326477 17.490625454545455 0.4
128 195.3748073577881 16.75031560549313 0.4
129 197.37762475013733 16.8467622 0.4
130 199.38091111183167 18.027390576441103 0.4
132 201.38477182388306 15.977231191515909 0.4
133 203.38888216018677 13.9841076635514 0.4
134 205.39227604866028 13.608976020025032 0.4
136 207.39511275291443 13.253471162507607 0.4
137 209.39896941184998 14.25631182554517 0.4
139 211.40427613258362 10.9023758 0.4
140 213.4079873561859 10.787931442848219 0.4
142 215.41534161567688 10.72395515605493 0.4
144 217.41420364379883 10.511719301745636 0.4
145 219.41804099082947 7.604429452736318 0.4
147 221.4213056564331 6.8556511 0.4
149 223.4255678653717 7.340602976860537 0.4
150 225.4303207397461 4.452236851967521 0.4
152 227.43332409858704 4.7655526184538655 0.4
154 229.43593502044678 4.619449831565814 0.4
156 231.44129085540771 4.951803654320988 0.4
158 233.4443004131317 3.365865327617881 0.4
159 235.44857025146484 3.243707257072571 0.4
161 237.4525330066681 3.3228326580724374 0.4
163 239.45698285102844 6.860687214723926 0.4
165 241.46063351631165 6.7110320199501245 0.4
167 243.4622766971588 6.63707376009944 0.4
169 245.46909475326538 12.282139259259258 0.4
170 247.47271704673767 12.060769888198758 0.4
171 249.4759042263031 12.552865291925466 0.4
173 251.48095059394836 11.507818328248932 0.4
174 253.48463535308838 17.657177580246913 0.4
176 255.5043706893921 17.30421167277167 0.4
177 257.4949834346771 17.589463095823096 0.4
178 259.49776911735535 16.503671678018573 0.4
179 261.5002202987671 17.54802792870313 0.4
180 263.5036675930023 20.237028894348892 0.4
181 265.5075595378876 20.34809760197775 0.4
182 267.5117189884186 20.947657859778598 0.4
184 269.51637530326843 22.023979987616098 0.4
185 271.5193700790405 25.500880445269015 0.4
186 273.52551651000977 25.553613465346537 0.4
187 275.5300621986389 25.37930084367246 0.4
188 277.53476452827454 26.24335266418835 0.4
190 279.5350193977356 26.258817788819876 0.4
191 281.53739953041077 27.009205386533665 0.4
192 283.54161262512207 23.799135186104216 0.4
194 285.5456192493439 22.81116855206408 0.4
195 287.55109572410583 23.7105098096992 0.4
196 289.5536861419678 23.30430165048544 0.4
197 291.5569152832031 24.016237923362173 0.4
199 293.56096506118774 23.02581603458925 0.4
200 295.56303095817566 23.27176858369099 0.4
201 297.5686321258545 22.936152049079755 0.4
203 299.5703065395355 23.43665724137931 0.4
204 301.5785982608795 23.080013430656933 0.4
205 303.5818073749542 23.306998171846434 0.4
207 305.5826041698456 24.682189014259144 0.4
208 307.58775424957275 23.638930037082815 0.4
209 309.5926322937012 23.949947783251233 0.4
211 311.6029095649719 23.138018469075323 0.4
212 313.59920167922974 24.159638456827924 0.4
213 315.60333800315857 23.696308703590994 0.4
214 317.60830640792847 23.804562762022194 0.4
216 319.6150290966034 23.712471236923076 0.4
217 321.6137185096741 22.907661652281135 0.4
218 323.6203076839447 22.76838674060382 0.4
220 325.62063431739807 22.769779160493826 0.4
221 327.6245667934418 23.618844553846156 0.4
222 329.62840008735657 24.605788044280445 0.4
224 331.63393568992615 23.125377135862912 0.4
225 333.64179825782776 19.159744177997528 0.4
226 335.6397306919098 18.92769108522379 0.4
227 337.64808797836304 17.965520833844266 0.4
228 339.64945363998413 21.603464039408866 0.4
229 341.65118503570557 21.890766637663145 0.4
230 343.6561322212219 21.44844309981401 0.4
231 345.65920209884644 21.255653284041898 0.4
232 347.6641745567322 21.659690275229355 0.4
233 349.67127323150635 20.817141080752886 0.4
234 351.6728048324585 19.861549950738915 0.4
234 353.6797716617584 22.073466634382566 0.4
235 355.68827056884766 20.630258359037633 0.4
236 357.689581155777 21.51094205285802 0.4
237 359.6849458217621 27.36437015216068 0.4
239 361.6881251335144 29.834150450669917 0.4
240 363.69243454933167 26.47987427875837 0.4
241 365.69667768478394 24.608028553846154 0.4
242 367.7030222415924 24.186915555555554 0.4
244 369.70454597473145 22.65104167590881 0.4
245 371.7086818218231 17.760669858809088 0.4
246 373.7166018486023 18.746486153846153 0.4
247 375.7143485546112 17.392491289537713 0.4
248 377.7186186313629 18.042986017052375 0.4
249 379.72786688804626 17.702844245810056 0.4
250 381.72624707221985 16.690088421052632 0.4
251 383.73218297958374 16.52551432129514 0.4
252 385.7343566417694 16.74558920123839 0.4
253 387.7365584373474 16.43515091474798 0.4
254 389.74021220207214 16.50002947368421 0.4
255 391.74422335624695 17.59233721075672 0.4
256 393.75115275382996 15.553279999999999 0.4
257 395.7521688938141 16.560684472204873 0.4
258 397.7576861381531 14.384722848219864 0.4
260 399.760862827301 14.5174399003736 0.4
261 401.76325511932373 14.42258709838107 0.4
262 403.7690019607544 14.837221236727046 0.4
263 405.77009630203247 14.433264229569556 0.4
264 407.7778172492981 12.007979325842696 0.4
266 409.7775545120239 11.614446541822723 0.4
267 411.7807602882385 12.974104315197 0.4
268 413.7885642051697 11.504227588785048 0.4
270 415.79334115982056 11.486035855181024 0.4
271 417.7930157184601 9.378145255292653 0.4
273 419.796897649765 8.123784004990643 0.4
274 421.804119348526 8.300651607254535 0.4
276 423.8035843372345 8.544164499999999 0.4
277 425.80871772766113 6.214814481897628 0.4
279 427.81539368629456 5.242512647975078 0.4
281 429.81510829925537 6.065188927680798 0.4
282 431.818528175354 4.206392731798382 0.4
284 433.8229570388794 4.436013466334165 0.4
286 435.82695055007935 3.85610846105919 0.4
288 437.8312318325043 4.330851407222914 0.4
289 439.8344233036041 5.206379338739862 0.4
291 441.8386981487274 4.186597652933833 0.4
293 443.8424861431122 4.389178027465668 0.4
294 445.846009016037 10.811640771624145 0.4
296 447.85234355926514 11.519288313627877 0.4
297 449.8527989387512 10.217601293532338 0.4
298 451.8566048145294 12.902303719474014 0.4
300 453.8598401546478 5.584052204234122 0.4
300 455.86336874961853 0.19085992509363298 0.4
300 457.8672113418579 0.18786542056074765 0.4
300 459.87047505378723 0.16661652933832707 0.4
300 461.87457156181335 0.3125233644859813 0.4
300 463.87825870513916 0.14511251403618214 0.4
300 465.8822088241577 0.14135334584115072 0.4
300 467.8858609199524 0.14177239225484073 0.4
300 469.89000511169434 0.14150437928883344 0.4
300 471.89355063438416 0.14562846441947566 0.4
300 473.89770674705505 0.15538871028037382 0.4
300 475.90147399902344 0.1550835184029944 0.4
300 477.90503883361816 0.14137294191130545 0.4
300 479.9085912704468 0.14087335415365396 0.4
300 481.912305355072 0.1526898377028714 0.4
300 483.9167196750641 0.14721529044347284 0.4
300 485.9203939437866 0.14191679799874923 0.4
300 487.9241759777069 0.14111760149906308 0.4
300 489.92775559425354 0.14290188632104936 0.4
300 491.9317934513092 0.16992868371802872 0.4
300 493.93542647361755 0.19398181590482155 0.4
300 495.93939685821533 0.1707929367564183 0.4
300 497.9428622722626 0.16920740926157696 0.4
300 499.9465928077698 0.16783410368519674 0.4
300 501.950021982193 0.17323514392991238 0.4
300 503.9537808895111 0.16591169480925577 0.4
300 505.9584741592407 0.1898771 0.4
300 507.96222472190857 0.17041987515605495 0.4
300 509.9663691520691 0.1685912 0.4
300 511.97005677223206 0.1692735 0.4
300 513.9739770889282 0.17170751401869158 0.4
300 515.9791254997253 0.16833164903546982 0.4
300 517.9828124046326 0.16786508432229857 0.4
300 519.9864339828491 0.11419457160725453 0.4
300 521.9902284145355 0.1667918550905684 0.4
300 523.9944097995758 0.16682766541822722 0.4
300 525.9978556632996 0.16489957763975155 0.4
300 528.0014548301697 0.16669662921348316 0.4
300 530.0056655406952 0.168176486654252 0.4
300 532.0090124607086 0.19040858926342072 0.4
300 534.0130071640015 0.1691141 0.4
300 536.016676902771 0.18956705882352942 0.4
300 538.0204031467438 0.16990862842892768 0.4
300 540.0243816375732 0.16539368683718028 0.4
300 542.0278239250183 0.1883492 0.4
300 544.0317475795746 0.17079684803001877 0.4
300 546.0352182388306 0.1657694940662086 0.4
300 548.0396089553833 0.17047970112079702 0.4
300 550.0443205833435 0.16919720349563047 0.4
300 552.0484821796417 0.16878192259675406 0.4
300 554.051842212677 0.16703900124843946 0.4
300 556.0557551383972 0.1709616 0.4
300 558.0593798160553 0.1120525015595758 0.4
300 560.0627377033234 0.16811432854465957 0.4
300 562.0660645961761 0.16717293383270912 0.4
300 564.0701858997345 0.17221904169259492 0.4
300 566.0733613967896 0.19037121798875703 0.4
300 568.0772693157196 0.19006083593262632 0.4
300 570.0807943344116 0.1696482 0.4
300 572.0851097106934 0.16846999999999998 0.4
300 574.0884907245636 0.16717621486570894 0.4
300 576.0924723148346 0.16697120000000001 0.4
300 578.0962121486664 0.16535485321673954 0.4
300 580.099967956543 0.17437767209011265 0.4
300 582.1036465167999 0.17185830000000002 0.4
300 584.1076228618622 0.19716281971303806 0.4
300 586.1121768951416 0.5804418523153942 0.4
300 588.116247177124 0.17002102628285357 0.4
300 590.1201279163361 0.1698246 0.4
300 592.1239018440247 0.16161640251572326 0.4
300 594.1279852390289 0.1969611013767209 0.4
300 596.1315445899963 0.1658687601246106 0.4
300 598.1354944705963 0.15371130000000002 0.4
300 600.1394455432892 0.16204572142410995 0.4
300 602.1431849002838 0.15713280800500315 0.4
