0 1.019705057144165 25.456691908017405 0.3
1 3.0237348079681396 0.1675667292057536 0.3
2 5.02751088142395 27.248236252342284 0.3
3 7.031235933303833 27.4234176 0.3
4 9.034859895706177 27.533793420888053 0.3
6 11.038348913192749 26.6857663840399 0.3
7 13.042540550231934 21.02046133499688 0.4
7 15.046177387237549 12.954010161892901 0.4
8 17.050363063812256 33.430759286153844 0.4
9 19.05420184135437 33.392902976117576 0.4
10 21.058144330978394 33.793072673267325 0.4
11 23.061594247817993 33.30340978434997 0.4
13 25.06537914276123 32.00953609726444 0.4
14 27.068877696990967 31.510617114673245 0.4
15 29.072852849960327 32.47920009821977 0.4
16 31.078452110290527 31.383938704503393 0.4
17 33.08078980445862 31.388719265156155 0.4
19 35.08555841445923 29.293362466091246 0.4
20 37.08874797821045 29.200081322718923 0.4
21 39.092214822769165 30.152732922318126 0.4
22 41.09730529785156 29.062019603960398 0.4
24 43.100212812423706 28.023009317762753 0.4
25 45.10458707809448 24.932983700061463 0.4
26 47.10766863822937 23.58715477832512 0.4
28 49.111382484436035 24.70466295609153 0.4
29 51.11516284942627 24.106236543209878 0.4
31 53.11914801597595 16.572117339901478 0.4
32 55.12330412864685 16.497337733990147 0.4
34 57.12712740898132 16.468180920810312 0.4
35 59.13114142417908 16.425009177489176 0.4
37 61.13452458381653 12.077899233621755 0.4
38 63.13937163352966 11.8872655 0.4
40 65.14245128631592 12.204949987484355 0.4
42 67.14628481864929 12.62987464019851 0.4
43 69.1512758731842 10.088855540457073 0.4
45 71.1557309627533 9.923242992518704 0.4
47 73.1590964794159 10.798655583126552 0.4
48 75.16368103027344 9.2957469216533 0.4
50 77.16663670539856 9.551410831769855 0.4
52 79.16942954063416 9.140378 0.4
53 81.17269706726074 9.231992495309568 0.4
55 83.17653274536133 10.4599181 0.4
57 85.18027138710022 10.868293149655605 0.4
58 87.18447208404541 11.178812172824044 0.4
60 89.18784689903259 11.973524042420463 0.4
61 91.19486665725708 13.55774372379778 0.4
63 93.19485783576965 13.727668818800248 0.4
65 95.19933605194092 13.6613838077634 0.4
66 97.20258378982544 16.014259231722427 0.4
68 99.2080557346344 16.94396073619632 0.4
69 101.21374297142029 16.91212788104089 0.4
70 103.21487188339233 16.337614346201743 0.4
72 105.2180688381195 19.63172195244055 0.4
73 107.22247862815857 20.53131116104869 0.4
74 109.22693347930908 20.62521326683292 0.4
75 111.22895455360413 20.8352775576324 0.4
77 113.23336005210876 21.3486955 0.4
78 115.23712229728699 21.295122199999998 0.4
79 117.24109554290771 20.549747984981227 0.4
80 119.24447226524353 20.487377267623206 0.4
82 121.24960684776306 20.9268787 0.4
83 123.25168418884277 21.569739874843556 0.4
84 125.25424385070801 21.293496770963706 0.4
85 127.25708746910095 21.2309902244389 0.4
86 129.26119589805603 21.51568578914535 0.4
88 131.26402163505554 20.844652776044917 0.4
89 133.26791858673096 20.419626766541825 0.4
90 135.2705090045929 20.02862872817955 0.4
91 137.27358770370483 20.194092816020024 0.4
92 139.2775845527649 19.446739363693073 0.4
94 141.28138637542725 21.662983775700933 0.4
95 143.28416299819946 20.557205525824518 0.4
96 145.28912663459778 20.415502842892767 0.4
97 147.2912290096283 19.66301063670412 0.4
98 149.29629063606262 20.2485121 0.4
100 151.29859399795532 19.5439150877193 0.4
101 153.30150079727173 19.446944757160647 0.4
102 155.30488443374634 20.13316482801751 0.4
103 157.30808305740356 21.3520104542626 0.4
105 159.31099820137024 20.08578923555003 0.4
106 161.3148112297058 20.410862587064678 0.4
107 163.31878685951233 20.38881587104774 0.4
108 165.32132053375244 21.23273095684803 0.4
109 167.32530212402344 21.326141738586614 0.4
110 169.32874202728271 21.433255684803 0.4
112 171.33324074745178 21.245175739348372 0.4
113 173.33653831481934 21.01076801992528 0.4
114 175.34192490577698 20.23544516770186 0.4
115 177.34409999847412 21.011036734693878 0.4
116 179.34782361984253 20.26933180857676 0.4
117 181.35272192955017 21.18705203231821 0.4
119 183.3549816608429 21.11394352647975 0.4
120 185.35927414894104 18.623511205496566 0.4
121 187.36269187927246 18.1464672 0.4
122 189.36586570739746 16.841732614420064 0.4
124 191.3687605857849 17.67060411027569 0.4
125 193.37334728240967 17.933341831869512 0.4
126 195.37625122070312 16.373394856429464 0.4
127 197.38000798225403 16.994811870324188 0.4
128 199.38329219818115 16.96324786069652 0.4
130 201.39400029182434 16.70672665425202 0.4
131 203.39526104927063 17.511873066008636 0.4
132 205.39652514457703 13.361741815935762 0.4
134 207.39941310882568 14.058246679127725 0.4
135 209.40362763404846 13.752710855715177 0.4
136 211.4084918498993 14.140415421085464 0.4
138 213.4121606349945 11.633250909090908 0.4
139 215.41514945030212 10.793037759800871 0.4
141 217.41875958442688 11.094145540963101 0.4
143 219.42443537712097 10.9221278 0.4
144 221.4261839389801 8.91117391630231 0.4
146 223.42890071868896 6.879869027431422 0.4
147 225.43246984481812 6.353362403433477 0.4
149 227.43654251098633 7.390633715710723 0.4
151 229.44020557403564 5.298921448189763 0.4
153 231.44329643249512 5.5706212 0.4
155 233.4469428062439 5.8336591780821925 0.4
156 235.4521689414978 3.468911360799001 0.4
158 237.45669746398926 3.33856709113608 0.4
160 239.4597282409668 3.033529943785134 0.4
162 241.46244740486145 4.380764311526479 0.4
164 243.46680784225464 6.45953029356652 0.4
165 245.4718701839447 5.227264279475983 0.4
167 247.47491836547852 6.863574697442296 0.4
169 249.47815871238708 11.588580688791485 0.4
170 251.48134422302246 11.930281083743841 0.4
172 253.48662519454956 14.011241679012345 0.4
173 255.4912884235382 12.773496049689442 0.4
175 257.4962921142578 20.60960354898336 0.4
176 259.49938774108887 19.952274844227244 0.4
178 261.50219202041626 20.406816118299446 0.4
179 263.50748896598816 20.537339679408138 0.4
180 265.5108242034912 24.35361126213592 0.4
182 267.5157718658447 24.768545824647457 0.4
183 269.5188522338867 24.148682457002458 0.4
184 271.5237076282501 24.747327803076924 0.4
185 273.52387833595276 24.906528548683404 0.4
187 275.527170419693 26.218046933991364 0.4
188 277.5325405597687 26.018786724244293 0.4
189 279.53787446022034 26.77519102342787 0.4
190 281.54006266593933 26.09523840392879 0.4
192 283.54526472091675 25.51724494769231 0.4
193 285.5468258857727 22.86038942839582 0.4
194 287.5515217781067 23.249513755377997 0.4
196 289.5536673069 23.889719926515614 0.4
197 291.557874917984 23.914798575813382 0.4
198 293.5611615180969 21.789916772616134 0.4
200 295.5652976036072 20.018492954264524 0.4
201 297.56897735595703 22.86378032059186 0.4
202 299.57159543037415 23.378164895960833 0.4
204 301.57668018341064 22.162019659367395 0.4
205 303.58132553100586 23.901431290519877 0.4
206 305.5863630771637 24.23591905765654 0.4
207 307.58816027641296 23.489238514851486 0.4
209 309.59171962738037 23.920787965474723 0.4
210 311.59582901000977 23.483551492992078 0.4
211 313.6021764278412 23.975465187923596 0.4
213 315.6034812927246 24.757404204056545 0.4
214 317.6070899963379 23.87092753551575 0.4
215 319.6114456653595 23.320328296296296 0.4
216 321.6160535812378 23.013172840418978 0.4
218 323.6213903427124 23.086565294117648 0.4
219 325.6216022968292 22.95357201970443 0.4
220 327.6250731945038 22.745168 0.4
222 329.63613843917847 22.680113456334563 0.4
223 331.63277554512024 23.769848133086878 0.4
224 333.6372935771942 24.300096334563346 0.4
226 335.6406948566437 24.96611213801602 0.4
227 337.6451418399811 24.41439608801956 0.4
228 339.6491377353668 28.71291960591133 0.4
229 341.65283966064453 27.542643503649632 0.4
230 343.656352519989 27.6331897810219 0.4
232 345.66131067276 29.145965883076926 0.4
233 347.6652834415436 28.91880287128713 0.4
234 349.6684558391571 28.135178606965173 0.4
235 351.6732795238495 28.355143108935128 0.4
236 353.67487502098083 27.76969991479002 0.4
238 355.6784420013428 29.879721930360414 0.4
239 357.6822850704193 28.98925509803922 0.4
240 359.6867105960846 26.526036310323764 0.4
241 361.6903202533722 26.152010673194614 0.4
242 363.69323801994324 24.939095399753995 0.4
244 365.6969494819641 24.16467850946854 0.4
245 367.70083713531494 26.164292464658885 0.4
246 369.7074046134949 23.260455377069285 0.4
247 371.7129702568054 23.56538496627836 0.4
249 373.71350169181824 23.822634432234434 0.4
250 375.7178032398224 23.69250306569343 0.4
251 377.7212016582489 24.009598140672782 0.4
253 379.7290596961975 23.569592483221477 0.4
254 381.72904229164124 21.464072299202943 0.4
255 383.73340606689453 22.42349755076923 0.4
257 385.7387754917145 22.233643869377694 0.4
258 387.7426266670227 19.569507813267816 0.4
260 389.7496898174286 17.968652352941174 0.4
261 391.75208950042725 18.76273057442866 0.4
263 393.7544779777527 17.980763038912908 0.4
264 395.7559697628021 16.142211874615857 0.4
266 397.7643713951111 15.2812130783467 0.4
267 399.76639771461487 14.458159408866994 0.4
269 401.76637601852417 14.404570387692308 0.4
270 403.7765347957611 9.778436718075262 0.4
272 405.7760305404663 9.752303703703703 0.4
274 407.78042554855347 10.097642996904025 0.4
275 409.78303384780884 9.825701818181818 0.4
277 411.7863049507141 6.437540333951762 0.4
279 413.7906451225281 6.495664766645924 0.4
281 415.793319940567 6.669282590286425 0.4
283 417.79871797561646 4.580459676214197 0.4
285 419.80514121055603 3.2019204923076923 0.4
286 421.8048801422119 3.988403065512979 0.4
288 423.8154983520508 4.460205558312655 0.4
290 425.81221079826355 5.172948655980271 0.4
292 427.81601905822754 5.488062945929149 0.4
294 429.8269715309143 7.868901683168317 0.4
295 431.8266990184784 14.17564188585608 0.4
297 433.83428287506104 13.191607200986436 0.4
299 435.8317058086395 13.44922985221675 0.4
300 437.83515214920044 2.366100523038605 0.4
300 439.83899998664856 0.14700734082397005 0.4
300 441.8438193798065 0.14645126795752655 0.4
300 443.847642660141 0.14685055520898316 0.4
300 445.8510980606079 0.16387417863835105 0.4
300 447.8550806045532 0.14434392991239048 0.4
300 449.859037399292 0.1532301622971286 0.4
300 451.8633086681366 0.1681865502183406 0.4
300 453.86707067489624 0.16935305434103684 0.4
300 455.87102127075195 0.16894012484394508 0.4
300 457.874386548996 0.146104 0.4
300 459.8780710697174 0.15209647940074908 0.4
300 461.8819489479065 0.1664680425265791 0.4
300 463.8860025405884 0.17286003752345216 0.4
