0 1.0172102451324463 20.894654023705552 0.2
1 3.0213873386383057 0.11958737367436056 0.2
1 5.025094270706177 21.024584803493447 0.2
2 7.029359340667725 0.17582328358208957 0.3
2 9.032976388931274 25.2910493126935 0.3
4 11.036803245544434 26.246191036623216 0.3
5 13.040400981903076 24.382079700000002 0.3
6 15.044144868850708 32.92452304619226 0.4
7 17.04770541191101 0.18081682102628285 0.4
8 19.051528930664062 34.32485583489681 0.4
9 21.054919958114624 32.73213917808219 0.4
10 23.05823278427124 33.23616228855721 0.4
11 25.063276767730713 33.02027632754342 0.4
12 27.066881895065308 31.295348628428926 0.4
13 29.0704288482666 31.28312645403377 0.4
14 31.074169874191284 31.03483666251557 0.4
16 33.077667236328125 30.781920500312694 0.4
17 35.081881046295166 29.368298013741413 0.4
18 37.08520865440369 28.880939451371574 0.4
19 39.08784794807434 27.49401067331671 0.4
20 41.09231996536255 27.54274054862843 0.4
21 43.0953803062439 30.051697700000002 0.5
22 45.09904432296753 0.17643196998123828 0.5
23 47.10259795188904 32.32810706691682 0.5
24 49.10627865791321 24.633562037267083 0.5
25 51.10979509353638 0.19998651685393257 0.6
25 53.1132698059082 24.909813832709112 0.6
27 55.11748242378235 25.177841543248284 0.6
28 57.12159824371338 22.276636604244693 0.6
29 59.125502824783325 22.727924383561643 0.6
31 61.128525495529175 14.485154653465345 0.6
32 63.132983684539795 15.663785767790262 0.6
34 65.13768148422241 15.15965484716157 0.6
35 67.13962078094482 13.862916799999999 0.6
37 69.14345788955688 11.603499052369077 0.6
39 71.14671802520752 12.039031458721292 0.6
40 73.15031051635742 11.798510707576707 0.6
42 75.15378785133362 10.779456776602364 0.6
44 77.15662884712219 10.882245193508115 0.6
45 79.16064190864563 9.71913162819713 0.6
47 81.16361618041992 9.71909558312655 0.6
48 83.16769289970398 0.17568369307548345 0.7
49 85.17118072509766 10.464086936993137 0.7
50 87.17482852935791 10.480886882793017 0.7
52 89.17881727218628 10.03302133833646 0.7
54 91.18272471427917 9.767218365564565 0.7
55 93.18692421913147 0.17555269781931462 0.6
55 95.19064354896545 11.242014187927815 0.6
57 97.19459533691406 11.995231317440401 0.6
59 99.19835376739502 10.0012972 0.6
60 101.2016179561615 13.296433516209477 0.6
62 103.20528531074524 13.036892097075295 0.6
63 105.20884275436401 12.997580087554722 0.6
65 107.21235346794128 13.859121146417447 0.6
66 109.21549081802368 16.082157805486283 0.6
68 111.21883869171143 16.89297813200498 0.6
69 113.22339177131653 17.686941861336663 0.6
71 115.22658324241638 17.419101867995018 0.6
72 117.23068690299988 19.053589937733502 0.6
73 119.23334288597107 22.338472672897197 0.6
75 121.23701906204224 20.549815756067204 0.6
76 123.24212455749512 4.719603534536403 0.5
76 125.24603319168091 18.543703329161453 0.5
77 127.25030207633972 22.004251 0.5
79 129.25382256507874 15.752308614232211 0.6
79 131.25783705711365 10.593776129433726 0.6
80 133.26149368286133 25.22678575890069 0.6
82 135.26558208465576 21.312426732919253 0.5
82 137.2692883014679 2.2798822263914946 0.5
83 139.27384853363037 24.756412515644556 0.5
84 141.2773563861847 21.36547540173053 0.5
85 143.28090810775757 22.53732213135068 0.5
87 145.28430795669556 21.38193014925373 0.5
88 147.28809762001038 20.944590630855714 0.5
89 149.29141092300415 0.17537040650406505 0.4
89 151.29539585113525 25.119803345817726 0.4
91 153.3022654056549 20.542646945658962 0.4
92 155.31762528419495 20.709629520295202 0.4
93 157.3086748123169 20.790589359605914 0.4
94 159.31193327903748 20.47988996282528 0.4
96 161.31601452827454 20.684627188081937 0.4
97 163.31927180290222 19.505737641921396 0.4
98 165.32256650924683 20.23182321049344 0.4
99 167.32891011238098 19.901739487179487 0.4
101 169.33016896247864 19.6651002876798 0.4
102 171.33424997329712 20.441199251403617 0.4
103 173.34240913391113 20.863377877652933 0.4
104 175.34167313575745 20.977298711694807 0.4
106 177.34686160087585 20.956184254522768 0.4
107 179.34733247756958 20.596341306782826 0.4
108 181.35166573524475 21.891286138490333 0.4
109 183.35742115974426 20.73977627965044 0.4
110 185.35903692245483 22.034522823235477 0.4
111 187.36248397827148 21.409930514569126 0.4
113 189.3657569885254 20.943522791277257 0.4
114 191.3695240020752 21.507981668742215 0.4
115 193.37421345710754 21.015629906073887 0.4
116 195.37645292282104 19.11925090455396 0.4
117 197.38036823272705 20.820644305381727 0.4
118 199.3835711479187 19.66098126013724 0.4
120 201.3868110179901 18.366764306160547 0.5
120 203.39005088806152 4.068327386150967 0.5
121 205.3934018611908 20.152858746867167 0.5
123 207.39849543571472 20.053439315821624 0.5
124 209.40453386306763 20.075627686613203 0.5
125 211.40788793563843 20.685312 0.5
127 213.4141926765442 19.307481951822112 0.5
128 215.4146590232849 19.41810717726992 0.5
130 217.41610956192017 20.487094489164086 0.5
131 219.42021560668945 19.97693920792079 0.5
133 221.42577528953552 14.41267839605182 0.5
134 223.4281554222107 14.96039492298213 0.5
136 225.44320917129517 12.507226600496276 0.6
136 227.44691824913025 3.9107930369442703 0.6
137 229.45562958717346 15.512347251095804 0.6
139 231.45544171333313 10.573168995686999 0.6
140 233.46155905723572 10.465251108343711 0.6
142 235.46321892738342 10.122848974518336 0.6
144 237.46954584121704 10.169304972239358 0.6
145 239.47089171409607 7.044262736842105 0.6
147 241.4748396873474 7.744311321695761 0.6
149 243.47918105125427 7.861992790553139 0.6
150 245.48185873031616 5.3094916032439174 0.6
152 247.48591136932373 5.4611902122347065 0.6
154 249.49565386772156 5.807893533083646 0.6
156 251.49554133415222 4.2011260583488514 0.6
158 253.50034594535828 3.3415356402248597 0.6
160 255.50689911842346 2.2879986043613707 0.6
161 257.5063581466675 3.375905758900687 0.6
163 259.5110170841217 5.491552697819315 0.6
165 261.5148684978485 5.324542067247821 0.6
167 263.5180239677429 5.664855457373989 0.6
168 265.5210471153259 11.062832799999999 0.6
170 267.52682089805603 11.539621183800623 0.6
171 269.52857303619385 12.782696144728634 0.6
173 271.5306704044342 12.359660412242349 0.6
174 273.54506731033325 15.019097791640673 0.6
175 275.5393636226654 16.217090329807093 0.6
176 277.54230093955994 16.367323867747974 0.6
178 279.54641819000244 16.328848219178084 0.6
179 281.54859137535095 17.62409429280397 0.6
180 283.55213928222656 20.737563845193506 0.6
181 285.55775213241577 23.21562653416149 0.6
182 287.5616497993469 24.89877729128015 0.6
184 289.57517766952515 24.79323637267081 0.6
185 291.5673773288727 23.730654364089776 0.6
186 293.5733654499054 25.7142855300682 0.6
187 295.5760543346405 26.488191144278606 0.6
189 297.5774350166321 17.1081982 0.5
189 299.58056640625 11.585674353529045 0.5
190 301.58400797843933 27.554270286425904 0.5
191 303.58998441696167 26.44768198757764 0.5
193 305.5952088832855 23.830591250770176 0.5
194 307.5952036380768 18.643292979642194 0.5
195 309.60062551498413 19.147124910105394 0.5
196 311.6043748855591 19.657201899999997 0.5
197 313.60840249061584 19.16469290875689 0.5
198 315.61064982414246 18.973717579538366 0.5
200 317.61455368995667 19.373034746716698 0.5
201 319.61769247055054 12.08687001871491 0.6
201 321.6213712692261 13.123745577043044 0.6
202 323.6259183883667 21.60305711442786 0.6
203 325.6294119358063 17.644794472547808 0.6
204 327.6353316307068 19.262084275947792 0.6
206 329.63579630851746 23.33484514851485 0.6
207 331.64040994644165 23.42507878637771 0.6
208 333.64323234558105 24.594017936998146 0.6
210 335.6478900909424 23.123866600741657 0.6
211 337.65104484558105 23.533357733990147 0.6
212 339.65958762168884 23.98747215782984 0.6
213 341.6593635082245 24.76328827586207 0.6
215 343.6631495952606 23.924107123623013 0.6
216 345.66680335998535 22.41328758153846 0.6
217 347.67069387435913 21.919873802816902 0.6
219 349.6774568557739 21.997431433846153 0.6
220 351.6818811893463 21.914507422934648 0.6
221 353.68431997299194 22.149589778869778 0.6
223 355.68668937683105 24.275093854612095 0.6
224 357.691148519516 23.89176972972973 0.6
225 359.6946759223938 23.97940409371147 0.6
226 361.69830083847046 24.43014088669951 0.6
228 363.70145773887634 26.761970377588305 0.6
229 365.7056300640106 27.46794768285187 0.6
230 367.7097227573395 27.928858699386506 0.6
231 369.71294808387756 27.68957519607843 0.6
232 371.7165279388428 29.27395563190184 0.6
234 373.72041606903076 28.58742780999383 0.6
235 375.7251114845276 27.692587677261614 0.6
236 377.73059844970703 28.759906453987732 0.6
237 379.7307929992676 27.485910305997553 0.6
238 381.7345759868622 27.944094661746615 0.6
239 383.7395730018616 28.079787811158795 0.6
241 385.7464611530304 24.26854534798535 0.6
242 387.75298047065735 24.620985975308642 0.6
243 389.7538013458252 24.010566695384618 0.6
244 391.75345849990845 24.884671941212492 0.6
246 393.7595181465149 24.833812643253232 0.6
247 395.7607967853546 23.282899337423313 0.6
248 397.7672791481018 23.163251396923076 0.6
249 399.767915725708 18.72471290640394 0.6
250 401.77227544784546 18.12289968769519 0.6
251 403.7763292789459 18.228151405371644 0.6
252 405.779230594635 17.344073607990012 0.6
253 407.78386187553406 16.6007442 0.6
254 409.7861912250519 15.964153692115143 0.6
256 411.7898693084717 15.695884416718652 0.7
256 413.7936384677887 8.786265431789737 0.7
257 415.80226612091064 19.38137957972806 0.7
258 417.8048415184021 14.93886985074627 0.7
259 419.80648398399353 15.026608328154134 0.7
261 421.8101441860199 11.474761926203877 0.8
261 423.8138015270233 9.15166985074627 0.8
262 425.81883430480957 17.925705867665418 0.8
263 427.8223373889923 15.28386311444653 0.8
265 429.8261115550995 11.712663880597015 0.8
266 431.8300452232361 11.937012234706616 0.8
267 433.83385944366455 12.170383999999999 0.8
269 435.83778953552246 12.540530294301815 0.8
270 437.839985370636 9.216457827715356 0.7
271 439.8442556858063 0.1747616957605985 0.7
272 441.8479163646698 10.6160775576324 0.7
273 443.85249161720276 10.115333250155958 0.7
275 445.8564875125885 8.32734740787008 0.7
277 447.8647708892822 5.504862055137845 0.7
278 449.8646113872528 6.5255555112219445 0.7
280 451.8674716949463 6.704007186525265 0.7
281 453.8714439868927 6.353443975155279 0.7
283 455.87532567977905 3.407962071116656 0.7
285 457.87969970703125 3.6294835910224443 0.7
287 459.8824164867401 4.280729232688708 0.7
289 461.8864016532898 5.451099377334994 0.7
290 463.8910436630249 4.326020718711277 0.7
292 465.893755197525 4.446791644777987 0.7
294 467.8999443054199 6.667434246404003 0.7
295 469.9020471572876 11.26287790393013 0.7
296 471.9089095592499 10.587090374064838 0.7
298 473.90890192985535 10.396241744548286 0.7
299 475.912193775177 11.2896662 0.7
300 477.9156346321106 0.17609368289637953 0.7
300 479.91919684410095 0.17418503435352903 0.7
300 481.9229097366333 0.1966580886945659 0.7
300 483.92798614501953 0.17209971303805366 0.7
300 485.931937456131 0.20041205753595998 0.7
300 487.9366090297699 0.17411720698254365 0.7
300 489.94054341316223 0.17252671241422332 0.7
300 491.94465684890747 0.1940388257339163 0.7
300 493.9488139152527 0.1732149593495935 0.7
300 495.9528603553772 0.19704868913857676 0.7
300 497.9569671154022 0.1738861 0.7
300 499.96040201187134 0.16788909204758923 0.7
300 501.9640853404999 0.17117356695869837 0.7
300 503.967679977417 0.17247909943714823 0.7
300 505.97137355804443 0.17877396627108058 0.7
300 507.97503328323364 0.17505360850531584 0.7
300 509.97856736183167 0.17222577666874608 0.7
300 511.98243713378906 0.16633562071116656 0.7
300 513.9865481853485 0.17539041901188243 0.7
300 515.9899549484253 0.1712191 0.7
300 517.994402885437 0.17899103060587132 0.7
300 519.9981396198273 0.175316272670419 0.7
300 522.0019359588623 0.1718363 0.7
300 524.0058681964874 0.1720574640849469 0.7
300 526.0094001293182 0.2001155 0.7
300 528.0134162902832 0.17694151155527796 0.7
300 530.0173184871674 0.171096329588015 0.7
300 532.0210719108582 0.17415775421085464 0.7
300 534.024754524231 0.1808311805121799 0.7
300 536.0291154384613 0.1726257 0.7
300 538.0329399108887 0.1747056089943785 0.7
300 540.036794424057 0.1803085071830106 0.7
300 542.0406677722931 0.1735049188514357 0.7
300 544.044750213623 0.17610583541147132 0.7
300 546.0486080646515 0.17403835205992507 0.7
300 548.0525879859924 0.18220773951158423 0.7
300 550.0561628341675 0.17953260000000001 0.7
300 552.0600025653839 0.17867368683718027 0.7
300 554.0647687911987 0.17378583229036296 0.7
300 556.0684723854065 0.171480624609619 0.7
300 558.0724794864655 0.11792259513412352 0.7
300 560.0764267444611 0.17252309226932666 0.7
300 562.0804040431976 0.1759060349127182 0.7
300 564.084792137146 0.1787417863835103 0.7
300 566.0883948802948 0.17918730793254217 0.7
300 568.0920412540436 0.17466256410256412 0.7
300 570.095855474472 0.1747798 0.7
300 572.0996603965759 0.1766020237351655 0.7
300 574.1040580272675 0.17573117206982544 0.7
300 576.1075012683868 0.1749765586034913 0.7
300 578.1120944023132 0.1750473 0.7
300 580.11581158638 0.17875482176360227 0.7
300 582.1192717552185 0.1729276404494382 0.7
300 584.1231272220612 0.005304215134459037 0.7
300 586.1263885498047 0.1727133917396746 0.7
300 588.1311507225037 0.17246509068167604 0.7
300 590.1350789070129 0.1784697 0.7
300 592.1391434669495 0.17308958098811755 0.7
300 594.14320063591 0.1713694940662086 0.7
300 596.1472680568695 0.1704788 0.7
300 598.1509156227112 0.17474579999999998 0.7
300 600.1543142795563 0.1750614 0.7
300 602.1589007377625 0.17290053716427234 0.7
300 604.1624641418457 0.18103155527795128 0.7
300 606.1661429405212 0.17213236907730672 0.7
300 608.1702885627747 0.1739727011852776 0.7
300 610.17422747612 0.18081772215269085 0.7
300 612.178004026413 0.17275554443053817 0.7
300 614.1820073127747 0.1744952 0.7
300 616.1858682632446 0.17485591505309184 0.7
300 618.1895883083344 0.1723574 0.7
300 620.1931045055389 0.1706360049937578 0.7
300 622.1976456642151 0.1731755223880597 0.7
300 624.2018487453461 0.17335934959349594 0.7
300 626.2056889533997 0.17411183979974967 0.7
300 628.2093095779419 0.17544800000000002 0.7
300 630.2129504680634 0.1761377417342483 0.7
300 632.2167322635651 0.1743423919849718 0.7
300 634.220677614212 0.17470861423220974 0.7
300 636.2237913608551 0.1785511111111111 0.7
300 638.2275130748749 0.17161990000000002 0.7
300 640.2307472229004 0.17188407245471582 0.7
300 642.2345311641693 0.1751435 0.7
300 644.2384612560272 0.16881622027534418 0.7
300 646.2422785758972 0.1464997 0.7
300 648.2453827857971 0.15119900124843946 0.7
300 650.249568939209 0.14501802746566791 0.7
300 652.2532284259796 0.14726509999999998 0.7
300 654.2567837238312 0.15707072319201995 0.7
300 656.2610204219818 0.1487276356830942 0.7
300 658.2647881507874 0.14441305816135086 0.7
300 660.2682032585144 0.1437279700187383 0.7
300 662.2722518444061 0.14654118824265167 0.7
300 664.2757797241211 0.15757278298936836 0.7
300 666.279611825943 0.15035712679575267 0.7
300 668.283495426178 0.1556469793621013 0.7
300 670.2871336936951 0.14797816822429907 0.7
300 672.2910203933716 0.15154764815970057 0.7
300 674.2947156429291 0.1626725296689569 0.7
300 676.2984809875488 0.1585705 0.7
300 678.3025681972504 0.1581276 0.7
300 680.306188583374 0.1481238 0.7
300 682.3100309371948 0.1502017 0.7
300 684.3139955997467 0.15020224719101125 0.7
300 686.318058013916 0.15542834271419637 0.7
300 688.3216826915741 0.15510326046221112 0.7
300 690.3252942562103 0.15010688319800125 0.7
300 692.3291368484497 0.15315482176360223 0.7
300 694.3325164318085 0.16216625390869294 0.7
300 696.3362765312195 0.15093633520950595 0.7
300 698.3397731781006 0.15056430268918075 0.7
300 700.3434829711914 0.1485112609238452 0.7
300 702.3470902442932 0.14666010000000002 0.7
300 704.351166009903 0.14987501246882792 0.7
300 706.3546495437622 0.1478115533374922 0.7
300 708.3579256534576 0.15068765957446809 0.7
300 710.3617775440216 0.1509307049282595 0.7
300 712.3653719425201 0.17123627732667082 0.7
300 714.3694627285004 0.17512024984384758 0.7
300 716.3735618591309 0.150757629444791 0.7
300 718.3779938220978 0.18030222222222222 0.7
300 720.3816080093384 0.17483287054409005 0.7
300 722.3855435848236 0.1768359224515322 0.7
300 724.3902306556702 0.1814463 0.7
300 726.3941655158997 0.17513976235146966 0.7
300 728.3977088928223 0.1727903060587133 0.7
300 730.4013040065765 0.1769200249221184 0.7
300 732.4050691127777 0.1755293 0.7
300 734.4086439609528 0.17060504369538076 0.7
300 736.412873506546 0.176390855715178 0.7
300 738.416511297226 0.17300267332916927 0.7
300 740.4206211566925 0.17365968808484092 0.7
300 742.4241914749146 0.16986859638178417 0.7
300 744.4281656742096 0.15300266666666668 0.7
300 746.4317758083344 0.14895029393370857 0.7
300 748.4352588653564 0.1477263579474343 0.7
300 750.4387888908386 0.14814507201001878 0.7
300 752.4423730373383 0.14772774032459426 0.7
300 754.4459657669067 0.17010801751094434 0.7
300 756.450014591217 0.16154394014962595 0.7
300 758.4534935951233 0.15065054341036854 0.7
300 760.4583983421326 0.1597187757651468 0.7
300 762.4623420238495 0.16277766396002497 0.7
300 764.4664282798767 0.1526533 0.7
300 766.4699256420135 0.1542151 0.7
300 768.4736552238464 0.1511896 0.7
300 770.4773230552673 0.15328189526184538 0.7
300 772.4812390804291 0.17422117647058824 0.7
300 774.4853060245514 0.17311360399750156 0.7
300 776.4888331890106 0.1590253 0.7
300 778.4923183917999 0.15432299625468165 0.7
300 780.4960765838623 0.15451268870867124 0.7
300 782.4998433589935 0.15886470955652718 0.7
300 784.5036423206329 0.15583590511860174 0.7
300 786.5074932575226 0.1534872590738423 0.7
300 788.5116395950317 0.15539255930087392 0.7
300 790.5153141021729 0.17371527204502815 0.7
300 792.5194234848022 0.17251845193508114 0.7
300 794.5233912467957 0.17273666041275798 0.7
300 796.5275053977966 0.1720126762320649 0.7
300 798.5310945510864 0.17215292211838007 0.7
300 800.5345237255096 0.17475367895065586 0.7
300 802.5377662181854 0.17428162601626015 0.7
300 804.5414078235626 0.17445303314571609 0.7
300 806.5453445911407 0.17474571607254533 0.7
300 808.5490486621857 0.17976925578486552 0.7
300 810.5521876811981 0.17934719999999998 0.7
300 812.5557751655579 0.18013389999999999 0.7
300 814.559464931488 0.182376 0.7
300 816.56307554245 0.17570327091136081 0.7
300 818.5665969848633 0.18167239048811012 0.7
300 820.5707502365112 0.18602596622889306 0.7
300 822.5744061470032 0.20755387882573392 0.7
300 824.5792460441589 0.17194102628285357 0.7
300 826.5835893154144 0.1633444 0.7
300 828.5874509811401 0.15213065502183407 0.7
300 830.5914881229401 0.15211524405506885 0.7
300 832.5952184200287 0.20773243445692882 0.7
300 834.5992755889893 0.195866183635228 0.7
300 836.6029801368713 0.19403877729257643 0.7
300 838.6067399978638 0.16966945658963148 0.7
300 840.610164642334 0.17262841448189764 0.7
300 842.6138331890106 0.3506988 0.7
300 844.6181268692017 0.17247131086142323 0.7
300 846.6222352981567 0.1725786150966937 0.7
300 848.6264398097992 0.19474519999999998 0.7
300 850.6301476955414 0.17437684341859014 0.7
300 852.6341392993927 0.16943249530956847 0.7
300 854.6376299858093 0.1789951280449719 0.7
300 856.641131401062 0.17416264504054896 0.7
300 858.6454200744629 0.1744482698313554 0.7
300 860.6490952968597 0.14688589631480325 0.7
300 862.6532471179962 0.14474723297938788 0.7
