0 1.0196263790130615 20.968139303482587 0.2
1 3.0238113403320312 0.15940813982521848 0.2
1 5.027160882949829 20.7751016 0.2
2 7.031639575958252 0.1657338 0.3
2 9.03587818145752 25.771232756689482 0.3
4 11.03960919380188 24.857959556103577 0.3
5 13.043534994125366 25.036424542626012 0.3
6 15.04778242111206 33.102516589919105 0.4
7 17.051730632781982 0.17247760449157828 0.4
8 19.055333614349365 33.13474443890274 0.4
9 21.05946373939514 32.10650034567901 0.4
10 23.063109636306763 7.4829561 0.3
10 25.066827535629272 23.3616140175219 0.3
11 27.070392847061157 32.64301697121402 0.4
12 29.073992490768433 0.17217713212273011 0.4
12 31.07718515396118 32.774331669770326 0.4
13 33.08050084114075 30.861470849349036 0.4
15 35.08403205871582 31.942322442367598 0.4
16 37.08772826194763 29.92792263517713 0.4
17 39.09142756462097 30.262848919425362 0.4
18 41.094157457351685 28.192327609511892 0.4
19 43.09744358062744 28.560322992518707 0.4
20 45.10107636451721 28.41101135371179 0.4
21 47.105159759521484 28.622766013724267 0.4
23 49.10888981819153 28.108765749844434 0.4
24 51.112038135528564 25.0195861 0.4
25 53.116329193115234 22.271000975609756 0.4
26 55.12047362327576 22.842892859813084 0.4
28 57.12358093261719 23.189357897371714 0.4
29 59.12614631652832 22.7061296 0.4
30 61.13169860839844 15.511436104868913 0.4
32 63.13414716720581 16.10398902743142 0.4
33 65.13851857185364 15.34258689912827 0.4
35 67.14366817474365 15.717032264504056 0.4
36 69.1454529762268 12.211343279098873 0.4
38 71.14781904220581 13.233898913179262 0.4
40 73.15140175819397 11.131436352279826 0.4
41 75.15455341339111 12.094274943679599 0.4
43 77.15836310386658 9.355266217228465 0.4
45 79.16215229034424 10.119390419011882 0.4
46 81.16661429405212 10.5052048 0.4
48 83.16937065124512 9.551182989368355 0.4
50 85.172926902771 10.089134509068169 0.4
51 87.17664122581482 9.65149855361596 0.4
53 89.17929100990295 8.878789186483104 0.4
55 91.18331503868103 10.188800894965818 0.4
56 93.18749976158142 10.004127 0.4
58 95.19061422348022 13.16589596009975 0.4
60 97.19484663009644 11.00902220024722 0.4
61 99.19850540161133 11.766141833846154 0.4
62 101.20121598243713 0.17304540675844804 0.3
63 103.20493149757385 14.592483895131087 0.3
64 105.21039175987244 13.740784894409938 0.3
66 107.2146680355072 15.643948086687306 0.3
67 109.21668887138367 16.92566694894147 0.3
69 111.22026324272156 9.704270262172285 0.2
69 113.22512412071228 8.634405087281795 0.2
70 115.2287335395813 18.274985935162093 0.2
72 117.23429036140442 18.447880674578386 0.2
73 119.23637127876282 4.577632120075046 0.3
73 121.24004054069519 19.86435795765878 0.3
74 123.24410343170166 21.85959388440025 0.3
76 125.24894666671753 20.227621719233145 0.3
77 127.25123977661133 18.814591135666053 0.2
78 129.2548680305481 0.16912779512804496 0.2
78 131.2585051059723 19.99793348314607 0.2
80 133.26219749450684 20.227594686346865 0.3
81 135.26608872413635 7.59436027448534 0.3
81 137.2696304321289 16.33809144278607 0.3
82 139.27383685112 20.704664455445545 0.3
84 141.2773084640503 19.509001408276713 0.3
85 143.2803647518158 21.785828728179553 0.3
86 145.28550052642822 22.214649032258066 0.3
87 147.2895474433899 21.112852167395378 0.3
88 149.29201102256775 20.942554107365794 0.3
90 151.2949800491333 20.97196566437929 0.3
91 153.29878401756287 20.641685985037405 0.3
92 155.3069314956665 19.94655352831363 0.3
93 157.30622577667236 24.19146736579276 0.4
94 159.31003665924072 0.1766505065666041 0.4
95 161.31518268585205 24.440246429906544 0.4
96 163.31989407539368 19.481379358024693 0.4
97 165.32861828804016 18.861251228070174 0.4
98 167.32597994804382 20.028697283950617 0.4
100 169.33050107955933 18.042380514075887 0.4
101 171.33580875396729 19.09042369645043 0.4
102 173.3370656967163 23.230984865540965 0.3
103 175.34137511253357 0.1763087070580887 0.3
104 177.34566736221313 22.62917685127567 0.3
105 179.35576629638672 22.703813564356434 0.3
106 181.35405087471008 21.999882477007972 0.3
108 183.35687398910522 23.265986346272335 0.3
109 185.3615140914917 23.37712144752714 0.3
110 187.36490058898926 24.277202162162162 0.3
112 189.36932349205017 25.265530434782608 0.3
113 191.3739457130432 24.07473607891492 0.3
114 193.3785490989685 23.980011181199753 0.3
116 195.3798463344574 23.808993663366337 0.3
117 197.3855721950531 23.057235723885157 0.3
118 199.38807606697083 22.659069295774646 0.3
120 201.39222812652588 22.840884839506174 0.3
121 203.39600944519043 20.248575724815726 0.3
123 205.3986575603485 19.136479201995012 0.2
123 207.4021656513214 1.1192472 0.2
124 209.40624284744263 19.676244142233312 0.2
125 211.41035509109497 0.17100891942535915 0.3
125 213.41474866867065 21.62261771962617 0.3
127 215.42165446281433 22.044186185438704 0.3
128 217.42423224449158 20.61402785185185 0.3
130 219.42670369148254 20.180369413218035 0.3
131 221.43111991882324 20.14753816849817 0.3
133 223.43361020088196 14.721912583436342 0.3
134 225.438157081604 15.297290929230769 0.3
136 227.44146585464478 13.901603663366336 0.3
137 229.4491982460022 12.75724881948782 0.3
139 231.4488935470581 10.749166554517133 0.3
140 233.454918384552 10.531466400499065 0.3
142 235.46283745765686 10.213697616968185 0.3
143 237.46161723136902 10.48524702366127 0.3
145 239.4643850326538 6.995866650031192 0.3
147 241.46794319152832 7.055389436795995 0.3
148 243.47130942344666 6.613193961322521 0.3
150 245.47488069534302 6.773037341692791 0.3
152 247.47871136665344 5.600171892567145 0.3
154 249.48248529434204 5.39852085106383 0.3
155 251.48604130744934 5.561484327704815 0.3
157 253.49018049240112 3.3728926263256396 0.3
159 255.4928331375122 3.426212152214598 0.3
161 257.49596977233887 3.3902695815115553 0.4
161 259.49983048439026 2.1777580012492193 0.4
163 261.50384044647217 6.7232325593008735 0.4
164 263.50773310661316 0.17156577139287946 0.5
165 265.51188230514526 5.325148388714734 0.5
166 267.5165376663208 5.194603790523691 0.5
168 269.5232403278351 10.491707661691542 0.5
170 271.5238311290741 11.531760297029702 0.5
171 273.5308725833893 12.528458554663372 0.5
173 275.54245615005493 11.444071662531018 0.5
174 277.53582072257996 17.49138783900929 0.4
175 279.5399317741394 0.17028094881398254 0.4
175 281.5437788963318 21.31964289276808 0.4
177 283.5483555793762 16.0676813810111 0.4
178 285.55184054374695 21.469468282323547 0.3
179 287.5555763244629 0.16368059887710543 0.3
180 289.55926275253296 23.335949907005578 0.3
181 291.56319546699524 5.743957652933833 0.2
181 293.5666673183441 15.515912019950125 0.2
182 295.57063841819763 22.116129627791565 0.3
183 297.5743498802185 0.17178403497813866 0.3
183 299.57781434059143 25.6387936 0.3
185 301.5816173553467 15.204457924176506 0.2
185 303.5852792263031 7.569891163954943 0.2
186 305.5890100002289 20.488017489069332 0.2
187 307.5930690765381 7.713090827629123 0.3
187 309.5961027145386 20.003574660858742 0.3
188 311.5999946594238 24.407146699446834 0.2
189 313.60401821136475 0.1619007721046077 0.2
189 315.607666015625 20.124761348314607 0.2
190 317.6261787414551 26.7862497755611 0.3
191 319.6299719810486 0.15437388367729832 0.3
192 321.6344451904297 25.792005276913503 0.3
193 323.637478351593 1.4360691296180337 0.2
193 325.6419634819031 19.753921378461538 0.2
194 327.64602851867676 20.9521443 0.3
195 329.65000200271606 0.17034439999999998 0.3
196 331.6537837982178 25.714821047381548 0.3
197 333.6580572128296 21.04574713667285 0.2
198 335.66211915016174 0.5025625935162095 0.2
198 337.66566944122314 20.205485642946318 0.2
199 339.66964530944824 23.969841594022416 0.3
200 341.6731553077698 0.1530932 0.3
201 343.67705035209656 24.0103481242236 0.3
202 345.68164706230164 22.97953788758493 0.3
204 347.6852910518646 22.60440348252606 0.3
205 349.68881702423096 23.92763325509574 0.3
206 351.69259333610535 23.92142549068323 0.3
207 353.696270942688 23.50339182374541 0.3
209 355.700314283371 24.117503801242236 0.3
210 357.7036120891571 22.990788585365856 0.3
211 359.7125403881073 23.6821336621455 0.3
213 361.7138843536377 24.80713193588163 0.3
214 363.7151987552643 21.666112078720786 0.3
215 365.72181463241577 24.39294584766585 0.3
216 367.7237243652344 22.649570738916257 0.3
218 369.72617626190186 15.548077651467832 0.2
218 371.7299132347107 4.677581047381546 0.2
219 373.73385882377625 19.41927597765363 0.2
220 375.7375421524048 6.363945767790262 0.3
220 377.74171209335327 17.772118126171144 0.3
221 379.74836778640747 23.076103200000002 0.3
222 381.7526955604553 19.26460162398501 0.3
223 383.7563991546631 18.686397401623985 0.3
225 385.75653171539307 20.73402952618454 0.3
226 387.7630717754364 25.156307271597267 0.3
227 389.76436257362366 24.323867175384613 0.3
228 391.76874685287476 22.30763714817111 0.3
229 393.7721507549286 21.713493433395872 0.3
230 395.77626371383667 22.558813526084222 0.3
231 397.78062200546265 20.5606245 0.3
232 399.78490114212036 20.427787033104313 0.3
233 401.7906472682953 20.990762179085788 0.3
234 403.7964057922363 20.57351829787234 0.3
234 405.7947881221771 21.67491465667915 0.3
235 407.7988164424896 22.149353931034483 0.3
236 409.80427265167236 21.526888632371392 0.3
237 411.80599999427795 21.21456853735091 0.3
238 413.80940294265747 20.066019262038775 0.3
239 415.8141038417816 21.063723854818523 0.3
240 417.81864976882935 20.3820004 0.3
241 419.8211555480957 19.323743759398496 0.3
242 421.8248906135559 18.1002901120797 0.3
243 423.82911920547485 18.392297755610972 0.3
243 425.83329033851624 19.55988132582864 0.3
244 427.83614802360535 19.437149263420725 0.3
245 429.8391532897949 20.081157340025094 0.3
246 431.84252643585205 17.616608421052632 0.3
247 433.8464267253876 18.7385172 0.3
248 435.8504695892334 18.227508195908246 0.3
249 437.85584688186646 17.727777322640346 0.3
250 439.85977435112 18.79744931163955 0.3
251 441.8641242980957 17.1195849 0.3
252 443.86907172203064 16.037519949968733 0.3
253 445.8708152770996 16.98106402507837 0.3
255 447.87610054016113 23.12082244568591 0.3
256 449.8762240409851 21.85127364764268 0.3
257 451.8826231956482 22.657057810945275 0.3
259 453.88803815841675 19.256600958819913 0.3
260 455.88674426078796 0.17261700062227753 0.2
260 457.8905785083771 18.39303770859278 0.2
262 459.89712738990784 18.452390679127724 0.2
263 461.8996493816376 15.78173024630542 0.2
264 463.90245056152344 12.20348452088452 0.2
266 465.90933990478516 11.184508528678304 0.2
267 467.91036009788513 12.905526392009989 0.2
268 469.9146499633789 12.182838382078407 0.2
270 471.91891145706177 9.828736996884736 0.2
271 473.9222140312195 8.686029962546817 0.2
273 475.9267680644989 8.77956602739726 0.2
274 477.9291920661926 9.431605339987522 0.2
276 479.9338617324829 7.1427527409261575 0.2
278 481.93776512145996 7.724532510795805 0.2
279 483.9428131580353 6.7391655077881625 0.2
281 485.9449667930603 6.774105556246115 0.2
283 487.95059871673584 4.644331542288557 0.2
285 489.9550223350525 3.7215973100871733 0.2
287 491.955872297287 4.607257164086687 0.2
289 493.9593949317932 4.063330141190915 0.2
290 495.96507716178894 4.14447238566131 0.2
292 497.9685609340668 5.29258024691358 0.2
294 499.97149300575256 7.230696029593095 0.2
295 501.9792220592499 10.970435225726655 0.2
297 503.98015999794006 10.750531449814126 0.2
298 505.98243498802185 10.9250649 0.2
299 507.9857566356659 10.651731104179662 0.2
300 509.98930287361145 0.17106428482198627 0.2
300 511.99305486679077 0.1483905676855895 0.2
300 513.996762752533 0.15568489693941287 0.2
300 516.0003020763397 0.1475656429463171 0.2
300 518.0042722225189 0.16762104738154612 0.2
300 520.0078225135803 0.15173576059850374 0.2
300 522.0113408565521 0.14616968789013732 0.2
300 524.0144031047821 0.14818341463414636 0.2
300 526.0181517601013 0.1515300748129676 0.2
300 528.0214760303497 0.1498492 0.2
300 530.0251634120941 0.15056239999999999 0.2
300 532.0286672115326 0.14864899437851345 0.2
300 534.03205037117 0.15295559449311638 0.2
300 536.0369651317596 0.163074078700812 0.2
300 538.0404226779938 0.1532729956222639 0.2
300 540.0436556339264 0.15297807740324593 0.2
300 542.0476596355438 0.15815930087390762 0.2
300 544.0508127212524 0.1533833646028768 0.2
300 546.0544655323029 0.15441311639549435 0.2
300 548.0581405162811 0.1494630855715178 0.2
300 550.0619087219238 0.1518705190744215 0.2
300 552.0651762485504 0.153053 0.2
300 554.0688571929932 0.15011377888819488 0.2
300 556.0719902515411 0.1477924 0.2
300 558.0758187770844 0.1484168184653774 0.2
300 560.0790989398956 0.1472971607254534 0.2
300 562.0830581188202 0.15507271820448879 0.2
300 564.0864660739899 0.15064550000000002 0.2
300 566.0896730422974 0.15389376720901127 0.2
300 568.0930547714233 0.1799100124843945 0.2
300 570.0976276397705 0.15653915211970074 0.2
300 572.1017031669617 0.1461154664996869 0.2
300 574.1055271625519 0.15293802746566793 0.2
300 576.1098213195801 0.15192250312891115 0.2
300 578.1135656833649 0.16741356652092443 0.2
300 580.1175770759583 0.15273424109931294 0.2
300 582.120762348175 0.1478232 0.2
300 584.1244075298309 0.14850964441671866 0.2
300 586.1281952857971 0.1456371 0.2
300 588.1314957141876 0.14797454772301935 0.2
300 590.1352806091309 0.1548917926296065 0.2
300 592.1392481327057 0.1524941 0.2
300 594.1433770656586 0.1463235433562071 0.2
300 596.1472034454346 0.15260392254840724 0.2
300 598.1503984928131 0.14900149999999998 0.2
300 600.1537516117096 0.1530661326658323 0.2
300 602.1570780277252 0.1493269706433479 0.2
300 604.161149263382 0.14601926571250778 0.2
300 606.1648235321045 0.1465892548528491 0.2
300 608.1683735847473 0.14822955652717051 0.2
300 610.1719226837158 0.15193913803872577 0.2
300 612.175295829773 0.1493137788881949 0.2
300 614.1788959503174 0.15011188007495316 0.2
300 616.1830940246582 0.15446694183864915 0.2
300 618.1867101192474 0.1694068 0.2
300 620.1907374858856 0.17365003126954345 0.2
