0 1.0172131061553955 21.148404289276808 0.2
1 3.0211660861968994 0.17431715178013743 0.2
1 5.024265766143799 20.50383021834061 0.2
2 7.027910947799683 0.17536438902743143 0.3
2 9.032348871231079 26.11361861854387 0.3
4 11.035958051681519 24.593851104256633 0.3
5 13.039291143417358 26.42820929889299 0.3
6 15.042372703552246 34.64062490943161 0.4
7 17.045871019363403 0.17861256714553406 0.4
8 19.04935336112976 33.199199402613566 0.4
9 21.052505493164062 32.28868297314179 0.4
10 23.056389093399048 33.171232217418165 0.4
11 25.059643983840942 32.35739256331068 0.4
12 27.063461542129517 31.019577580246917 0.4
13 29.066909790039062 30.163580572851806 0.4
14 31.07052969932556 29.310630681536555 0.4
16 33.07439732551575 32.27398352209085 0.5
16 35.07845497131348 3.3246293200249535 0.5
17 37.082332611083984 31.769840149719276 0.5
18 39.08561944961548 29.14404121362229 0.5
19 41.09060215950012 29.06087155033972 0.5
20 43.094802141189575 27.814819850374068 0.5
22 45.09736251831055 26.852488672897195 0.5
23 47.10119080543518 27.586923391521196 0.5
24 49.10482168197632 24.577634032059187 0.5
25 51.10775351524353 23.0636366400981 0.5
27 53.113255977630615 22.952481375921376 0.5
28 55.11688828468323 24.008846191646192 0.5
29 57.12060594558716 23.560202022194822 0.5
31 59.12454652786255 16.07363842751843 0.5
32 61.12756085395813 14.288803875776399 0.4
33 63.130794525146484 0.1719866 0.4
34 65.1348123550415 17.716933217606943 0.4
36 67.14019250869751 15.060878228782288 0.4
37 69.14302229881287 11.409754147551148 0.4
39 71.14651107788086 12.680097553779962 0.4
41 73.15064549446106 12.994268857319332 0.4
42 75.15507745742798 9.924844586929717 0.4
44 77.15848898887634 9.838867737948084 0.4
46 79.16318273544312 9.739840886153846 0.4
47 81.16606879234314 9.991792078720788 0.4
49 83.16978549957275 9.357734069981584 0.3
50 85.1738600730896 0.16806830118232732 0.3
51 87.1776602268219 9.16896229426434 0.3
53 89.18249320983887 9.46224852012384 0.3
54 91.18631529808044 10.513253911965283 0.3
56 93.18938732147217 11.733076866132016 0.3
58 95.19352436065674 10.514392767801857 0.3
59 97.19791197776794 10.945888377874455 0.3
61 99.20117378234863 14.193560594059406 0.3
63 101.20576643943787 14.061418455836936 0.3
64 103.20952796936035 13.681747495384617 0.3
66 105.21242928504944 15.99357914762199 0.3
67 107.21593570709229 17.64219281924738 0.3
69 109.22240114212036 18.90697708978328 0.3
70 111.22682309150696 18.737663407407407 0.3
72 113.2292275428772 20.005233353922176 0.3
73 115.23240208625793 19.962634620174345 0.2
74 117.2363498210907 0.16082779576587794 0.2
74 119.2401533126831 20.618869912609238 0.2
76 121.24411129951477 11.978226924516532 0.3
76 123.2478859424591 12.3570243575419 0.3
77 125.25492119789124 19.805150485678706 0.3
79 127.25600385665894 21.55285306733167 0.4
79 129.25969076156616 2.2766664669163545 0.4
80 131.2634596824646 24.886563289719625 0.4
81 133.2673499584198 22.467320025046963 0.4
83 135.2708101272583 19.72636171962617 0.4
84 137.274822473526 22.82395160248447 0.4
85 139.27950835227966 21.825616925948975 0.4
86 141.28356838226318 20.691369645742697 0.4
88 143.28894329071045 21.517500871731006 0.4
89 145.29139804840088 22.085546267912772 0.4
90 147.2953953742981 21.543530693316676 0.4
91 149.29865908622742 23.086843781094526 0.3
92 151.30249881744385 0.1616901563477173 0.3
93 153.30648756027222 24.27054331043098 0.3
94 155.310729265213 20.395487270486754 0.3
95 157.31539177894592 19.60385141439206 0.3
96 159.32232689857483 19.365116063960638 0.3
98 161.3230619430542 19.039314143920596 0.3
99 163.3272249698639 20.49754521631644 0.3
100 165.32972121238708 19.815028111455106 0.3
101 167.33335852622986 19.124010341827223 0.3
103 169.3361268043518 19.784699791026426 0.3
104 171.3406467437744 18.613326362515416 0.3
105 173.34519815444946 19.0981691 0.3
106 175.34901785850525 0.19691252966895692 0.4
107 177.3523554801941 22.289634143920594 0.4
108 179.35799407958984 23.10019381546135 0.4
109 181.36379265785217 21.66939156973108 0.4
110 183.36290788650513 0.1738278848560701 0.3
110 185.3667335510254 26.186402094763096 0.3
112 187.37033081054688 24.6029308 0.3
113 189.3747329711914 21.09063310861423 0.3
114 191.38059782981873 19.680309294045426 0.3
115 193.38249444961548 20.79844972032318 0.3
117 195.3893711566925 19.415852737293328 0.3
118 197.3925678730011 19.383234538745388 0.3
119 199.39362788200378 20.228374963325184 0.3
120 201.40535831451416 17.318794996964176 0.3
121 203.4028182029724 17.410858931677016 0.3
123 205.40587210655212 17.252728255528254 0.3
124 207.4100227355957 18.3364270602706 0.3
125 209.41432809829712 16.87111290886392 0.3
126 211.4193398952484 15.767747923598275 0.3
128 213.42156434059143 18.688484430769233 0.3
129 215.4253706932068 16.2917178021978 0.3
130 217.42856645584106 17.133098753117206 0.3
131 219.43248510360718 17.137164283030682 0.3
133 221.43455696105957 14.069424885021753 0.3
134 223.43861865997314 13.733493133583021 0.3
136 225.44212746620178 13.856153117206983 0.3
137 227.4473910331726 14.334643781094528 0.3
139 229.44895768165588 10.588442946317103 0.3
140 231.45452213287354 11.049637928883344 0.3
142 233.45824337005615 11.440772069825437 0.3
143 235.4595000743866 11.08287970093458 0.3
145 237.46521186828613 7.6317246 0.3
146 239.46865606307983 8.215394890965733 0.3
148 241.47202396392822 7.401645457943926 0.3
150 243.47505807876587 6.5092341573033705 0.3
152 245.4794237613678 3.9093591526479754 0.3
153 247.48205637931824 4.054083895131086 0.2
154 249.48587322235107 0.17380557151780138 0.2
155 251.48962140083313 4.3775733 0.2
157 253.49441051483154 2.950241896444167 0.2
159 255.4998173713684 2.264546633416459 0.2
161 257.5021080970764 3.1419846787273857 0.2
163 259.50592970848083 4.452333532338308 0.2
165 261.50821232795715 6.426755788161993 0.2
166 263.5120871067047 5.198482291407223 0.2
168 265.5145299434662 10.02971354517134 0.2
169 267.5214719772339 11.793721615910503 0.2
171 269.52122688293457 12.126234310667499 0.2
172 271.52654695510864 11.494771606475716 0.2
174 273.53104186058044 15.057425427323768 0.2
175 275.5342266559601 17.405706733042937 0.2
176 277.5392608642578 15.212892757973734 0.2
177 279.5414628982544 17.712348 0.2
179 281.5446820259094 17.12580528678304 0.2
180 283.54779863357544 19.65137247660636 0.3
181 285.5521094799042 0.202114078700812 0.3
181 287.555855512619 25.275022355140187 0.3
182 289.55970644950867 22.514475836431227 0.2
183 291.5637152194977 0.16427862585883823 0.2
184 293.56748151779175 19.339728764742397 0.2
185 295.5716190338135 15.680803690773068 0.3
185 297.57566475868225 10.667840399251403 0.3
186 299.5821716785431 26.810504443061607 0.3
187 301.58741211891174 20.64925844816884 0.3
188 303.5917673110962 20.18002080495356 0.3
189 305.5928680896759 21.576313952912017 0.3
190 307.5965540409088 21.14389443902439 0.3
191 309.60882210731506 21.065658298397043 0.3
192 311.60521960258484 18.635908151774785 0.3
193 313.60817289352417 19.05451214860681 0.3
195 315.612184047699 19.12312064396285 0.3
196 317.6156611442566 18.413120795031055 0.3
197 319.6187062263489 18.877137406269206 0.3
198 321.62259340286255 18.867778038725795 0.3
199 323.6255874633789 18.39013313616759 0.3
200 325.629709482193 18.7465605918619 0.3
201 327.63249135017395 19.047322446941322 0.3
202 329.63633394241333 19.37756496568933 0.3
203 331.63986587524414 17.515518602620087 0.3
204 333.64274978637695 18.364031442786068 0.3
206 335.6493179798126 18.251113615960097 0.3
207 337.65059781074524 19.941313778888194 0.3
208 339.6544258594513 19.933999198998748 0.3
209 341.6568591594696 19.12744480600751 0.3
210 343.6611318588257 19.96483375233354 0.3
211 345.66412353515625 18.773547098381073 0.3
212 347.6685981750488 16.723669287469285 0.3
213 349.6722400188446 20.159977639751553 0.3
214 351.6751515865326 19.035070951792335 0.3
215 353.6775140762329 20.611318577666875 0.2
216 355.68143677711487 0.17456349781386635 0.2
216 357.68530106544495 21.115344971822168 0.2
217 359.6903462409973 17.843210274314213 0.2
218 361.69231271743774 0.17038730793254214 0.3
219 363.69576048851013 24.912176169681846 0.3
220 365.7002925872803 21.100810893191753 0.3
221 367.7050926685333 18.496654091193005 0.3
222 369.70789861679077 16.79448149625935 0.3
223 371.7103855609894 18.273756199999998 0.3
224 373.7148313522339 18.475911910112362 0.3
225 375.7168757915497 20.07335204502814 0.3
226 377.7199013233185 20.246349331667705 0.2
227 379.72318267822266 0.1724453 0.2
227 381.72663044929504 20.06155281795511 0.2
228 383.7300741672516 29.2963476 0.3
229 385.7332706451416 0.16997066833229232 0.3
229 387.73868441581726 28.666496338729765 0.3
230 389.74136209487915 21.66744258064516 0.3
231 391.7471559047699 20.566425289359056 0.3
232 393.74722838401794 21.841804372267333 0.3
233 395.7513756752014 19.916856986301372 0.3
234 397.75483107566833 19.543193483709274 0.3
235 399.76013684272766 21.1343483 0.3
236 401.7655746936798 20.220844815970057 0.3
236 403.7655472755432 21.385165814536343 0.3
237 405.7690489292145 20.923974348097317 0.3
238 407.7731742858887 19.841701573033706 0.3
239 409.7825734615326 18.925419126092386 0.3
240 411.7847034931183 19.397577028714107 0.3
241 413.78329157829285 17.486185431789735 0.3
242 415.78761434555054 18.528401596009974 0.3
243 417.79100012779236 18.904427400000003 0.3
244 419.7964608669281 17.675826134663343 0.3
245 421.797324180603 8.50363331670823 0.2
245 423.80145621299744 12.494787630922694 0.2
246 425.8053648471832 8.807923439252336 0.3
246 427.80944776535034 15.374533132832081 0.3
247 429.81322717666626 24.879858311444654 0.3
249 431.8171896934509 17.66034174563591 0.4
249 433.82114815711975 6.082939262960649 0.4
250 435.82819628715515 22.611808717310087 0.4
251 437.82978439331055 17.738814088363412 0.4
252 439.8334016799927 15.274443245942571 0.4
253 441.8371260166168 16.0024072 0.4
254 443.839359998703 16.01697369144285 0.4
255 445.84265542030334 17.28026626566416 0.4
256 447.84713101387024 18.285461413383363 0.4
257 449.87291073799133 15.151502440220725 0.3
258 451.8763372898102 0.17314575171553337 0.3
259 453.8797700405121 18.238635223880596 0.3
260 455.88440227508545 14.141226766169154 0.3
261 457.8878209590912 15.229608899999999 0.3
262 459.89116740226746 15.4235699 0.3
264 461.89664602279663 14.7562738 0.3
265 463.9009761810303 11.868169382407984 0.3
266 465.9024164676666 11.45488490920476 0.3
268 467.90720987319946 11.6805492 0.3
269 469.90929317474365 12.710247113337509 0.3
270 471.9166262149811 9.352356731129133 0.3
272 473.9178602695465 8.804449338327093 0.3
273 475.9207718372345 7.3700575280898875 0.3
275 477.92344999313354 4.3428614579439255 0.2
275 479.92697978019714 6.484434899999999 0.2
277 481.93019700050354 7.648859900000001 0.2
278 483.9343087673187 7.763779962848297 0.2
280 485.94075059890747 5.772042326454034 0.2
282 487.94179606437683 6.3732923999999995 0.2
284 489.946240901947 4.404746799750468 0.2
285 491.94897508621216 4.620088844472205 0.2
287 493.9509491920471 3.8783926276463268 0.2
289 495.9552164077759 4.266324794007491 0.2
291 497.95929479599 4.256412457786117 0.2
292 499.9628267288208 3.9846740574282147 0.2
294 501.9701986312866 8.376489194253592 0.2
295 503.971387386322 10.91311092834891 0.2
297 505.97348499298096 10.554675727670206 0.2
298 507.9788250923157 10.640458386491556 0.2
299 509.9814043045044 11.702837553058677 0.2
300 511.98383617401123 0.16818331457160723 0.2
300 513.9874694347382 0.15110983810709838 0.2
300 515.990669965744 0.14561647940074907 0.2
300 517.9941012859344 0.15212552154903186 0.2
300 519.9976480007172 0.150831 0.2
300 522.0015161037445 0.14929978763272955 0.2
300 524.0051591396332 0.154859013116802 0.2
300 526.0086538791656 0.1681304 0.2
300 528.0126705169678 0.14938793254216115 0.2
300 530.0164277553558 0.15444745932415518 0.2
300 532.0211405754089 0.15430564102564104 0.2
300 534.0246789455414 0.15778941838649155 0.2
300 536.0284070968628 0.15797922596754058 0.2
300 538.0319929122925 0.153685493133583 0.2
300 540.0356643199921 0.14814468085106383 0.2
300 542.0394675731659 0.156018423028786 0.2
300 544.0432569980621 0.15370216385240776 0.2
300 546.0474262237549 0.15027917551530293 0.2
300 548.0507712364197 0.1518520924422236 0.2
300 550.0542867183685 0.14457184259837602 0.2
300 552.058117389679 0.15976625390869292 0.2
300 554.0619728565216 0.17333313432835823 0.2
