0 1.0177438259124756 20.825131329192548 0.2
1 3.0224108695983887 1.3563758556316117 0.2
1 5.025974273681641 20.447726766169154 0.2
2 7.029864549636841 0.17299865168539327 0.3
2 9.033161401748657 26.190412092442223 0.3
4 11.038087606430054 25.38512297029703 0.3
5 13.042190551757812 25.680825425201736 0.3
6 15.04606008529663 30.121061691542288 0.3
7 17.049652338027954 29.09552529736358 0.3
8 19.05292773246765 30.21832009913259 0.3
9 21.056801795959473 29.977245087281794 0.3
10 23.059720993041992 29.143554890965735 0.3
11 25.063477754592896 29.318330460772106 0.3
13 27.06724262237549 27.5615395267746 0.3
14 29.07051992416382 28.803595805243447 0.3
15 31.07481074333191 28.54557568869673 0.3
16 33.078176975250244 16.9669055361596 0.4
16 35.08231019973755 14.459129200000001 0.4
17 37.085862159729004 33.101130972568576 0.4
18 39.08977389335632 28.29795245942572 0.4
19 41.09398341178894 28.184889330024816 0.4
21 43.09809923171997 27.257590123456787 0.4
22 45.1016058921814 28.110624768946398 0.4
23 47.10519576072693 27.512355677018636 0.4
24 49.10894227027893 23.692577965260547 0.4
25 51.11196184158325 0.17425908806995627 0.3
25 53.115774631500244 26.545659182156133 0.3
27 55.12018823623657 23.628519477936607 0.3
28 57.124064683914185 23.131757416149068 0.3
30 59.12757134437561 25.14172324324324 0.3
31 61.1338255405426 15.644725399380805 0.3
33 63.135573625564575 16.102807725856696 0.3
34 65.1410756111145 15.58238275092937 0.3
36 67.14416289329529 14.594796185758513 0.3
37 69.14871501922607 12.129451151213441 0.3
39 71.15283870697021 11.859026056860321 0.3
41 73.15795159339905 13.055285949600492 0.3
42 75.16065311431885 10.12433651421508 0.3
44 77.16481041908264 10.501471980380135 0.3
46 79.16828274726868 9.649666898263028 0.3
47 81.17078232765198 9.813828057464084 0.3
49 83.17533016204834 9.234258154613466 0.3
51 85.17846202850342 9.1527194 0.3
52 87.18138694763184 9.061319874765186 0.3
54 89.18546462059021 9.716551850931678 0.3
56 91.18882417678833 10.438932042209807 0.3
57 93.19531273841858 9.735836046942557 0.3
59 95.1961772441864 3.394182 0.2
59 97.19972848892212 9.212194521575984 0.2
61 99.20524454116821 13.834879301310043 0.2
62 101.20752096176147 13.384950396039605 0.2
64 103.21250367164612 14.315371210817455 0.2
66 105.21557641029358 13.94458147551147 0.2
67 107.2199137210846 17.352354179566564 0.2
68 109.22252058982849 16.758441794714198 0.2
70 111.22891116142273 17.17583741132545 0.2
71 113.23129606246948 18.041228399754754 0.2
73 115.23375034332275 14.840045714285715 0.3
73 117.23750734329224 7.934718603491271 0.3
74 119.24254703521729 23.041558455790785 0.3
76 121.2462387084961 21.976649969154842 0.3
77 123.24939608573914 22.36589607384615 0.3
78 125.25597953796387 23.015055322283608 0.3
80 127.2572968006134 21.823290233702338 0.3
81 129.2611801624298 23.1077365398773 0.3
82 131.26528692245483 23.471915577395578 0.3
84 133.26823210716248 23.062545163636365 0.3
85 135.27470350265503 22.771863279901357 0.3
86 137.27516889572144 23.459811597051598 0.3
88 139.27859020233154 23.718212195423625 0.3
89 141.28435492515564 22.168062677359654 0.3
90 143.28697609901428 22.883632019704432 0.3
92 145.29227352142334 21.06870536887787 0.3
93 147.29647827148438 19.821775111111112 0.3
94 149.30037093162537 20.923584516129033 0.3
95 151.30444073677063 18.87625463535229 0.3
96 153.30738639831543 19.76530384662956 0.3
98 155.31141209602356 20.437646435643565 0.3
99 157.31446623802185 19.23180131432114 0.3
100 159.31772589683533 0.1758762453066333 0.4
100 161.32175374031067 22.502471965065503 0.4
102 163.32619857788086 21.98639640897756 0.4
103 165.33037638664246 19.980622013588633 0.4
104 167.33367228507996 19.426416077953714 0.4
105 169.33705306053162 19.967320812307694 0.4
106 171.34201788902283 20.804561851156972 0.4
108 173.34633016586304 21.044144981226534 0.4
109 175.35051941871643 23.373015647861127 0.4
110 177.35383224487305 23.146225991244528 0.4
111 179.35779762268066 21.68145105490438 0.4
112 181.3619043827057 21.222602493765585 0.4
113 183.36657285690308 20.712896758104737 0.4
115 185.3697669506073 19.95951800124922 0.4
116 187.37157034873962 20.220917459526774 0.4
117 189.37592768669128 19.96115895131086 0.4
118 191.38133883476257 19.597804372267333 0.4
119 193.38518071174622 20.53360658764816 0.4
120 195.387362241745 18.422589000000002 0.4
122 197.38974595069885 16.001603990024936 0.3
123 199.39336585998535 2.2883885428392743 0.3
123 201.3968050479889 19.675785368289638 0.3
125 203.4032106399536 18.310706891807378 0.3
126 205.40591859817505 16.266524856070088 0.3
127 207.40899872779846 18.191364990642544 0.3
128 209.41666436195374 17.391651952588898 0.3
129 211.41764163970947 18.573568059701493 0.3
131 213.42054772377014 16.807542072409486 0.2
132 215.424320936203 1.9012198128509046 0.2
132 217.42840361595154 14.288980249376559 0.2
134 219.4321870803833 13.64344349563046 0.2
135 221.4357943534851 15.908165767557488 0.2
137 223.43910884857178 14.255264778540235 0.2
138 225.44297671318054 11.044620137242669 0.2
140 227.4461054801941 10.439852808005003 0.2
141 229.45001888275146 10.701743689806129 0.2
143 231.45392966270447 10.374872204871954 0.2
144 233.457279920578 8.712215530586768 0.2
146 235.4607720375061 7.904581528899938 0.2
148 237.4656891822815 7.592722955541641 0.2
149 239.4685399532318 7.419090610211707 0.2
151 241.47367525100708 8.446600422098076 0.2
153 243.48377013206482 3.4464587 0.3
153 245.48741817474365 2.472351580262336 0.3
155 247.49148726463318 5.544626091307067 0.4
156 249.4959945678711 0.1758508 0.4
156 251.49971389770508 2.4955344909431605 0.4
158 253.5036096572876 3.3044407 0.4
160 255.50747323036194 3.3335623529411764 0.4
162 257.5107595920563 4.622403997501562 0.4
164 259.5174424648285 5.6884619999999995 0.4
166 261.5191168785095 5.416148714107366 0.4
167 263.52214908599854 5.670333441599 0.4
169 265.52781653404236 13.077361592039802 0.4
170 267.53137469291687 12.337618234189105 0.4
172 269.5354595184326 11.790274321450907 0.4
173 271.539425611496 11.56426887218045 0.4
174 273.54272651672363 17.1539239048811 0.4
176 275.54658341407776 17.5086598 0.4
177 277.55145359039307 17.888854067584482 0.4
178 279.5542662143707 17.609081 0.4
179 281.558424949646 16.650506633354155 0.4
180 283.5619385242462 20.025650447761194 0.4
181 285.5647597312927 20.86265134291068 0.4
182 287.56760692596436 20.019539188007496 0.4
183 289.5707838535309 19.865017400000003 0.4
184 291.57779264450073 19.926731378665004 0.4
186 293.57969403266907 20.001972265331663 0.4
186 295.5815489292145 22.457590905683947 0.4
187 297.58491802215576 21.09823890205864 0.4
188 299.58898186683655 21.642772032520323 0.4
190 301.5924654006958 21.475228147223955 0.4
191 303.5965955257416 21.09183869918699 0.4
192 305.60184502601624 20.34550523690773 0.4
193 307.603812456131 18.760804597126796 0.4
194 309.60775685310364 18.809119503105588 0.4
195 311.61326336860657 19.406243013182674 0.4
196 313.61506962776184 19.106151278195487 0.4
197 315.6174793243408 18.4853970536829 0.4
198 317.62137031555176 18.700725621079044 0.4
199 319.6246964931488 20.18066184538653 0.4
200 321.6293318271637 20.019624269662923 0.4
201 323.6324305534363 19.24491351283657 0.4
202 325.6357831954956 17.368056570713392 0.4
203 327.63917446136475 17.974916892230578 0.4
204 329.64358949661255 18.065792640801 0.4
206 331.64593267440796 19.64050593241552 0.4
207 333.6489658355713 15.410949656464709 0.3
207 335.6529495716095 8.622130836454431 0.3
208 337.65753197669983 24.656571400124456 0.3
209 339.66281819343567 18.404153533374156 0.3
210 341.6717586517334 19.347420985221675 0.3
211 343.67938780784607 19.426006039603962 0.3
212 345.67848920822144 18.414074187192117 0.3
214 347.6774408817291 19.63536426006192 0.3
215 349.6809697151184 13.882750708074534 0.2
215 351.6844675540924 7.852058889582033 0.2
216 353.68868613243103 20.541909013732834 0.2
217 355.692667722702 0.16878830730793254 0.3
217 357.69655084609985 24.239823820224718 0.3
219 359.7005708217621 21.74644395276569 0.2
220 361.70485067367554 7.089928210262829 0.2
220 363.70823884010315 14.198960400500626 0.2
221 365.71196579933167 23.73227042394015 0.3
222 367.7161214351654 0.1625010736579276 0.3
223 369.72110176086426 25.34853735660848 0.3
224 371.7283411026001 19.219643445326817 0.3
225 373.7294750213623 18.827868385512584 0.3
226 375.73826360702515 18.24314663341646 0.3
227 377.7372591495514 18.776612082551594 0.3
228 379.7401876449585 20.372086462116467 0.3
229 381.74542021751404 21.469970074812966 0.3
230 383.74737191200256 20.305975483870967 0.3
230 385.75181674957275 20.89020347394541 0.3
231 387.7575206756592 19.931984809494065 0.3
232 389.7621307373047 20.69396413449564 0.3
233 391.7670886516571 20.337332236760126 0.3
234 393.7693192958832 21.922280448318805 0.3
235 395.77247762680054 21.269874912718205 0.3
236 397.7753839492798 20.1155397752809 0.3
236 399.77888774871826 20.9241315 0.3
237 401.78233671188354 20.949554556803996 0.3
238 403.78735756874084 20.8513068 0.3
239 405.7893798351288 21.348797721362228 0.2
240 407.79321002960205 4.9558968000000005 0.2
240 409.7968511581421 16.1278991152648 0.2
241 411.8012726306915 1.1590267917448405 0.3
241 413.80485248565674 26.5859279 0.3
242 415.8113281726837 21.740138520820384 0.3
243 417.81367087364197 18.684065806451613 0.3
244 419.81742310523987 18.778362440846823 0.3
245 421.8202040195465 17.681937345794392 0.3
246 423.8253333568573 17.28767253529773 0.3
247 425.82728910446167 16.789196963285626 0.3
248 427.83149242401123 16.81252474406991 0.3
249 429.8345696926117 17.17774132334582 0.3
250 431.8425917625427 17.167297833125776 0.3
251 433.8419740200043 16.7210238 0.3
252 435.84533429145813 17.82204466625078 0.3
253 437.84768772125244 16.009380437226735 0.3
254 439.85079860687256 17.920528769519052 0.3
255 441.85385966300964 16.916529360645562 0.3
256 443.8582148551941 16.7274634 0.3
257 445.8625283241272 16.783111266375546 0.3
258 447.8646602630615 15.996542244389028 0.3
259 449.8674144744873 1.3062701811367894 0.2
259 451.8707365989685 17.637026850690088 0.2
261 453.87553572654724 17.645239800000002 0.2
262 455.87868905067444 14.678908270676692 0.2
263 457.8822784423828 15.039160149812734 0.2
264 459.8853085041046 11.989152119700748 0.2
265 461.88795161247253 11.928085653533458 0.2
267 463.89250683784485 12.389729580988117 0.2
268 465.89533519744873 11.904662230529595 0.2
269 467.8994617462158 11.157072976338728 0.2
271 469.90379643440247 9.491040400751409 0.2
272 471.90718388557434 8.349016029962547 0.2
274 473.9106364250183 10.208579138038726 0.2
275 475.9143533706665 8.652235447154471 0.2
277 477.91793751716614 6.085863735165521 0.2
278 479.92152094841003 6.315417356608479 0.2
280 481.9256179332733 6.575242168224299 0.2
282 483.92932987213135 5.513891453524641 0.2
283 485.93682408332825 3.948167492298213 0.2
285 487.9368782043457 3.6052719459791285 0.2
287 489.94630694389343 4.542072113370302 0.2
289 491.9469828605652 5.593801097256858 0.2
291 493.9520628452301 4.466129590062112 0.2
293 495.9513306617737 4.478194724458205 0.2
294 497.9585144519806 13.150792421052632 0.2
296 499.9634008407593 12.31628282527881 0.2
297 501.9650204181671 10.910444682926828 0.2
299 503.9693133831024 10.488709931804092 0.2
300 505.9710261821747 0.19609981285090455 0.2
300 507.97464776039124 0.16572217636022515 0.2
300 509.9783818721771 0.16501139636819034 0.2
300 511.9824974536896 0.170593262366938 0.2
300 513.9863131046295 0.1655554164057608 0.2
300 515.9901607036591 0.1585703128911139 0.2
300 517.9938900470734 0.1617804 0.2
300 519.9978251457214 0.15510905683947535 0.2
300 522.0014033317566 0.1520750469043152 0.2
300 524.0057842731476 0.15487131086142322 0.2
300 526.0101585388184 0.17404334581772785 0.2
300 528.0135586261749 0.1730005 0.2
300 530.0170114040375 0.17379977570093458 0.2
300 532.0206625461578 0.17104149160969545 0.2
300 534.0236897468567 0.18136343925233644 0.2
300 536.027685880661 0.1768527011852776 0.2
300 538.032080411911 0.17118489055659789 0.2
300 540.0358996391296 0.17771530000000002 0.2
300 542.0391416549683 0.17341611492816988 0.2
300 544.0428037643433 0.11373731417863836 0.2
300 546.0464882850647 0.10333035558328135 0.2
300 548.0499649047852 0.17461931120851598 0.2
300 550.0534210205078 0.1809684052532833 0.2
300 552.0573122501373 0.17550812967581048 0.2
300 554.0606620311737 0.1741135 0.2
300 556.0644724369049 0.1800097 0.2
300 558.0685706138611 0.15461956277326672 0.2
300 560.0723910331726 0.16010553404122424 0.2
300 562.0771255493164 0.1527057410881801 0.2
300 564.0800926685333 0.17747556662515565 0.2
300 566.0838780403137 0.17468457786116323 0.2
300 568.0873608589172 0.17437356695869838 0.2
300 570.0910346508026 0.17446136164896942 0.2
300 572.095466375351 0.17458604884157794 0.2
300 574.0992357730865 0.1737098 0.2
300 576.1027734279633 0.1723872 0.2
300 578.1067154407501 0.14676229999999998 0.2
