0 1.020949125289917 20.452923912772587 0.2
1 3.0242702960968018 0.17716156619018023 0.2
1 5.0277979373931885 20.40841301863354 0.2
2 7.031580448150635 0.17755322923173017 0.3
2 9.034934997558594 25.97275023779725 0.3
4 11.039375066757202 25.012913788819873 0.3
5 13.043349504470825 25.701915577395578 0.3
6 15.046948909759521 33.58189355040701 0.4
7 17.050459146499634 0.1504122 0.4
8 19.054741144180298 33.63562480349345 0.4
9 21.05863618850708 33.04478525664811 0.4
10 23.06233024597168 32.866024550526966 0.4
11 25.067192316055298 32.670564875621885 0.4
12 27.06961703300476 30.83868991880075 0.4
13 29.0742609500885 31.28869696439725 0.4
15 31.077593564987183 30.74609518102372 0.4
16 33.08146953582764 30.9967883364486 0.4
17 35.08529806137085 28.431876892479803 0.4
18 37.08935618400574 28.31582536403236 0.4
19 39.09265375137329 28.800899825653797 0.4
20 41.098153829574585 27.07040844196151 0.4
21 43.09994029998779 27.5015481 0.4
23 45.10774755477905 20.49857087960075 0.5
23 47.11119031906128 9.804216523364486 0.5
24 49.115511655807495 27.674793922789537 0.5
25 51.11876058578491 22.8722219 0.5
27 53.12225818634033 20.46733104477612 0.6
27 55.125794887542725 5.643221513445903 0.6
28 57.129944801330566 27.0012418 0.6
29 59.13473582267761 0.17521807740324594 0.7
29 61.13855743408203 24.229901170610212 0.7
31 63.142860651016235 16.132255440349784 0.7
33 65.14652013778687 15.256276972307692 0.7
34 67.15086388587952 14.231054509068167 0.7
36 69.15409684181213 15.143847795128046 0.7
37 71.1573281288147 11.853508986232791 0.7
39 73.16157793998718 11.639451357409714 0.7
40 75.16434407234192 12.218313738259235 0.7
42 77.16775894165039 10.458134398003743 0.7
44 79.17126536369324 9.744340298507463 0.7
45 81.17496824264526 9.819006268656716 0.7
47 83.17869925498962 10.272841448189762 0.7
49 85.18201112747192 9.053463707377556 0.7
50 87.18471646308899 9.99916871955028 0.7
52 89.1885097026825 9.995410268582136 0.7
54 91.19222521781921 9.753557873671044 0.7
55 93.19605851173401 10.697545411764706 0.7
57 95.19974374771118 11.02988328358209 0.7
59 97.20345997810364 7.133784054897068 0.8
59 99.20711874961853 4.142048639200999 0.8
60 101.21073603630066 14.094555208983156 0.8
62 103.2141125202179 13.109279701306784 0.8
64 105.2177369594574 12.634901872659176 0.8
65 107.22127389907837 12.937154492211839 0.8
67 109.22592663764954 16.46514170504045 0.8
68 111.22989654541016 16.263357409713574 0.8
69 113.23159456253052 18.86170205351587 0.9
70 115.23543906211853 0.1832687 0.9
71 117.23948526382446 19.657663121098626 0.9
72 119.24340271949768 20.516826234413966 0.9
74 121.24727702140808 20.397122 0.9
75 123.2503707408905 20.09883240821406 0.9
76 125.25501537322998 18.96308362732919 0.9
78 127.25902199745178 20.511934282147315 0.9
79 129.26194405555725 21.179052967581047 0.8
80 131.2656373977661 0.17427319626168225 0.8
80 133.26963686943054 23.76513902864259 0.8
82 135.27301454544067 20.94991880522713 0.8
83 137.27659273147583 11.089483854818523 0.9
83 139.28045320510864 13.79456110137672 0.9
84 141.2864692211151 24.180669127182046 0.9
86 143.2933313846588 20.68483545733579 0.9
87 145.29199647903442 20.35341591078067 0.9
88 147.29900860786438 23.662458001241465 0.9
89 149.29984641075134 23.471922860665845 0.9
91 151.30322670936584 23.754294443084454 0.9
92 153.30832362174988 22.926620737100738 0.9
93 155.3136351108551 23.260712968653966 0.9
95 157.31913375854492 22.14816652862363 0.9
96 159.32022285461426 21.93495347639485 0.9
98 161.32326889038086 22.34499127228027 0.9
99 163.32778811454773 20.432673304508956 0.9
100 165.33504915237427 18.09181980487805 0.9
101 167.33474254608154 19.765989226932668 0.9
103 169.3389093875885 20.068393661883967 0.9
104 171.34233283996582 20.104081777777775 0.9
105 173.3459005355835 18.958158559900685 0.9
106 175.3487572669983 20.77860361846154 0.9
107 177.35239553451538 19.859519004355946 0.9
109 179.3569848537445 21.370113182957393 0.9
110 181.35955476760864 21.508201477770818 0.9
111 183.3622555732727 21.2557137633062 0.9
112 185.36536836624146 4.568476602123673 1.0
112 187.36912083625793 20.775564815970057 1.0
113 189.37937903404236 25.057153647642682 1.0
115 191.37799954414368 13.710269614906831 0.9
115 193.3817126750946 10.961912514036182 0.9
116 195.38564562797546 23.92740801992528 0.9
117 197.39012908935547 18.60799535802469 0.9
119 199.39391160011292 19.520778529411764 0.9
120 201.39776015281677 19.41727265052762 0.9
121 203.40383982658386 18.125317781931464 0.9
122 205.4047429561615 18.053249622758194 0.9
124 207.4077787399292 17.08782799249531 1.0
124 209.4114191532135 4.620653725735754 1.0
125 211.41553473472595 20.042991330418488 1.0
126 213.4195659160614 18.177401674876847 1.0
128 215.4246804714203 18.198844300807956 1.0
129 217.42617654800415 18.99225080273802 1.0
130 219.43100571632385 16.503562157470554 1.0
131 221.4349193572998 17.714487054409005 1.0
133 223.43918347358704 13.4583697645601 1.0
134 225.44563817977905 14.752293399014778 1.0
136 227.4465250968933 15.149338387692307 1.0
137 229.45167112350464 14.791939814700433 1.0
139 231.45384907722473 11.961806970643348 1.0
141 233.45967841148376 11.017562947368422 1.0
142 235.46267700195312 11.957602071516646 1.0
144 237.46781063079834 8.726778415841583 1.0
146 239.46979331970215 7.69959094619666 1.0
148 241.47435021400452 8.2225381230578 1.0
149 243.48179721832275 7.44649873605948 1.0
151 245.4821400642395 4.325377965260547 1.0
153 247.48725843429565 4.609682834058422 1.0
155 249.48911809921265 5.545687110006215 1.0
157 251.49362587928772 2.666234919053549 1.0
159 253.49517607688904 3.398493865336658 1.0
161 255.50048542022705 3.3202011970074814 1.0
163 257.504921913147 6.52445946683199 1.0
164 259.5065679550171 6.693168833746899 1.0
166 261.5122022628784 6.660909660703269 1.0
168 263.5150489807129 10.62918106567534 1.0
170 265.5203330516815 13.404816128633271 1.0
171 267.5254862308502 14.149513185185187 1.0
173 269.52942991256714 14.049182238713668 1.0
174 271.5298056602478 20.68477486136784 1.0
176 273.533394575119 20.695929458128077 1.0
177 275.54006576538086 19.868712270769233 1.0
178 277.5404772758484 20.38851846622033 1.0
180 279.54670310020447 21.923477044334973 1.0
181 281.548775434494 24.87196319803198 1.0
182 283.55492520332336 24.205747474006117 1.0
184 285.55631279945374 23.60368117647059 1.0
185 287.5604422092438 24.168139070904644 1.0
186 289.5675046443939 26.49818594727161 1.0
187 291.57076382637024 25.561999062307216 1.0
189 293.57428002357483 23.263615823637476 1.0
190 295.5758864879608 26.21220283775447 1.0
191 297.5828492641449 25.979807136725935 1.0
192 299.58497381210327 24.245338297611756 1.0
194 301.5874676704407 23.98553403076923 1.0
195 303.59331607818604 22.714797933579337 1.0
196 305.59652280807495 23.183717503059974 1.0
198 307.598436832428 23.766423543838137 1.0
199 309.60228300094604 23.224477053406996 1.0
200 311.61282658576965 22.72246966789668 1.0
202 313.6103529930115 22.718429162561577 1.0
203 315.6140305995941 20.894488514851485 1.0
204 317.6164982318878 18.131780362726705 0.9
205 319.62037920951843 0.17592649188514356 0.9
206 321.623694896698 24.16414144638404 0.9
207 323.62811303138733 18.865350215119854 0.9
208 325.6317524909973 18.409829741060417 0.9
209 327.63517236709595 6.806147742338962 1.0
209 329.63865327835083 18.842441721771678 1.0
210 331.64196705818176 24.047574791796148 1.0
212 333.6457040309906 18.191721351689612 1.1
212 335.6492145061493 6.846189368355223 1.1
213 337.6528036594391 25.877954613466336 1.1
214 339.65623807907104 19.275442463054187 1.1
215 341.6609077453613 19.603336901057872 1.1
216 343.66361927986145 18.933759201497192 1.1
217 345.66704845428467 0.18003402126328955 1.2
218 347.6707513332367 24.98713645885287 1.2
219 349.6752653121948 20.0055679 1.2
220 351.6788249015808 17.870476062305297 1.2
221 353.6835060119629 18.452876109725686 1.2
222 355.69133591651917 18.675403254067586 1.2
223 357.69077348709106 18.2334513 1.2
224 359.6940293312073 18.87864325203252 1.2
225 361.6981599330902 19.162437947434295 1.2
226 363.7039761543274 20.061006315789474 1.2
227 365.7035493850708 18.70345617977528 1.2
228 367.70852398872375 21.349512235441452 1.2
229 369.71122455596924 20.69022934660859 1.2
230 371.7129592895508 0.11226061135371178 1.3
230 373.7161157131195 29.92025897627965 1.3
231 375.72033405303955 24.37218326911125 1.3
232 377.7242941856384 21.07927396132252 1.3
233 379.7266685962677 31.32596126786824 1.4
234 381.7300474643707 0.18164537164272332 1.4
235 383.7334349155426 31.369470807453414 1.4
236 385.7378625869751 21.7126794246404 1.4
236 387.7411005496979 21.266910043668123 1.4
237 389.7447283267975 22.9304775 1.4
238 391.7483186721802 31.13376370463079 1.5
239 393.7515859603882 0.17576315196998124 1.5
240 395.7553377151489 31.152842793017456 1.5
241 397.75921058654785 19.407150585305104 1.5
242 399.7625892162323 20.0000150529595 1.5
243 401.76720571517944 19.245255215490317 1.5
243 403.7696816921234 19.582611670822942 1.5
245 405.77309679985046 20.614421386633357 1.4
245 407.77671670913696 7.663012600000001 1.4
246 409.78113555908203 25.446204333124612 1.4
247 411.78405690193176 17.97488 1.4
248 413.7877974510193 18.85514224438903 1.4
249 415.7913453578949 17.432324996876954 1.4
250 417.79536032676697 18.38931545623836 1.4
251 419.7996060848236 17.210251707317074 1.4
252 421.80874824523926 16.745277005614472 1.4
253 423.8092987537384 18.184200025015635 1.4
254 425.8098578453064 16.375105635910224 1.4
255 427.8126018047333 23.983665982478097 1.5
256 429.8160934448242 0.17468064918851436 1.5
257 431.81973028182983 24.330039376169683 1.5
258 433.8236002922058 16.171543085571518 1.5
259 435.8277533054352 14.881949906542054 1.5
260 437.8316149711609 14.141907676894178 1.5
261 439.8349573612213 0.17878137672090114 1.4
262 441.8386011123657 20.30143370393504 1.4
263 443.84279322624207 17.302433458177276 1.4
264 445.847599029541 11.837202394014962 1.4
265 447.84960079193115 11.99505359150531 1.4
267 449.8598551750183 10.908401150719198 1.4
268 451.8614659309387 12.094673671044402 1.4
270 453.8661892414093 12.359661734248284 1.4
271 455.8736698627472 9.951868847583643 1.4
273 457.8744809627533 9.951268289067325 1.4
274 459.8743965625763 0.1778034 1.5
275 461.8782217502594 10.422533167082294 1.5
276 463.883229970932 6.666118555417186 1.5
278 465.88835406303406 7.497475370483772 1.5
280 467.8929560184479 6.328249501538462 1.5
282 469.8991656303406 6.648201923551171 1.5
284 471.89887619018555 3.6386886446886444 1.5
286 473.9056451320648 4.527992390364422 1.5
287 475.9080307483673 4.271612935323383 1.5
289 477.91417241096497 4.539454697903823 1.5
291 479.91742753982544 5.345245898389096 1.5
293 481.921888589859 5.67589551425031 1.5
295 483.92314982414246 13.220162865966644 1.5
296 485.9294834136963 13.710912495356038 1.5
298 487.93697333335876 10.678743094801222 1.5
300 489.93208837509155 11.511680099071206 1.5
300 491.9358870983124 0.17451730000000001 1.5
300 493.93934082984924 0.17812896939412867 1.5
300 495.94248700141907 0.17482393504059962 1.5
300 497.94564843177795 0.17834703379224032 1.5
300 499.9490191936493 0.17464873362445416 1.5
300 501.95250964164734 0.17927499374217773 1.5
300 503.9562840461731 0.1725850312891114 1.5
300 505.95996928215027 0.10239220973782771 1.5
300 507.9632203578949 0.18168438902743142 1.5
300 509.96687173843384 0.17366911360799003 1.5
300 511.96996450424194 0.173321 1.5
300 513.973290681839 0.14436154806491885 1.5
300 515.978170633316 0.17509193508114856 1.5
300 517.981832742691 0.1720994378513429 1.5
300 519.9851665496826 0.1984281 1.5
300 521.988774061203 0.17858066126013725 1.5
