0 1.017380714416504 20.353142673267328 0.3
1 3.0216150283813477 0.1704427 0.3
2 5.025320053100586 24.3372196 0.3
3 7.029106616973877 23.47882792546584 0.3
4 9.033502340316772 23.76173897882939 0.3
6 11.036202430725098 23.1129617 0.3
7 13.039049625396729 22.57290281444583 0.3
9 15.042535066604614 23.424068014981273 0.3
10 17.04586362838745 24.152067715355805 0.3
12 19.049331188201904 23.30092951905059 0.3
13 21.05256700515747 22.554076417910448 0.3
14 23.056078672409058 23.043188979336254 0.3
16 25.059340000152588 23.095209452736317 0.3
17 27.062914848327637 23.393566745488485 0.3
19 29.06576919555664 22.79010808244847 0.3
20 31.070443391799927 22.2435871 0.3
21 33.07388377189636 22.466117595092026 0.3
23 35.07829022407532 22.159845866998136 0.3
24 37.0806245803833 22.31022368159204 0.3
26 39.08428645133972 22.66194314214464 0.4
26 41.08772420883179 0.49852112429731416 0.4
27 43.09190249443054 23.72830341036852 0.4
28 45.09517240524292 21.950993891625618 0.4
30 47.099685192108154 21.59945650949173 0.4
31 49.102383613586426 22.453646959752323 0.4
32 51.1056604385376 21.308218500000002 0.4
34 53.10910081863403 22.537853566084788 0.4
35 55.11199975013733 22.306915633187774 0.4
36 57.11652374267578 22.0828303310431 0.4
38 59.11964273452759 21.937454672489082 0.4
39 61.12302231788635 21.23747875466999 0.4
41 63.12731218338013 21.889559649561953 0.4
42 65.13120794296265 21.28344119551681 0.4
43 67.13402366638184 21.844992599999998 0.4
45 69.13695859909058 21.03243111387679 0.4
46 71.14109492301941 21.773116195244054 0.4
47 73.14376878738403 20.872460261682242 0.4
48 75.14745759963989 21.361230024937655 0.4
50 77.15092420578003 21.85688629213483 0.4
51 79.1541337966919 21.892980262008734 0.4
52 81.15750002861023 21.28722815920398 0.4
54 83.16028952598572 20.75130566978193 0.4
55 85.16438484191895 21.082914691588787 0.4
56 87.16721987724304 20.514526666666665 0.4
58 89.17083430290222 20.326217741734247 0.4
59 91.173659324646 20.08689948592411 0.4
60 93.17703866958618 20.631164959901298 0.4
62 95.18568897247314 20.391564858895705 0.4
63 97.18699717521667 19.87248548012232 0.4
64 99.18951845169067 20.507491231527094 0.4
65 101.19341969490051 20.456872340951204 0.4
67 103.19969964027405 20.12896721878863 0.4
68 105.20132231712341 19.907632526381132 0.4
69 107.20541453361511 20.70047306501548 0.4
71 109.20862698554993 20.381007950155762 0.4
72 111.21303248405457 21.002699542927733 0.4
73 113.21636271476746 20.37928479400749 0.4
74 115.2220094203949 21.148305155666254 0.4
76 117.22615456581116 21.535335875389407 0.4
77 119.22894310951233 21.608400545567267 0.4
78 121.2319929599762 22.81048402234637 0.4
80 123.23743796348572 22.716690751086283 0.4
81 125.2398133277893 21.688829931634558 0.4
83 127.25008988380432 19.680437053682898 0.4
84 129.24633288383484 19.812286800000003 0.4
85 131.24938130378723 19.96611097744361 0.4
86 133.2531988620758 19.193828585732163 0.4
88 135.25715279579163 20.40075169058016 0.4
89 137.26053857803345 20.194099224030037 0.4
90 139.26480865478516 19.68960309034268 0.4
91 141.26846718788147 19.61047920099875 0.4
93 143.27041578292847 19.40736330413016 0.4
94 145.2746307849884 20.285445174129354 0.4
95 147.27913308143616 20.02167595252967 0.4
96 149.2823007106781 19.659110932999376 0.4
97 151.28496551513672 18.707915106117355 0.4
99 153.28816866874695 18.914323547782637 0.4
100 155.2951798439026 21.10895829787234 0.4
101 157.29693007469177 19.707210087390763 0.4
102 159.30016899108887 19.2025541 0.4
104 161.30724096298218 19.30742310280374 0.4
105 163.3057873249054 20.570073996247654 0.4
106 165.30974864959717 20.920966835913312 0.4
107 167.3131217956543 19.463466633291617 0.4
108 169.3182234764099 19.3558355917345 0.4
110 171.32090997695923 20.188301082762912 0.4
111 173.3253312110901 19.960709156777014 0.4
112 175.328195810318 19.878079500624217 0.4
113 177.33166885375977 20.00655461682243 0.4
115 179.33493661880493 20.4321425 0.4
116 181.33867144584656 19.406064419475655 0.4
117 183.34159064292908 20.539244959501556 0.4
118 185.34484243392944 19.8347579525593 0.4
119 187.34910559654236 20.008477808219176 0.4
121 189.3521282672882 19.5636480798005 0.4
122 191.3554060459137 19.625321821584528 0.4
123 193.35935878753662 18.591483912772585 0.4
124 195.36221265792847 19.559700548628427 0.4
125 197.36568093299866 19.743281632653062 0.4
127 199.36999320983887 19.493554099999997 0.4
128 201.37339305877686 19.268343185509057 0.4
129 203.37719464302063 18.722949413233458 0.4
130 205.3796682357788 18.311118856432568 0.4
131 207.3838653564453 20.503353796122575 0.4
133 209.3868453502655 18.457764105131414 0.4
134 211.39132595062256 17.639799600997506 0.4
135 213.39394450187683 19.1938629 0.4
136 215.39756631851196 18.45008929419113 0.4
137 217.39986777305603 18.8877186 0.4
138 219.40461015701294 18.48301062850031 0.4
140 221.40897130966187 18.583244544319598 0.4
141 223.41119408607483 18.506464179663134 0.4
142 225.4154987335205 17.834747982510933 0.4
143 227.417494058609 17.715505354231976 0.4
144 229.4211187362671 18.75695481942715 0.4
145 231.42403364181519 17.951425817727838 0.4
147 233.42669343948364 18.813742710805748 0.4
148 235.4316282272339 19.23795939849624 0.4
149 237.43462300300598 18.033758401997506 0.4
150 239.43768429756165 18.252271930043722 0.4
151 241.4407422542572 18.31888919425359 0.4
152 243.44532704353333 17.796690305676858 0.4
154 245.44745469093323 18.980194427860695 0.4
155 247.4515631198883 18.866025565978735 0.4
156 249.4551966190338 18.39878073428749 0.4
157 251.45876836776733 18.247171335830213 0.4
158 253.46215271949768 19.4396936 0.4
159 255.46540760993958 20.84713291614518 0.4
160 257.46738266944885 17.1194908182386 0.4
162 259.47066354751587 18.12308368190357 0.4
163 261.4745714664459 18.68460354556804 0.4
164 263.481413602829 17.7656058 0.4
165 265.48204827308655 17.709699737663957 0.4
166 267.4853792190552 18.06927006896552 0.4
167 269.4911985397339 17.744287521793275 0.4
168 271.4932472705841 18.696006495940036 0.4
170 273.497017621994 17.602364067373674 0.4
171 275.49868083000183 18.706896779026216 0.4
172 277.5024473667145 17.503534527238575 0.4
173 279.5068881511688 17.989917 0.4
174 281.5086488723755 17.683480626174074 0.4
175 283.5118372440338 18.168033642052567 0.4
176 285.5151059627533 17.92312425265791 0.4
177 287.5187842845917 17.121768373831774 0.4
179 289.5212094783783 16.93281975308642 0.4
180 291.52499628067017 17.316900199004976 0.4
181 293.5285611152649 16.21642060233559 0.4
182 295.53184390068054 17.103609807093964 0.4
183 297.5371205806732 17.95490322580645 0.4
184 299.5384855270386 18.227272808988765 0.4
185 301.5417912006378 18.630835056179777 0.4
186 303.5438313484192 16.74587770573566 0.4
188 305.54933071136475 16.910768847352024 0.4
189 307.5523488521576 17.04973698630137 0.4
190 309.5567150115967 15.938872808988764 0.4
191 311.5584661960602 17.81122811757348 0.4
192 313.56130170822144 17.46071617628802 0.4
193 315.56909942626953 16.4518365 0.4
194 317.568972826004 16.57585216957606 0.4
195 319.5703544616699 17.7676212 0.4
196 321.5749771595001 17.556348646288207 0.4
197 323.5767900943756 17.44484017445483 0.4
198 325.58079767227173 17.306486192259676 0.4
200 327.5848619937897 16.054577877652935 0.4
201 329.59091997146606 16.95441107922645 0.4
202 331.59068179130554 17.620278052434458 0.4
203 333.5935204029083 17.521972102308172 0.4
204 335.5973320007324 17.941973832709113 0.4
205 337.60125970840454 16.907127263619287 0.4
206 339.6038637161255 16.670180662914323 0.4
207 341.6077890396118 17.0001709 0.4
208 343.6113531589508 16.694731278852153 0.4
209 345.6144917011261 17.94903288114499 0.4
211 347.6174204349518 17.693665345043915 0.4
212 349.62391352653503 16.566270318949343 0.4
213 351.62388157844543 16.435780237351654 0.4
214 353.62950372695923 17.1167891661442 0.4
215 355.6329040527344 16.44778556803995 0.4
216 357.63515639305115 16.9544289 0.4
217 359.63762950897217 18.10833212273012 0.4
218 361.64267563819885 17.144513220762978 0.4
219 363.6539030075073 16.355299975031212 0.4
220 365.65012979507446 17.581990432060113 0.4
221 367.65409660339355 16.490791620947633 0.4
222 369.65568113327026 16.720016109384712 0.4
223 371.65936183929443 16.310891578290704 0.4
224 373.6646444797516 16.367648319800125 0.4
226 375.6678321361542 16.56746656679151 0.4
227 377.6706807613373 17.277683547782637 0.4
228 379.6795885562897 16.93926405996252 0.4
229 381.6819427013397 18.063144561403508 0.4
230 383.6827747821808 17.57079038798498 0.4
231 385.6848392486572 16.198198477854024 0.4
232 387.69026803970337 16.64014915254237 0.4
233 389.6925370693207 17.151537289194255 0.4
234 391.6962106227875 16.48547755305868 0.4
235 393.69743633270264 17.057276202373515 0.4
236 395.70331835746765 17.1852815 0.4
237 397.70536184310913 16.603382556390976 0.4
238 399.7075047492981 16.91201540963102 0.4
239 401.7111954689026 17.1795231 0.4
240 403.71589946746826 16.5597294073612 0.4
242 405.71799969673157 16.4017008478803 0.4
243 407.7231276035309 15.965667004323656 0.4
244 409.7274098396301 16.207680898876404 0.4
245 411.7292079925537 16.875190594121324 0.4
246 413.733106136322 16.783560375704447 0.4
247 415.73516035079956 16.055396754057426 0.4
248 417.7396159172058 16.937765992509362 0.4
249 419.7435054779053 15.121118499061915 0.4
250 421.74535155296326 15.586037153558053 0.4
251 423.7495346069336 16.192481402629934 0.4
252 425.75254797935486 15.769082446941324 0.4
253 427.7553286552429 17.090403890274313 0.4
254 429.76009607315063 15.730919900497511 0.4
255 431.7633318901062 16.879721621958826 0.4
256 433.7663176059723 16.17295370786517 0.4
257 435.77076292037964 16.897150324189525 0.4
258 437.77292466163635 17.48142877896055 0.4
259 439.77690076828003 16.51469576971214 0.4
260 441.7806341648102 16.762578388507183 0.4
261 443.7838804721832 16.84052896939413 0.4
262 445.7868776321411 16.423386400996264 0.4
263 447.7903690338135 16.285651574362163 0.4
264 449.7961850166321 15.436822341891046 0.4
265 451.79742193222046 16.537827872738614 0.4
266 453.8028802871704 16.790718899312072 0.4
267 455.8041961193085 16.663821791044775 0.4
268 457.80721783638 16.676429688667497 0.4
269 459.8106107711792 16.027467893101306 0.4
270 461.8163707256317 16.7842622 0.4
271 463.81907057762146 15.694936359102243 0.4
272 465.8212423324585 16.37999388471178 0.4
274 467.82403683662415 17.33731274092616 0.4
275 469.82725524902344 15.457384434728294 0.4
276 471.8310968875885 15.513040698254363 0.4
277 473.8353223800659 16.628781011867584 0.4
278 475.83914947509766 16.223208039702232 0.4
279 477.8444314002991 15.188013191755154 0.4
280 479.8453059196472 15.655393058676653 0.4
281 481.8487288951874 15.8999811 0.4
282 483.852746963501 17.502062088805502 0.4
283 485.85564279556274 15.832478008711886 0.4
284 487.85877561569214 16.567740337711072 0.4
285 489.86247968673706 16.24632125078174 0.4
286 491.8677966594696 15.769011567770145 0.4
287 493.86980628967285 17.024707588785045 0.4
288 495.8718252182007 16.292191362787804 0.4
289 497.87517738342285 15.587083437110834 0.4
290 499.8787455558777 15.910398305295951 0.4
291 501.88270902633667 16.809728240450845 0.4
292 503.88566970825195 16.472343314571606 0.4
293 505.88871479034424 15.719337813866332 0.4
294 507.89528465270996 16.485766196127422 0.4
295 509.8991515636444 18.118640099378883 0.4
296 511.904753446579 21.687466501854143 0.4
297 513.9079439640045 21.078968888888888 0.4
299 515.9120643138885 20.222317139334155 0.4
300 517.9112412929535 0.15572632895559724 0.4
300 519.9153025150299 0.14065614953271027 0.4
300 521.9190258979797 0.1420809993753904 0.4
300 523.923043012619 0.1437741822721598 0.4
300 525.9268543720245 0.14128310193871169 0.4
300 527.9305300712585 0.1434245596502186 0.4
300 529.9341924190521 0.1431756 0.4
300 531.9383356571198 0.1429538077403246 0.4
300 533.942102432251 0.14674117353308364 0.4
300 535.9458446502686 0.1443848811013767 0.4
300 537.9493165016174 0.17092112570356474 0.4
300 539.9526898860931 0.1704322798251093 0.4
300 541.956380367279 0.17100202373516554 0.4
300 543.9610121250153 0.17333010000000001 0.4
300 545.9645099639893 0.17395725343320848 0.4
300 547.9676380157471 0.16832170000000002 0.4
300 549.9710154533386 0.1675966562694947 0.4
300 551.9743354320526 0.17082429999999998 0.4
300 553.9777941703796 0.1740405 0.4
300 555.9806866645813 0.16768020012507817 0.4
300 557.983922958374 0.16841091364205257 0.4
300 559.9869656562805 0.17417715710723192 0.4
300 561.9902765750885 0.17653569557080476 0.4
300 563.99356341362 0.17001095684803003 0.4
300 565.9967761039734 0.17199138384470883 0.4
300 567.9998869895935 0.11160464709556527 0.4
300 570.0034883022308 0.16733055520898316 0.4
300 572.0070774555206 0.17112239700374532 0.4
300 574.0104146003723 0.1727222429906542 0.4
300 576.0142202377319 0.17608763568309418 0.4
300 578.0175154209137 0.17468866082603254 0.4
