0 1.0183467864990234 20.29511598531212 0.2
1 3.022618293762207 0.1653381 0.3
2 5.026386499404907 24.66265187032419 0.3
3 7.030689239501953 24.32790564102564 0.3
4 9.033991813659668 24.759779161976237 0.3
6 11.037596225738525 23.528006184538654 0.3
7 13.040523052215576 24.279965529265255 0.3
9 15.043866157531738 23.38209675810474 0.3
10 17.047230005264282 23.032981505911636 0.3
12 19.05110478401184 24.213428592870546 0.3
13 21.054732084274292 23.839531 0.3
14 23.057817697525024 23.683268614232208 0.3
16 25.06123971939087 23.304931090342677 0.3
17 27.06579089164734 23.046423511830636 0.3
19 29.068977117538452 22.628974155763242 0.3
20 31.07279872894287 22.44490344139651 0.3
21 33.076051473617554 22.52654753117207 0.3
23 35.080300092697144 22.178445430874145 0.3
24 37.084609270095825 21.795949217391307 0.3
26 39.08821988105774 23.28528951188986 0.3
27 41.09140753746033 11.250201871490955 0.4
27 43.09515309333801 12.873190600000001 0.4
28 45.098440170288086 23.435550037546935 0.4
30 47.10207653045654 22.115402420461635 0.4
31 49.10628628730774 22.02587687732342 0.4
32 51.11007118225098 23.656820523038604 0.4
34 53.113197326660156 21.6323422721598 0.4
35 55.11696767807007 22.409497711442786 0.4
36 57.12121081352234 21.37989830759728 0.4
38 59.12416219711304 21.11426449382716 0.4
39 61.131054401397705 20.923581416149066 0.4
40 63.13263988494873 21.3371598 0.4
42 65.13582158088684 21.023943781094527 0.4
43 67.14069747924805 20.574556426799006 0.4
44 69.14471077919006 21.866619 0.4
46 71.14883875846863 21.901276397748592 0.4
47 73.15106916427612 22.0528897 0.4
48 75.15602397918701 21.660879899874843 0.4
50 77.15986943244934 21.258861393034824 0.4
51 79.16377425193787 20.2131099377335 0.4
52 81.16535878181458 21.241694527363183 0.4
54 83.17010998725891 20.175593968847352 0.4
55 85.17274260520935 21.623367490636706 0.4
56 87.17635726928711 20.958063262764632 0.4
58 89.18027329444885 20.959997213930347 0.4
59 91.18348097801208 22.57113825436409 0.4
60 93.18764400482178 21.181071269543462 0.4
61 95.1910753250122 20.489819749373435 0.4
63 97.19535231590271 19.913295442092156 0.4
64 99.19798684120178 20.520950822942645 0.4
65 101.20150566101074 21.09591210986267 0.4
67 103.20472264289856 19.849228684863522 0.4
68 105.21218419075012 19.79900369913687 0.4
69 107.21292090415955 20.6723202946593 0.4
70 109.21694588661194 18.85998864898211 0.4
72 111.22403478622437 21.479232198757764 0.4
73 113.22446393966675 20.048932888064318 0.4
74 115.22863101959229 19.634777956656347 0.4
76 117.23109912872314 19.2783391 0.4
77 119.23478746414185 20.21929301627034 0.4
78 121.23909902572632 20.608441324172393 0.4
79 123.24127674102783 20.14924399002494 0.4
81 125.24554014205933 20.33083585518102 0.4
82 127.2485134601593 20.3608342 0.4
83 129.25215673446655 19.260899851116626 0.4
84 131.25859999656677 19.94988498450093 0.4
86 133.26490235328674 19.571676756756755 0.4
87 135.2731535434723 19.554653820433437 0.4
88 137.26788806915283 19.871911638837354 0.4
89 139.27546620368958 18.65460169154229 0.4
90 141.27500128746033 19.29757920294298 0.4
92 143.27897477149963 19.704202475247527 0.4
93 145.28368377685547 19.572685009253547 0.4
94 147.28886246681213 22.043520098400986 0.4
96 149.2931830883026 21.969548437884377 0.4
97 151.2955584526062 22.558022329020332 0.4
98 153.29864740371704 18.566567590881082 0.4
100 155.30336332321167 18.454940473225403 0.4
101 157.30512022972107 18.68397481574016 0.4
102 159.30880618095398 18.91675285892634 0.4
103 161.3124029636383 19.925066367601246 0.4
104 163.31665992736816 19.30397201748907 0.4
106 165.3205006122589 19.07775680598877 0.4
107 167.3226182460785 19.09693795511222 0.4
108 169.32668352127075 19.714413158878504 0.4
109 171.3300426006317 17.825670175438596 0.4
110 173.33255553245544 19.54539312929419 0.4
111 175.33944535255432 19.190217412935322 0.4
113 177.3402202129364 19.361922493765586 0.4
114 179.3429446220398 17.690287451713395 0.4
115 181.34616041183472 20.36609499689634 0.4
116 183.34977293014526 18.575084688279304 0.4
117 185.35323548316956 17.94719559724828 0.4
119 187.3566324710846 19.054209315068494 0.4
120 189.35880947113037 19.30895060587133 0.4
121 191.3632116317749 17.900671860174782 0.4
122 193.36760425567627 19.5793458302583 0.4
124 195.37131929397583 22.697177319332923 0.4
125 197.37407875061035 19.002577224642188 0.4
126 199.3763632774353 17.99246248905566 0.4
127 201.38443112373352 18.2238088 0.4
128 203.3835208415985 18.370805579078457 0.4
130 205.3881778717041 18.16850151758174 0.4
131 207.39079189300537 19.07993908529048 0.4
132 209.40181636810303 18.888381523341526 0.4
133 211.3991096019745 17.60006045991299 0.4
134 213.41050457954407 18.588785608994378 0.4
135 215.40913581848145 18.152069925187035 0.4
137 217.41198420524597 18.5374511 0.4
138 219.412939786911 18.701972966207762 0.4
139 221.41648626327515 18.45941813633521 0.4
140 223.42059516906738 18.230130626566414 0.4
141 225.4257128238678 17.405562846441946 0.4
143 227.42764973640442 22.59709130488559 0.4
144 229.43270802497864 22.166287543424318 0.4
145 231.43758392333984 22.3686407960199 0.4
147 233.43912363052368 20.930118535071387 0.4
148 235.4429407119751 21.95111306930693 0.4
149 237.44522166252136 22.580374658385093 0.4
151 239.44766187667847 22.772522613565652 0.4
152 241.45357370376587 22.75020334365325 0.4
153 243.45719957351685 21.83134792079208 0.4
155 245.45810103416443 20.367380223048325 0.4
156 247.463369846344 22.41078648447205 0.4
158 249.46530079841614 21.82028144099379 0.4
159 251.471853017807 18.584948414481897 0.4
160 253.47076272964478 17.049751205496563 0.4
161 255.4822735786438 18.051934017521905 0.4
162 257.4785602092743 18.183397293233085 0.4
163 259.4832990169525 17.924636195244055 0.4
164 261.4831531047821 18.82618633416459 0.4
165 263.4862394332886 17.37745908806996 0.4
167 265.49344062805176 17.71124084682441 0.4
168 267.4954082965851 18.79846998130841 0.4
169 269.4983515739441 17.982523880597014 0.4
170 271.5000455379486 17.365778254364088 0.4
171 273.50329756736755 17.107749213483146 0.4
172 275.50909662246704 17.21818743429287 0.4
173 277.51231575012207 17.967345028072366 0.4
174 279.5134971141815 18.253336135084428 0.4
176 281.5177023410797 17.992412127261385 0.4
177 283.52119064331055 16.933528777429466 0.4
178 285.52406191825867 17.987956554307118 0.4
179 287.52587366104126 18.37679341235184 0.4
180 289.531610250473 16.60113745454545 0.4
181 291.53305077552795 17.3570471 0.4
182 293.5347204208374 18.04970513429107 0.4
183 295.5390372276306 17.3099077 0.4
184 297.54400300979614 16.783017414116177 0.4
185 299.5464828014374 17.44712494073612 0.4
187 301.55175256729126 17.518250693316677 0.4
188 303.55728459358215 17.19349993777225 0.4
189 305.5631721019745 16.154598403990025 0.4
190 307.5604100227356 17.861014731585517 0.4
191 309.56775093078613 17.8442094073612 0.4
192 311.56705379486084 17.1927831 0.4
193 313.5701038837433 17.40060376793512 0.4
194 315.57139134407043 17.195067514018692 0.4
195 317.57661032676697 17.0076362819713 0.4
196 319.5784547328949 18.100876903870162 0.4
197 321.582017660141 16.681421699999998 0.4
199 323.58404088020325 16.986774665833853 0.4
200 325.58785581588745 17.17945773891318 0.4
201 327.59030294418335 16.69852490965732 0.4
202 329.59522891044617 17.089875937694703 0.4
203 331.59746050834656 16.167139650872816 0.4
204 333.6019673347473 17.846809411764706 0.4
205 335.6026725769043 18.08380399002494 0.4
206 337.6059398651123 17.919985118601748 0.4
207 339.6095714569092 17.203579340385815 0.4
208 341.6122782230377 16.903799950433704 0.4
209 343.61950278282166 16.293065502183406 0.4
210 345.6209909915924 16.212518775765147 0.4
211 347.6224591732025 15.660884394506866 0.4
213 349.6255865097046 16.9919134082397 0.4
214 351.6279489994049 17.256475613707163 0.4
215 353.6401650905609 16.053480049937576 0.4
216 355.63964462280273 16.613504759525295 0.4
217 357.6394627094269 17.026068222083595 0.4
218 359.64269185066223 16.460955907673114 0.4
219 361.6455249786377 16.373809469081824 0.4
220 363.65207409858704 17.24746066291432 0.4
221 365.65258598327637 18.233877420162806 0.4
222 367.65794563293457 15.498222645768026 0.4
223 369.67013025283813 15.877780325406759 0.4
224 371.66476583480835 18.53386509705698 0.4
225 373.6679861545563 16.525557820914212 0.4
227 375.67136812210083 17.078640250156347 0.4
228 377.67616963386536 21.22815142679128 0.4
229 379.6780619621277 22.7986364654636 0.4
230 381.6821403503418 19.5037202741433 0.4
232 383.6898920536041 20.494027726708076 0.4
233 385.6892161369324 22.643634074074072 0.4
235 387.6943075656891 21.53588745510836 0.4
236 389.69917273521423 22.335098838071694 0.4
237 391.7053883075714 21.113736972704714 0.4
239 393.70277762413025 21.31658935960591 0.4
240 395.7068123817444 21.715965784919653 0.4
241 397.70974493026733 21.264650633846156 0.4
243 399.7183892726898 21.53165049019608 0.4
244 401.7198214530945 22.341200098400986 0.4
245 403.7277591228485 22.283049210042865 0.4
247 405.7255687713623 21.733295172413793 0.4
248 407.7290816307068 21.955949294403894 0.4
249 409.7336075305939 21.402896960784314 0.4
251 411.73853850364685 21.655039411042946 0.4
252 413.7433092594147 21.532179349294044 0.4
253 415.74643754959106 21.569371992597162 0.4
255 417.75327610969543 21.874504528069096 0.4
256 419.75207710266113 21.75750335373317 0.4
258 421.75599479675293 21.698449740420273 0.4
259 423.76235365867615 22.574244827586206 0.4
260 425.76430082321167 21.521314825260575 0.4
262 427.76821970939636 21.43272522811344 0.4
263 429.77118968963623 21.69975433846154 0.4
264 431.7779698371887 20.28365246465888 0.4
265 433.78331089019775 17.076812525993883 0.4
266 435.7867205142975 14.901169651802077 0.4
267 437.79432439804077 15.904568823529411 0.4
268 439.8051655292511 15.149203097725875 0.4
269 441.79538130760193 16.41581447975078 0.4
270 443.7982232570648 15.952109457943925 0.4
271 445.80268359184265 16.628589426433916 0.4
272 447.80770206451416 14.739278148843027 0.4
273 449.8088867664337 15.177928603213845 0.4
274 451.81324338912964 14.872663867403316 0.4
275 453.8167655467987 15.975021991341992 0.4
276 455.82102131843567 16.680852572845627 0.4
278 457.8240795135498 16.194438865598027 0.4
279 459.82853078842163 16.07382843016069 0.4
280 461.8315079212189 16.07124976220275 0.4
281 463.83654499053955 16.168273052109182 0.4
282 465.85331749916077 16.704452753262895 0.4
283 467.84387135505676 16.375026433915213 0.4
284 469.84889698028564 15.38011791044776 0.4
285 471.8512408733368 16.11356280919826 0.4
286 473.8579058647156 16.234895880893298 0.4
287 475.8601450920105 15.827504180225283 0.4
288 477.8621633052826 15.817883568309421 0.4
289 479.86461305618286 16.911896687422168 0.4
290 481.86979603767395 17.083210872817954 0.4
291 483.87093567848206 16.33067417185554 0.4
292 485.8745970726013 15.847324632627647 0.4
293 487.87948846817017 15.527797240522062 0.4
294 489.88123083114624 15.718893474734871 0.4
295 491.88477063179016 15.300466300000002 0.4
296 493.8910517692566 15.104111147335422 0.4
297 495.89616799354553 15.651214818523155 0.4
298 497.8958053588867 16.227765393258426 0.4
299 499.89820098876953 15.390533599003737 0.4
300 501.90189146995544 11.626671950155764 0.4
300 503.9055349826813 0.1689438 0.4
300 505.90884041786194 0.16147955056179775 0.4
300 507.91224193573 0.1622242 0.4
300 509.9157609939575 0.16431410736579274 0.4
300 511.9194893836975 0.1627261922596754 0.4
300 513.9233887195587 0.1641868335419274 0.4
300 515.9267642498016 0.16262442078897932 0.4
300 517.9301822185516 0.16467118051217988 0.4
300 519.9335811138153 0.1613190024937656 0.4
300 521.9370839595795 0.16379995006242198 0.4
300 523.9403104782104 0.16796587867417134 0.4
300 525.9443783760071 0.16324919999999998 0.4
300 527.948323726654 0.1631585518102372 0.4
300 529.9516746997833 0.16294488110137673 0.4
300 531.9557530879974 0.16033558052434455 0.4
300 533.9589333534241 0.16014242197253434 0.4
300 535.9633021354675 0.16192670419011881 0.4
300 537.967200756073 0.16156978111319575 0.4
300 539.9709038734436 0.16071105559025609 0.4
300 541.9745664596558 0.1622152 0.4
300 543.977915763855 0.15992464129756706 0.4
300 545.981528043747 0.16229250155957578 0.4
300 547.9845931529999 0.16127361197754211 0.4
300 549.988011598587 0.1592253841349157 0.4
300 551.9913687705994 0.16444282323547782 0.4
300 553.9952342510223 0.16810416510318948 0.4
300 555.9985172748566 0.16411979999999998 0.4
300 558.0023002624512 0.1634506 0.4
300 560.0057590007782 0.16091783177570093 0.4
300 562.0095558166504 0.1622459775840598 0.4
300 564.0136919021606 0.1638919675202998 0.4
300 566.0177230834961 0.15932032479700187 0.4
300 568.0213675498962 0.1597377 0.4
300 570.026059627533 0.1640357 0.4
300 572.0298216342926 0.16175261384903308 0.4
300 574.0342118740082 0.1563398123827392 0.4
300 576.0378310680389 0.14740933083176985 0.4
300 578.0422534942627 0.14300656269494696 0.4
300 580.0461912155151 0.14415040599625234 0.4
300 582.0498421192169 0.1420857963772642 0.4
300 584.0537302494049 0.1468996631316282 0.4
300 586.0574140548706 0.13812181705040447 0.4
300 588.0615801811218 0.1598608 0.4
300 590.0652606487274 0.14441330841121494 0.4
300 592.0691013336182 0.14790605871330417 0.4
300 594.0727913379669 0.1421794621638524 0.4
300 596.0763895511627 0.14058260761072988 0.4
300 598.0803391933441 0.14086661672908865 0.4
300 600.0841417312622 0.1586896189881324 0.4
300 602.088356256485 0.14906859638178416 0.4
300 604.0922694206238 0.1521084 0.4
300 606.0970060825348 0.14985763897564022 0.4
300 608.1005079746246 0.14558968710888612 0.4
300 610.1041572093964 0.14484435544430538 0.4
300 612.108195066452 0.1419483 0.4
300 614.1122553348541 0.1478663 0.4
300 616.1161935329437 0.1442494440974391 0.4
300 618.1198947429657 0.1372305 0.4
300 620.123298406601 0.1415565 0.4
300 622.127167224884 0.1412661 0.4
300 624.1309154033661 0.1589745181476846 0.4
300 626.1342902183533 0.16713940000000002 0.4
300 628.1375505924225 0.16403537788881947 0.4
300 630.1406879425049 0.1626981818181818 0.4
300 632.1444642543793 0.1902782478097622 0.4
300 634.1481337547302 0.1922919875389408 0.4
300 636.1526489257812 0.18511221945137157 0.4
300 638.156238079071 0.1658450936329588 0.4
300 640.1614480018616 0.16128009975062343 0.4
300 642.1652731895447 0.18311425030978934 0.4
300 644.1690998077393 0.16310240993788822 0.4
300 646.1734945774078 0.15938996254681648 0.4
300 648.1773219108582 0.16203282948157402 0.4
300 650.1812789440155 0.19392877805486283 0.4
300 652.1853885650635 0.1809956554307116 0.4
300 654.1892459392548 0.15955577763897563 0.4
300 656.1941652297974 0.19911291902071562 0.4
300 658.1984503269196 0.1729919003115265 0.4
300 660.2033636569977 0.1651456199376947 0.4
300 662.2075726985931 0.16611872738615097 0.4
300 664.2115299701691 0.18765016270337923 0.4
300 666.2154953479767 0.1824531339563863 0.4
300 668.2194287776947 0.15977793878825733 0.4
300 670.2230324745178 0.14661605985037407 0.4
300 672.2275948524475 0.1608877354959451 0.4
300 674.2314467430115 0.1619388589341693 0.4
300 676.2352724075317 0.16684265015479877 0.4
300 678.2392041683197 0.16680205642633228 0.4
300 680.2434186935425 0.16399512437810945 0.4
300 682.2475271224976 0.1629737 0.4
300 684.2518999576569 0.1622668335419274 0.4
300 686.2557520866394 0.16499510254816657 0.4
300 688.2602190971375 0.18615840597758407 0.4
300 690.2639038562775 0.1363155944931164 0.4
300 692.2674441337585 0.15998225563909774 0.4
300 694.2715044021606 0.18334860712054965 0.4
300 696.2750537395477 0.16294924327704816 0.4
300 698.2795550823212 0.1350347066167291 0.4
300 700.2834479808807 0.18370413965087282 0.4
300 702.2874233722687 0.165127680798005 0.4
300 704.292074918747 0.1613279700187383 0.4
300 706.2964551448822 0.13963066167290888 0.4
300 708.3004455566406 0.1561449 0.4
300 710.3039622306824 0.13938825297432686 0.4
300 712.3077311515808 0.13925726420986884 0.4
300 714.3116819858551 0.14132216822429908 0.4
300 716.3157877922058 0.161617855361596 0.4
300 718.3198294639587 0.1491085143570537 0.4
300 720.3232939243317 0.15583580524344567 0.4
300 722.3273711204529 0.16160551033187226 0.4
300 724.3304665088654 0.1424301 0.4
300 726.3346629142761 0.142018177278402 0.4
300 728.3382530212402 0.1599043196004994 0.4
300 730.3419060707092 0.15138848219862586 0.4
300 732.3458936214447 0.161774581772784 0.4
300 734.3497929573059 0.14163495630461923 0.4
300 736.3532004356384 0.1438499937539038 0.4
300 738.3578045368195 0.13862258265751717 0.4
300 740.361102104187 0.1378615365396627 0.4
300 742.364999294281 0.13738293566520923 0.4
300 744.3689570426941 0.1550675171982489 0.4
300 746.3729023933411 0.13835314142678348 0.4
300 748.3767156600952 0.16045006257822278 0.4
300 750.3799707889557 0.14040364772017488 0.4
300 752.3833978176117 0.1382283 0.4
300 754.3880970478058 0.13608759051186017 0.4
300 756.3912353515625 0.1373106 0.4
300 758.3945684432983 0.14366398999374608 0.4
300 760.3982002735138 0.14168234853216738 0.4
300 762.4012997150421 0.1343701186758276 0.4
300 764.4048779010773 0.1363558672510958 0.4
300 766.4082882404327 0.14738057428214732 0.4
300 768.4116842746735 0.13658853566958698 0.4
300 770.4148359298706 0.13510405996252342 0.4
300 772.4186968803406 0.13606058640049906 0.4
300 774.4223182201385 0.1357216219588272 0.4
300 776.4255723953247 0.13993440000000001 0.4
300 778.4295001029968 0.13787452841973766 0.4
300 780.4328463077545 0.1425943214509068 0.4
300 782.4361925125122 0.13569110694183867 0.4
300 784.4398813247681 0.13520520650813517 0.4
300 786.4429926872253 0.13547357098186366 0.4
300 788.4462461471558 0.1332539 0.4
300 790.4495487213135 0.13519529411764705 0.4
300 792.4525754451752 0.1558350031230481 0.4
300 794.456286907196 0.1344 0.4
300 796.4597735404968 0.1386588764044944 0.4
300 798.4636104106903 0.1580121847690387 0.4
300 800.4670433998108 0.13726668335419273 0.4
300 802.4703986644745 0.13758021236727047 0.4
300 804.4740841388702 0.160274556803995 0.4
300 806.4782538414001 0.13798037359900373 0.4
300 808.4818937778473 0.1375509 0.4
300 810.4853479862213 0.1430787515605493 0.4
300 812.4892604351044 0.13938456928838952 0.4
300 814.4931364059448 0.13945753903810118 0.4
300 816.4970984458923 0.14545260787992495 0.4
300 818.5003440380096 0.13815334584115072 0.4
300 820.503924369812 0.1381672545340838 0.4
300 822.5072939395905 0.13545766103814882 0.4
300 824.5104565620422 0.13691664580725907 0.4
300 826.514217376709 0.13628154806491885 0.4
300 828.5180916786194 0.14770432398753894 0.4
300 830.5213794708252 0.140070911360799 0.4
300 832.5253767967224 0.13876751091703057 0.4
300 834.5288937091827 0.13762101313320824 0.4
300 836.5327305793762 0.13646680824484697 0.4
300 838.5362808704376 0.1399796 0.4
300 840.5396087169647 0.1436224280350438 0.4
300 842.5437369346619 0.14558468085106382 0.4
300 844.5469462871552 0.1391336170212766 0.4
300 846.5502693653107 0.13518889305816137 0.4
300 848.5539765357971 0.1357258713304185 0.4
300 850.5572474002838 0.1352373466833542 0.4
300 852.5603513717651 0.13746161350844277 0.4
300 854.5654110908508 0.16879739511584219 0.4
300 856.5694761276245 0.1393193254216115 0.4
300 858.5728933811188 0.13791179487179486 0.4
300 860.5758540630341 0.13576610763454316 0.4
300 862.5788292884827 0.13706766729205752 0.4
300 864.5829000473022 0.1541061 0.4
300 866.5865249633789 0.1373426174076393 0.4
300 868.5896048545837 0.1373897 0.4
300 870.592892408371 0.13679420362273578 0.4
300 872.5960040092468 0.1391281449094316 0.4
300 874.6003940105438 0.13731749999999998 0.4
300 876.6043765544891 0.1395046288209607 0.4
300 878.6078288555145 0.13998489055659788 0.4
300 880.6111497879028 0.13990106183635226 0.4
300 882.6149935722351 0.1355828392745466 0.4
300 884.6183109283447 0.1388705 0.4
300 886.6217787265778 0.1448476 0.4
300 888.6247465610504 0.1386381 0.4
300 890.627779006958 0.1375078 0.4
300 892.6309404373169 0.13660838023764854 0.4
300 894.6344850063324 0.14140137585991244 0.4
300 896.6380228996277 0.13914823235477827 0.4
300 898.6409449577332 0.1409714928169894 0.4
300 900.6444623470306 0.14103639549436797 0.4
300 902.6483068466187 0.1388283 0.4
300 904.6515874862671 0.13635171982489055 0.4
300 906.655193567276 0.1391141536539663 0.4
300 908.660085439682 0.13807570268582137 0.4
300 910.6638445854187 0.14139757953836557 0.4
300 912.667044878006 0.1383129912390488 0.4
300 914.6708328723907 0.1404433 0.4
300 916.6744120121002 0.1449919 0.4
300 918.677661895752 0.1419572534332085 0.4
300 920.6808898448944 0.1419569230769231 0.4
300 922.6842715740204 0.1374949 0.4
300 924.6877405643463 0.159770112640801 0.4
300 926.6905853748322 0.13765303314571606 0.4
300 928.694278717041 0.1391786733416771 0.4
300 930.6978554725647 0.13761329169269207 0.4
300 932.7011380195618 0.1364516531503431 0.4
300 934.7049040794373 0.1446253 0.4
300 936.7088131904602 0.1445351 0.4
300 938.7120294570923 0.1402599 0.4
300 940.7163233757019 0.1397323690773067 0.4
300 942.7204792499542 0.1424342 0.4
300 944.7237157821655 0.13865756097560974 0.4
300 946.7276980876923 0.1460470794246404 0.4
300 948.7311353683472 0.1449269413233458 0.4
300 950.7339053153992 0.1471955084217093 0.4
300 952.7377293109894 0.1390874406991261 0.4
300 954.7412512302399 0.1440085839051778 0.4
300 956.7449927330017 0.16053246558197748 0.4
300 958.7488451004028 0.15282491557223266 0.4
300 960.7518520355225 0.14108662086196128 0.4
300 962.7556040287018 0.13894386008744536 0.4
300 964.7591536045074 0.1399451371571072 0.4
300 966.7625744342804 0.1411928 0.4
300 968.7658514976501 0.13626157303370787 0.4
300 970.7688941955566 0.13583620237351654 0.4
300 972.7723917961121 0.13389651467832603 0.4
300 974.777170419693 0.13503970037453183 0.4
300 976.7806212902069 0.13771445692883896 0.4
300 978.7839846611023 0.13679579737335834 0.4
300 980.7870662212372 0.1345964 0.4
300 982.790340423584 0.13629451592754527 0.4
300 984.7946174144745 0.15895324577861164 0.4
300 986.7978563308716 0.14009887640449437 0.4
300 988.8015332221985 0.09553480925578486 0.4
300 990.8044328689575 0.1357932584269663 0.4
300 992.8073945045471 0.1339120099875156 0.4
300 994.8113842010498 0.15634678326046222 0.4
300 996.8145270347595 0.135437 0.4
300 998.8179175853729 0.13715977514053718 0.4
300 1000.8218050003052 0.1371332 0.4
300 1002.8259406089783 0.13354823235477825 0.4
300 1004.8288881778717 0.13951379224030036 0.4
300 1006.8324887752533 0.13771217010631645 0.4
300 1008.8365728855133 0.13748035043804754 0.4
300 1010.8396859169006 0.1346196 0.4
300 1012.8429913520813 0.133862 0.4
300 1014.8468480110168 0.17927535290443472 0.4
300 1016.8501057624817 0.1356143 0.4
300 1018.8531901836395 0.14075113054341037 0.4
300 1020.8567054271698 0.1415494 0.4
300 1022.8601224422455 0.13603020000000002 0.4
300 1024.8638007640839 0.1608766 0.4
300 1026.8671326637268 0.13836205256570713 0.4
300 1028.8705649375916 0.1598041551939925 0.4
300 1030.8736863136292 0.14083563318777292 0.4
300 1032.8768103122711 0.13475740648379053 0.4
300 1034.8802638053894 0.1385889 0.4
300 1036.8834564685822 0.1355687695190506 0.4
300 1038.886842250824 0.13372255319148937 0.4
300 1040.8904511928558 0.13289034353529044 0.4
300 1042.8934106826782 0.13255320848938826 0.4
300 1044.8982629776 0.15665167810355582 0.4
300 1046.9017627239227 0.13647489999999998 0.4
300 1048.904932975769 0.13403582760774516 0.4
300 1050.9082634449005 0.13506077403245945 0.4
300 1052.9115827083588 0.14363972517176765 0.4
300 1054.9153106212616 0.1570335 0.4
300 1056.9183278083801 0.13470451935081149 0.4
300 1058.9218425750732 0.13497345841150718 0.4
300 1060.9249529838562 0.13511289111389238 0.4
300 1062.928145647049 0.14077388367729832 0.4
300 1064.9314172267914 0.13460162195882722 0.4
300 1066.934718132019 0.1376823485321674 0.4
300 1068.9383881092072 0.13969 0.4
300 1070.941721200943 0.13920429731417863 0.4
300 1072.945149898529 0.13799979999999998 0.4
300 1074.9483783245087 0.1368377 0.4
300 1076.9515821933746 0.1427767290886392 0.4
300 1078.9561531543732 0.1520472 0.4
300 1080.959258556366 0.13961068664169787 0.4
300 1082.9626486301422 0.13485627414330217 0.4
300 1084.9654755592346 0.16450088694565898 0.4
300 1086.9688501358032 0.13493687344913152 0.4
300 1088.971872329712 0.1346985134291068 0.4
300 1090.9767575263977 0.1667117155333749 0.4
300 1092.9799025058746 0.1347731328320802 0.4
300 1094.9832746982574 0.13464359550561797 0.4
300 1096.986165046692 0.1348959 0.4
300 1098.9891729354858 0.13555119999999998 0.4
300 1100.9923055171967 0.13662186599874765 0.4
300 1102.9954714775085 0.1368989 0.4
300 1104.998914718628 0.15525713570981864 0.4
300 1107.0018849372864 0.13273836963285626 0.4
300 1109.005150794983 0.14169216957605985 0.4
300 1111.0085315704346 0.1369619 0.4
300 1113.011947631836 0.1353009 0.4
300 1115.0166816711426 0.15695950062421973 0.4
300 1117.0205674171448 0.1361824 0.4
300 1119.0236530303955 0.1349481425891182 0.4
300 1121.0270190238953 0.13571915106117355 0.4
300 1123.0302855968475 0.13218590000000002 0.4
300 1125.0344281196594 0.1321368 0.4
300 1127.0380086898804 0.1382587297633873 0.4
300 1129.0411546230316 0.1317198750780762 0.4
300 1131.0446736812592 0.13447565814098567 0.4
300 1133.0480756759644 0.1357226 0.4
300 1135.0509839057922 0.14080219862585885 0.4
300 1137.0543599128723 0.1345531914893617 0.4
300 1139.0576722621918 0.13464245153220764 0.4
300 1141.0609347820282 0.13310769230769232 0.4
300 1143.0641343593597 0.1329345 0.4
300 1145.0677630901337 0.13192379525593007 0.4
300 1147.0713348388672 0.132184 0.4
300 1149.0756921768188 0.13438931335830212 0.4
300 1151.0790503025055 0.1371381 0.4
300 1153.0825221538544 0.13616459712679574 0.4
300 1155.0862262248993 0.13674850000000002 0.4
300 1157.0894498825073 0.13543554721701065 0.4
300 1159.0926849842072 0.1378616 0.4
300 1161.096356868744 0.13474668332292317 0.4
300 1163.100342988968 0.13599589743589743 0.4
300 1165.1037838459015 0.14147994993742177 0.4
300 1167.1072072982788 0.13613405134627427 0.4
300 1169.1102814674377 0.1353068 0.4
300 1171.1137535572052 0.1491485821361649 0.4
300 1173.117514371872 0.1471814232209738 0.4
300 1175.121110200882 0.1587889430894309 0.4
300 1177.1252896785736 0.135391480324797 0.4
300 1179.128526210785 0.1353489 0.4
300 1181.1318361759186 0.14035967520299814 0.4
300 1183.1363832950592 0.13945747815230963 0.4
300 1185.1401643753052 0.1394795 0.4
300 1187.143790960312 0.139721351689612 0.4
300 1189.1476635932922 0.13587935081148564 0.4
300 1191.1507608890533 0.1387412 0.4
300 1193.1543357372284 0.14370288569643971 0.4
300 1195.1575088500977 0.1487011617738913 0.4
300 1197.16104221344 0.1359782 0.4
300 1199.164110660553 0.13483465667915107 0.4
300 1201.1674058437347 0.13515677298311443 0.4
300 1203.1708097457886 0.13550470955652716 0.4
300 1205.1742417812347 0.13484364544319602 0.4
300 1207.1777651309967 0.13641274203622736 0.4
300 1209.1806659698486 0.1350583 0.4
300 1211.1842968463898 0.13542554096310194 0.4
300 1213.1876027584076 0.1388462366938009 0.4
300 1215.1912846565247 0.1351034 0.4
300 1217.195588350296 0.1382580886945659 0.4
300 1219.198801279068 0.1351195497185741 0.4
300 1221.2021508216858 0.1345535 0.4
300 1223.205703496933 0.13624769038701623 0.4
300 1225.2095313072205 0.13953379138038727 0.4
300 1227.2135255336761 0.1345314357053683 0.4
300 1229.2172281742096 0.13405540000000002 0.4
300 1231.2205255031586 0.13493173533083647 0.4
300 1233.2239027023315 0.13525826358525922 0.4
300 1235.2281231880188 0.15785354153653966 0.4
300 1237.2314202785492 0.1360172891942536 0.4
300 1239.234854221344 0.1358047 0.4
300 1241.2381477355957 0.1344862460961899 0.4
300 1243.241945028305 0.13540933083176987 0.4
300 1245.245578289032 0.1599049 0.4
300 1247.2487528324127 0.13835013767209012 0.4
300 1249.2519083023071 0.1358111639549437 0.4
300 1251.2550854682922 0.14103749999999998 0.4
300 1253.2587912082672 0.14726645846346034 0.4
300 1255.2622961997986 0.13686725796377266 0.4
300 1257.2661423683167 0.13652497189256713 0.4
300 1259.2694635391235 0.13635367895065584 0.4
300 1261.2728383541107 0.13844394506866417 0.4
300 1263.2757971286774 0.13680590368980614 0.4
300 1265.2798330783844 0.1654063789868668 0.4
300 1267.2853276729584 0.16541119999999998 0.4
300 1269.2906713485718 0.16890306441525954 0.4
300 1271.2959365844727 0.17239820448877805 0.4
300 1273.3014917373657 0.18522506566604127 0.4
300 1275.3058154582977 0.16937736085053157 0.4
300 1277.311059474945 0.18064781465247337 0.4
300 1279.3160469532013 0.1843958 0.4
300 1281.3210847377777 0.1648874906367041 0.4
300 1283.3255505561829 0.16612514357053684 0.4
300 1285.3301005363464 0.14507420000000001 0.4
300 1287.333257675171 0.13303249061326658 0.4
300 1289.336810350418 0.15753075672295186 0.4
300 1291.3399369716644 0.13841241551939926 0.4
300 1293.3430449962616 0.14701391630231106 0.4
300 1295.3469471931458 0.1391901 0.4
300 1297.3499116897583 0.1312491 0.4
300 1299.353636264801 0.13208499375780275 0.4
300 1301.356758594513 0.1328451 0.4
300 1303.3599288463593 0.13435735330836454 0.4
300 1305.3636829853058 0.1592671161048689 0.4
300 1307.3666768074036 0.1373066 0.4
300 1309.3700847625732 0.1347689305816135 0.4
300 1311.3730564117432 0.1339764705882353 0.4
300 1313.376736164093 0.1374599 0.4
300 1315.379834651947 0.1346706 0.4
300 1317.3828699588776 0.13367900124843943 0.4
300 1319.387130498886 0.13682933667083855 0.4
300 1321.390517950058 0.1369971072319202 0.4
300 1323.393700838089 0.1371602 0.4
300 1325.39723610878 0.13460557151780136 0.4
300 1327.4001739025116 0.1350853 0.4
300 1329.4034214019775 0.13316677076826983 0.4
300 1331.4063889980316 0.13467835616438356 0.4
300 1333.409700870514 0.13594900000000001 0.4
300 1335.4131801128387 0.1328962 0.4
300 1337.416487455368 0.13330821763602252 0.4
300 1339.419926404953 0.13220850904553963 0.4
300 1341.4233067035675 0.1369147 0.4
300 1343.4272377490997 0.1342467 0.4
300 1345.430495262146 0.1359971 0.4
300 1347.4337203502655 0.13259680000000001 0.4
300 1349.4370760917664 0.0035031210986267163 0.4
300 1351.4408195018768 0.13941050000000002 0.4
300 1353.445144891739 0.16941795511221944 0.4
300 1355.4493851661682 0.1768807 0.4
300 1357.4524402618408 0.14324645807259073 0.4
300 1359.456235408783 0.13682132665832292 0.4
300 1361.4590694904327 0.1338960700876095 0.4
300 1363.462592124939 0.1331497 0.4
300 1365.4662959575653 0.14153224234853215 0.4
300 1367.4695980548859 0.1392592 0.4
300 1369.4726996421814 0.1308655 0.4
300 1371.4757928848267 0.13303755153029356 0.4
300 1373.4797129631042 0.13257245778611632 0.4
300 1375.4831466674805 0.1317096629213483 0.4
300 1377.4867622852325 0.13213741411617738 0.4
300 1379.4899055957794 0.1340101872659176 0.4
300 1381.4930255413055 0.1324470794246404 0.4
300 1383.496526002884 0.1319969981238274 0.4
300 1385.4995746612549 0.13130202753441803 0.4
300 1387.5054082870483 0.11361571964956195 0.4
300 1389.509071111679 0.1317741 0.4
300 1391.5123045444489 0.13791869918699187 0.4
300 1393.5155184268951 0.13866863210493444 0.4
300 1395.5192532539368 0.13112390000000002 0.4
300 1397.5226488113403 0.13108224719101125 0.4
300 1399.5260326862335 0.1350742 0.4
300 1401.529143333435 0.13162666666666667 0.4
300 1403.5327997207642 0.13163800995024877 0.4
300 1405.536455631256 0.15319148936170213 0.4
300 1407.5401699543 0.1356316395494368 0.4
300 1409.5440740585327 0.1343049 0.4
300 1411.5477228164673 0.1450174358974359 0.4
300 1413.5511403083801 0.13578683291770574 0.4
300 1415.5551161766052 0.1545875827607745 0.4
300 1417.5583159923553 0.1325258713304185 0.4
300 1419.562376499176 0.13782164588528678 0.4
300 1421.5665638446808 0.15682475358702433 0.4
300 1423.5697042942047 0.13558330000000002 0.4
300 1425.5736365318298 0.13751740324594255 0.4
300 1427.5770456790924 0.13388556456643794 0.4
300 1429.5805683135986 0.14923299378881988 0.4
300 1431.5836172103882 0.1381911 0.4
300 1433.5873951911926 0.13723897435897436 0.4
300 1435.5909309387207 0.1342838 0.4
300 1437.5944964885712 0.13561440000000002 0.4
300 1439.5977001190186 0.13435245942571783 0.4
300 1441.6011226177216 0.13604000000000002 0.4
300 1443.604505777359 0.1333903 0.4
300 1445.6077480316162 0.1349823 0.4
300 1447.6112763881683 0.1340992759051186 0.4
300 1449.6144053936005 0.1320909 0.4
300 1451.6181185245514 0.1342488 0.4
300 1453.6215059757233 0.1345944 0.4
300 1455.6261847019196 0.1341346 0.4
300 1457.629294872284 0.1374729 0.4
300 1459.6330053806305 0.13430541822721598 0.4
300 1461.6365551948547 0.134384 0.4
300 1463.640149116516 0.13313556109725685 0.4
300 1465.644168138504 0.15327649999999998 0.4
300 1467.648428440094 0.13702253908692935 0.4
300 1469.651728630066 0.1376229143214509 0.4
300 1471.6553356647491 0.14254028767979987 0.4
300 1473.6587522029877 0.13833938634940512 0.4
300 1475.6630566120148 0.15894196127420362 0.4
300 1477.666818857193 0.1374467 0.4
300 1479.6702735424042 0.13812664169787764 0.4
300 1481.6743352413177 0.1509001 0.4
300 1483.6774907112122 0.13713359150530918 0.4
300 1485.6815423965454 0.13670282147315854 0.4
300 1487.684630393982 0.1386555402873204 0.4
300 1489.6891431808472 0.1387964 0.4
300 1491.692415714264 0.13801274203622735 0.4
300 1493.6963346004486 0.13978453066332916 0.4
300 1495.6997578144073 0.13503500312304811 0.4
300 1497.703016757965 0.13520230287859825 0.4
300 1499.706258058548 0.1376712 0.4
300 1501.709932565689 0.13653882646691634 0.4
300 1503.7147192955017 0.13769497808390732 0.4
300 1505.719809770584 0.18377903810118676 0.4
300 1507.7249553203583 0.1691522 0.4
300 1509.7304332256317 0.1644234 0.4
300 1511.7354028224945 0.16286609130706692 0.4
300 1513.7389266490936 0.1336663829787234 0.4
300 1515.7431766986847 0.13447435352904435 0.4
300 1517.746516942978 0.1372848060075094 0.4
300 1519.750478029251 0.13447535290443474 0.4
300 1521.7551686763763 0.13567280449718924 0.4
300 1523.7586452960968 0.13736694565896315 0.4
300 1525.7622616291046 0.15366604127579736 0.4
300 1527.7657089233398 0.13714368519675205 0.4
300 1529.7690060138702 0.13473781113195746 0.4
300 1531.7725780010223 0.13859031894934334 0.4
300 1533.776549577713 0.13914162703379224 0.4
300 1535.7801620960236 0.13530906367041198 0.4
300 1537.7833688259125 0.13986188632104934 0.4
300 1539.7875776290894 0.13669073170731708 0.4
300 1541.7908473014832 0.13500811992504685 0.4
300 1543.7944605350494 0.1349952 0.4
300 1545.7977957725525 0.13369298377028715 0.4
300 1547.8015110492706 0.1357352380952381 0.4
300 1549.804815530777 0.1344753 0.4
300 1551.8084955215454 0.1334749436795995 0.4
300 1553.811631679535 0.13655263619286162 0.4
300 1555.8167247772217 0.13765942571785267 0.4
300 1557.8204672336578 0.13480199999999998 0.4
300 1559.8241605758667 0.13706207240948814 0.4
300 1561.8277702331543 0.1351356803995006 0.4
300 1563.8308091163635 0.1348481602002503 0.4
300 1565.834573507309 0.13345336658354115 0.4
300 1567.8382396697998 0.13533518449030643 0.4
300 1569.8415670394897 0.1407811 0.4
300 1571.844919681549 0.13583310430980636 0.4
300 1573.8480942249298 0.1353875827607745 0.4
300 1575.8518414497375 0.13315241895261845 0.4
300 1577.8550193309784 0.1348600875547217 0.4
300 1579.858383655548 0.1367743160524672 0.4
300 1581.862024307251 0.13555096129837702 0.4
300 1583.8653206825256 0.13447835103060587 0.4
300 1585.8691720962524 0.15183320848938825 0.4
300 1587.8726975917816 0.13325508442776737 0.4
300 1589.8774390220642 0.15533241723922547 0.4
300 1591.8810946941376 0.1326847 0.4
300 1593.884548664093 0.13881818409517846 0.4
300 1595.8886666297913 0.16118276077451593 0.4
300 1597.8922500610352 0.13448339575530588 0.4
300 1599.8951652050018 0.13503261384903306 0.4
300 1601.8985974788666 0.13687125546533419 0.4
300 1603.9027404785156 0.13431131086142323 0.4
300 1605.9069600105286 0.13984789013732835 0.4
300 1607.9105112552643 0.1363716354556804 0.4
300 1609.9139671325684 0.13556114856429463 0.4
300 1611.9178693294525 0.14079950093574548 0.4
300 1613.9211614131927 0.1350412 0.4
300 1615.924957036972 0.13436237055520897 0.4
300 1617.927945613861 0.13514786741713572 0.4
300 1619.9314880371094 0.14135124452782988 0.4
300 1621.9349431991577 0.13972986883198002 0.4
300 1623.9385466575623 0.14027600997506234 0.4
300 1625.9423668384552 0.1386746716697936 0.4
300 1627.9458696842194 0.13576794503435352 0.4
300 1629.9491724967957 0.1360331 0.4
300 1631.9525482654572 0.13808479700187382 0.4
300 1633.9562981128693 0.1348729044347283 0.4
300 1635.9595847129822 0.13458948157401623 0.4
300 1637.9627678394318 0.13631369606003754 0.4
300 1639.9658575057983 0.13388514357053682 0.4
300 1641.9694921970367 0.1337243222985634 0.4
300 1643.9729058742523 0.13508572858036272 0.4
300 1645.9761881828308 0.1396216729088639 0.4
300 1647.9797286987305 0.1355813 0.4
300 1649.983746767044 0.13942645846346033 0.4
300 1651.9872183799744 0.1358569 0.4
300 1653.9915635585785 0.13804392254840725 0.4
300 1655.9955236911774 0.1554164 0.4
300 1658.0000476837158 0.1382545090681676 0.4
300 1660.0034718513489 0.14017666874610107 0.4
300 1662.0069584846497 0.135506 0.4
300 1664.0103385448456 0.133979837398374 0.4
300 1666.0141780376434 0.1551228927680798 0.4
300 1668.0184597969055 0.13563582760774517 0.4
300 1670.0216512680054 0.13682760000000002 0.4
300 1672.0254201889038 0.13580855895196509 0.4
300 1674.0289130210876 0.13673677902621723 0.4
300 1676.0321877002716 0.13615529706066293 0.4
300 1678.0358107089996 0.13560874453466584 0.4
300 1680.0391702651978 0.13684378209142142 0.4
300 1682.0423576831818 0.136708157401624 0.4
300 1684.0462028980255 0.13486399999999998 0.4
300 1686.049682378769 0.1335183042394015 0.4
300 1688.0527625083923 0.13718812773951158 0.4
300 1690.056540966034 0.13828607120549657 0.4
300 1692.060311794281 0.1435623 0.4
300 1694.0638115406036 0.13713961225766103 0.4
300 1696.0672843456268 0.13471269086357948 0.4
300 1698.070526599884 0.13355186017478152 0.4
300 1700.074232339859 0.1342692634207241 0.4
300 1702.077541589737 0.1363368105065666 0.4
300 1704.081158876419 0.1363856179775281 0.4
300 1706.0847618579865 0.13876467207995002 0.4
300 1708.089109659195 0.13332332707942465 0.4
300 1710.092033147812 0.1375851 0.4
300 1712.095802783966 0.1422476047529706 0.4
300 1714.099713563919 0.14432480300187617 0.4
300 1716.1038892269135 0.15671276356830943 0.4
300 1718.1070013046265 0.13534829268292684 0.4
300 1720.1105654239655 0.1333882 0.4
300 1722.1138331890106 0.13767225484072457 0.4
300 1724.1176245212555 0.13347795255930087 0.4
300 1726.1229002475739 0.15830738423028787 0.4
300 1728.1263270378113 0.13469568480300187 0.4
300 1730.1295340061188 0.13209344159900063 0.4
300 1732.1329424381256 0.13277768605378362 0.4
300 1734.1363291740417 0.1359059 0.4
300 1736.1401455402374 0.1320602493765586 0.4
300 1738.143116235733 0.12961448189762798 0.4
300 1740.1465911865234 0.13011509999999998 0.4
300 1742.1500570774078 0.13259837398373983 0.4
300 1744.1534237861633 0.13300742964352721 0.4
300 1746.1564042568207 0.13096304809494067 0.4
300 1748.1593012809753 0.1316903740648379 0.4
300 1750.1630697250366 0.13042105263157894 0.4
300 1752.1661400794983 0.1327074843554443 0.4
300 1754.1697626113892 0.129954556803995 0.4
300 1756.1733837127686 0.13136941176470587 0.4
300 1758.1769604682922 0.1595623 0.4
300 1760.1806457042694 0.1310778 0.4
300 1762.184475660324 0.13317150343106673 0.4
300 1764.1877963542938 0.13562416978776531 0.4
300 1766.1913871765137 0.1355106941838649 0.4
300 1768.1943747997284 0.13062444027517198 0.4
300 1770.1979248523712 0.1303491317926296 0.4
300 1772.2011818885803 0.1403171036204744 0.4
300 1774.2046024799347 0.13193713928794504 0.4
300 1776.208866596222 0.1314797 0.4
300 1778.2119479179382 0.12925440000000002 0.4
300 1780.2153301239014 0.13235005635566688 0.4
300 1782.218227148056 0.1331628267667292 0.4
300 1784.221761226654 0.1341710861423221 0.4
300 1786.225345134735 0.15701966271080572 0.4
300 1788.2291595935822 0.13638784240150092 0.4
300 1790.2319853305817 0.13455140537164273 0.4
300 1792.23504114151 0.1357196 0.4
300 1794.2397100925446 0.13595544430538173 0.4
300 1796.2431273460388 0.13310268918073795 0.4
300 1798.2463858127594 0.13228362273579014 0.4
300 1800.2496712207794 0.1330334459036898 0.4
300 1802.2528023719788 0.1330024 0.4
300 1804.2562053203583 0.14154633354153653 0.4
300 1806.2590346336365 0.1349572 0.4
300 1808.2629618644714 0.13275599999999999 0.4
300 1810.266089439392 0.13220647095565272 0.4
300 1812.269268989563 0.1330115 0.4
300 1814.2728278636932 0.1318684 0.4
300 1816.2761080265045 0.1337768 0.4
300 1818.279574394226 0.13478083802376484 0.4
300 1820.2824788093567 0.1337429 0.4
300 1822.285625219345 0.13437988742964355 0.4
300 1824.2895748615265 0.13496379525593008 0.4
300 1826.2929048538208 0.1347629268292683 0.4
300 1828.2967884540558 0.13754976860537838 0.4
300 1830.2999241352081 0.1331989 0.4
300 1832.3036088943481 0.13378800000000002 0.4
300 1834.3074269294739 0.14139227016885553 0.4
300 1836.3114440441132 0.14077711430356027 0.4
300 1838.3149724006653 0.1349912 0.4
300 1840.3188230991364 0.1392274656679151 0.4
300 1842.3225944042206 0.13399310861423222 0.4
300 1844.3258378505707 0.1350773 0.4
300 1846.3295652866364 0.1581379637726421 0.4
300 1848.3329405784607 0.1330043 0.4
300 1850.3369181156158 0.13246680824484697 0.4
300 1852.3403143882751 0.13308057535959975 0.4
300 1854.3444805145264 0.1377053 0.4
300 1856.348474264145 0.1342348 0.4
300 1858.3515989780426 0.13211242973141787 0.4
300 1860.3554339408875 0.13457738913179262 0.4
300 1862.3598108291626 0.1462193 0.4
300 1864.363187789917 0.1372967895065584 0.4
300 1866.367442369461 0.1339809476309227 0.4
300 1868.3706669807434 0.13787267041901188 0.4
300 1870.375093460083 0.1349521 0.4
300 1872.3782968521118 0.1401964772017489 0.4
300 1874.3822548389435 0.1472091 0.4
300 1876.3861136436462 0.14794832917705736 0.4
300 1878.3894138336182 0.13563415730337078 0.4
300 1880.3926436901093 0.13629752808988765 0.4
300 1882.3957314491272 0.136294684177611 0.4
300 1884.399257659912 0.1403278146524734 0.4
300 1886.4024348258972 0.13880030000000002 0.4
300 1888.4062514305115 0.13811121951219513 0.4
300 1890.4102437496185 0.1446172 0.4
300 1892.413655757904 0.13513578027465667 0.4
300 1894.4175379276276 0.1385261788617886 0.4
300 1896.4216668605804 0.14953014366021236 0.4
300 1898.4254302978516 0.13677450000000002 0.4
300 1900.428687095642 0.1341601997503121 0.4
300 1902.4323189258575 0.1390009244222361 0.4
300 1904.4352357387543 0.1378825766103815 0.4
300 1906.4387745857239 0.1542198252184769 0.4
300 1908.4429996013641 0.13512345648090168 0.4
300 1910.4460971355438 0.1330936 0.4
300 1912.4495766162872 0.1334823 0.4
300 1914.453119277954 0.13568429463171036 0.4
300 1916.4567549228668 0.14100758104738154 0.4
300 1918.4600393772125 0.13628556456643792 0.4
300 1920.4633603096008 0.13553470919324578 0.4
300 1922.4668428897858 0.1347115159076731 0.4
300 1924.4702587127686 0.13495234521575986 0.4
300 1926.4736595153809 0.13438278924327704 0.4
300 1928.4782235622406 0.13046857142857143 0.4
300 1930.482117176056 0.13218248594628357 0.4
300 1932.4860246181488 0.13311950093574548 0.4
300 1934.4899740219116 0.14731172069825438 0.4
300 1936.4936220645905 0.13191205496564648 0.4
300 1938.497038602829 0.13195432854465958 0.4
300 1940.5003671646118 0.13397901064495932 0.4
300 1942.5038332939148 0.13288239999999998 0.4
300 1944.5079681873322 0.13405671455340412 0.4
300 1946.511384010315 0.13806443890274314 0.4
300 1948.5151901245117 0.1312861 0.4
300 1950.5186138153076 0.1304012991880075 0.4
300 1952.5221021175385 0.1303441349156777 0.4
300 1954.5257132053375 0.13058 0.4
300 1956.52894449234 0.13567438948027552 0.4
300 1958.532508134842 0.13357370000000002 0.4
300 1960.5357763767242 0.13372779999999998 0.4
300 1962.5408234596252 0.1366615134459037 0.4
300 1964.544243812561 0.1360322798251093 0.4
300 1966.5480313301086 0.13525246558197748 0.4
300 1968.5515229701996 0.1338821 0.4
300 1970.5548248291016 0.1348279 0.4
300 1972.557766199112 0.13387552779512807 0.4
300 1974.561362028122 0.134357 0.4
300 1976.5648245811462 0.1373476 0.4
300 1978.5677449703217 0.1356083 0.4
300 1980.570895910263 0.13589349968808484 0.4
300 1982.5745251178741 0.13719094434021264 0.4
300 1984.5781936645508 0.13434079999999998 0.4
300 1986.5815081596375 0.13360887227414328 0.4
300 1988.5849449634552 0.13287240948813983 0.4
300 1990.5886046886444 0.13332622889305817 0.4
300 1992.5922062397003 0.135901114589856 0.4
300 1994.595772743225 0.1377344 0.4
300 1996.5991203784943 0.13611632729544035 0.4
300 1998.6035676002502 0.1364238 0.4
300 2000.6069958209991 0.13615029393370856 0.4
300 2002.6107466220856 0.133289 0.4
300 2004.614585161209 0.13689098626716603 0.4
300 2006.617761850357 0.13483083073079324 0.4
300 2008.6215217113495 0.13858819427148195 0.4
300 2010.6250019073486 0.13683852776044916 0.4
300 2012.628184080124 0.1416056 0.4
300 2014.6316394805908 0.13851480000000002 0.4
300 2016.6352996826172 0.13899292941911304 0.4
300 2018.6384046077728 0.13486172284644196 0.4
300 2020.6417121887207 0.13801983760149905 0.4
300 2022.6447672843933 0.1391932042473454 0.4
300 2024.6487720012665 0.13679830106183635 0.4
300 2026.652049779892 0.1390989 0.4
300 2028.655654668808 0.14709309956167813 0.4
300 2030.6587784290314 0.1350564 0.4
300 2032.663682937622 0.13586608369768896 0.4
300 2034.6673593521118 0.13842077403245942 0.4
300 2036.6706039905548 0.1371082 0.4
300 2038.6740176677704 0.13702898623279097 0.4
300 2040.6774969100952 0.13964780000000002 0.4
300 2042.6809463500977 0.1386255770430443 0.4
300 2044.6843185424805 0.1377875 0.4
300 2046.687945842743 0.13675975031210988 0.4
300 2048.691281080246 0.13732187382885697 0.4
300 2050.6949083805084 0.1351259073842303 0.4
300 2052.698435306549 0.1360492 0.4
300 2054.701949596405 0.13511989987484355 0.4
300 2056.705754995346 0.1390651842598376 0.4
300 2058.7091467380524 0.1436993395638629 0.4
300 2060.712970495224 0.1414775296319401 0.4
300 2062.7181651592255 0.16401198501872657 0.4
300 2064.722615480423 0.1604498188632105 0.4
300 2066.7255878448486 0.13762264245460237 0.4
300 2068.729615211487 0.14224699562773266 0.4
300 2070.7336761951447 0.13855760449157828 0.4
300 2072.7394638061523 0.16539785268414484 0.4
300 2074.74324965477 0.1385097 0.4
300 2076.7463598251343 0.1355944931163955 0.4
300 2078.750160932541 0.13626863579474344 0.4
300 2080.7533876895905 0.13455850280723644 0.4
300 2082.7567431926727 0.13553021276595745 0.4
300 2084.7604751586914 0.13441519050593378 0.4
300 2086.7641587257385 0.14290478450968144 0.4
300 2088.767336845398 0.1327955917345022 0.4
300 2090.7710156440735 0.131644 0.4
300 2092.7750244140625 0.13092024968789012 0.4
300 2094.7789494991302 0.1322309 0.4
300 2096.7823946475983 0.13581001873828857 0.4
300 2098.785882472992 0.1355122903629537 0.4
300 2100.7905461788177 0.13358111801242237 0.4
300 2102.7943336963654 0.13721530218068534 0.4
300 2104.7975239753723 0.13579059263880225 0.4
300 2106.8008177280426 0.13760519675202998 0.4
300 2108.8042175769806 0.13561261576971215 0.4
300 2110.8077354431152 0.1357830356027483 0.4
300 2112.810859680176 0.1351878924327705 0.4
300 2114.81476688385 0.13359979987492182 0.4
300 2116.818460226059 0.13567520599250937 0.4
300 2118.8214976787567 0.1353639 0.4
300 2120.8247952461243 0.1335063 0.4
300 2122.8281457424164 0.13214282147315856 0.4
300 2124.8317098617554 0.15540262008733624 0.4
300 2126.8352847099304 0.13388057535959974 0.4
300 2128.83873462677 0.13665861163227017 0.4
300 2130.8422594070435 0.13542002496878902 0.4
300 2132.8459606170654 0.14034478450968146 0.4
300 2134.8503756523132 0.13571162212554383 0.4
300 2136.853791475296 0.13321941359950093 0.4
300 2138.857216358185 0.131512523364486 0.4
300 2140.860549926758 0.13223154471544715 0.4
300 2142.8642675876617 0.13639075577763896 0.4
300 2144.8678328990936 0.13515494367959952 0.4
300 2146.8714225292206 0.1416009005628518 0.4
300 2148.875057220459 0.13967380387257963 0.4
300 2150.8796441555023 0.16408815509693558 0.4
300 2152.8844799995422 0.17514976860537834 0.4
300 2154.8879840373993 0.1356635 0.4
300 2156.8918862342834 0.15902211118051218 0.4
300 2158.8951313495636 0.13961084322298564 0.4
300 2160.89860868454 0.13400054897067998 0.4
300 2162.902309179306 0.1349806257822278 0.4
300 2164.9054317474365 0.13963176029962548 0.4
300 2166.9091041088104 0.13542701622971284 0.4
300 2168.9132318496704 0.13380856964397253 0.4
300 2170.9171991348267 0.1331928 0.4
300 2172.9206607341766 0.13569367436057392 0.4
300 2174.9244043827057 0.1350292 0.4
300 2176.927661418915 0.1395107116104869 0.4
300 2178.930760860443 0.1357205 0.4
300 2180.9341320991516 0.13598689180737963 0.4
300 2182.9376425743103 0.1364278326046221 0.4
300 2184.9412684440613 0.158265468164794 0.4
300 2186.944263458252 0.13616549313358303 0.4
300 2188.948004722595 0.1413332 0.4
300 2190.9511625766754 0.1346946 0.4
300 2192.9548552036285 0.13332252027448535 0.4
300 2194.95849776268 0.10753857677902623 0.4
300 2196.962370157242 0.13537349156777015 0.4
300 2198.9657340049744 0.14390016239850092 0.4
300 2200.969272375107 0.13319470661672908 0.4
300 2202.9735791683197 0.13654847161572053 0.4
300 2204.977067232132 0.13350423940149625 0.4
300 2206.9802515506744 0.14281430529595016 0.4
300 2208.98388338089 0.13374740787008121 0.4
300 2210.9868199825287 0.13490131332082553 0.4
300 2212.9909176826477 0.13855940037476577 0.4
300 2214.9944429397583 0.13773043695380774 0.4
300 2216.9980635643005 0.13940257339163023 0.4
300 2219.001876115799 0.1360974781523096 0.4
300 2221.005554676056 0.1352648 0.4
300 2223.008918762207 0.13792848938826466 0.4
300 2225.0121500492096 0.13486408010012516 0.4
300 2227.0157883167267 0.13581891317926295 0.4
300 2229.0186898708344 0.13495200000000002 0.4
300 2231.0224306583405 0.13468257661038147 0.4
300 2233.0255060195923 0.13583989999999999 0.4
300 2235.030021905899 0.13474193548387098 0.4
300 2237.033256292343 0.13760509681449096 0.4
300 2239.03640294075 0.13694277847309136 0.4
300 2241.039715051651 0.1353480149812734 0.4
300 2243.042627096176 0.1382678651685393 0.4
300 2245.0464918613434 0.1585684 0.4
300 2247.0501573085785 0.14676335419274092 0.4
300 2249.0535440444946 0.1566408 0.4
300 2251.057193994522 0.14145499063085573 0.4
300 2253.060569524765 0.13881162819713036 0.4
300 2255.064306974411 0.1533656 0.4
300 2257.067103624344 0.13279830212234708 0.4
300 2259.0707745552063 0.13685246558197747 0.4
300 2261.074300289154 0.158595710723192 0.4
300 2263.0776081085205 0.14156756082345603 0.4
300 2265.081369161606 0.1613425172197871 0.4
300 2267.0849125385284 0.161979837398374 0.4
300 2269.088572025299 0.15246918648310387 0.4
300 2271.0928676128387 0.14278688360450564 0.4
300 2273.0964617729187 0.14320590368980612 0.4
300 2275.099766731262 0.14334629143214508 0.4
300 2277.103419780731 0.15549261711430357 0.4
300 2279.10631108284 0.13509987484355443 0.4
300 2281.109514951706 0.13422322097378275 0.4
300 2283.1127972602844 0.13718191609267377 0.4
300 2285.1160662174225 0.13731862757330007 0.4
300 2287.1198737621307 0.15694328955597248 0.4
300 2289.1232056617737 0.13491434292866084 0.4
300 2291.126807451248 0.15984960600375234 0.4
300 2293.130138397217 0.1593332833020638 0.4
300 2295.1339201927185 0.14207340000000002 0.4
300 2297.1371581554413 0.13560785490931831 0.4
300 2299.1401319503784 0.13754953692115143 0.4
300 2301.14315700531 0.14032980612883053 0.4
300 2303.147127866745 0.16280285178236398 0.4
300 2305.151223182678 0.15204427232979387 0.4
300 2307.154931306839 0.15781533458411506 0.4
300 2309.1579401493073 0.1339021 0.4
300 2311.161420106888 0.13484572142410992 0.4
300 2313.164726257324 0.13464649188514355 0.4
300 2315.168134689331 0.13613640000000002 0.4
300 2317.1712732315063 0.13683334167709638 0.4
300 2319.1748094558716 0.13420811992504686 0.4
300 2321.178858280182 0.14580758104738156 0.4
300 2323.182426214218 0.15818569818409517 0.4
300 2325.1859414577484 0.13497304184884448 0.4
300 2327.1890637874603 0.13647470661672909 0.4
300 2329.1926243305206 0.1437765 0.4
300 2331.1962428092957 0.15541439999999998 0.4
300 2333.2005796432495 0.13843837601499062 0.4
300 2335.2041347026825 0.13345761100687928 0.4
300 2337.2080318927765 0.1335946 0.4
300 2339.212399482727 0.136016379525593 0.4
300 2341.215794324875 0.13147777360850532 0.4
300 2343.2191178798676 0.132206 0.4
300 2345.22247171402 0.13219247970018738 0.4
300 2347.2260041236877 0.13233369144284823 0.4
300 2349.22927069664 0.13071650218613368 0.4
300 2351.2327241897583 0.13096828963795257 0.4
300 2353.2368252277374 0.1336248689138577 0.4
300 2355.240646839142 0.14683564455569462 0.4
300 2357.2443084716797 0.13578769999999998 0.4
300 2359.2476291656494 0.13601038701622972 0.4
300 2361.250782728195 0.13161973766396 0.4
300 2363.2546968460083 0.1356974 0.4
300 2365.2580182552338 0.15420084893882646 0.4
300 2367.261345386505 0.13172264669163547 0.4
300 2369.264684677124 0.13143545284197378 0.4
300 2371.267866373062 0.13122018738288568 0.4
300 2373.272434949875 0.13106551594746718 0.4
300 2375.276419878006 0.15413921495327104 0.4
300 2377.2798311710358 0.13608749063670414 0.4
300 2379.283314228058 0.1348028 0.4
300 2381.286610364914 0.13260147592245156 0.4
300 2383.290408372879 0.1369039700374532 0.4
300 2385.293774843216 0.1406077 0.4
300 2387.2973732948303 0.1348336579275905 0.4
300 2389.301240682602 0.14700202373516552 0.4
300 2391.3046309947968 0.13374840724547157 0.4
300 2393.308444738388 0.13554132665832289 0.4
300 2395.312648296356 0.1441393 0.4
300 2397.316466808319 0.13641501877346682 0.4
300 2399.320097208023 0.1335665 0.4
300 2401.323501586914 0.1371282 0.4
300 2403.327082157135 0.14072165103189493 0.4
300 2405.3305428028107 0.1346775 0.4
300 2407.3346087932587 0.138099 0.4
300 2409.3382189273834 0.1350693 0.4
300 2411.3416471481323 0.13628554307116106 0.4
300 2413.344908475876 0.13703944896681278 0.4
300 2415.3484766483307 0.14421853658536585 0.4
300 2417.3516249656677 0.13654068621334997 0.4
300 2419.3551864624023 0.1377202 0.4
300 2421.3583307266235 0.1339633 0.4
300 2423.3618853092194 0.1350974 0.4
300 2425.3653042316437 0.1488782 0.4
300 2427.3683018684387 0.133172933083177 0.4
300 2429.371216058731 0.1344902 0.4
300 2431.374634742737 0.13655995003123048 0.4
300 2433.3784749507904 0.13487529411764707 0.4
300 2435.3821058273315 0.14832880550343963 0.4
300 2437.3858346939087 0.13830206121174266 0.4
300 2439.388720035553 0.13570493116395493 0.4
300 2441.393043756485 0.13584260162601625 0.4
300 2443.3961358070374 0.13520019987507806 0.4
300 2445.399427652359 0.13501101811367894 0.4
300 2447.402496099472 0.13542834271419638 0.4
300 2449.405547142029 0.13642913642052565 0.4
300 2451.4085371494293 0.13634783479349188 0.4
300 2453.4123363494873 0.1441263789868668 0.4
300 2455.4153678417206 0.14172404494382024 0.4
300 2457.4191846847534 0.13693541536539663 0.4
300 2459.4225981235504 0.13755912554653343 0.4
300 2461.4267082214355 0.13763653150343108 0.4
300 2463.430449962616 0.1381221263289556 0.4
300 2465.433584690094 0.131795 0.4
300 2467.437290430069 0.13236767020612117 0.4
300 2469.4403455257416 0.1347487 0.4
300 2471.443933725357 0.13760590368980613 0.4
300 2473.448519229889 0.1516275344180225 0.4
300 2475.451824903488 0.14462229999999998 0.4
300 2477.455049753189 0.1357612507817386 0.4
300 2479.4585316181183 0.13674223610243597 0.4
300 2481.4619159698486 0.1375672204871955 0.4
300 2483.466186285019 0.1373765190268247 0.4
300 2485.4694957733154 0.1415025 0.4
300 2487.472810983658 0.136102336039975 0.4
300 2489.4767141342163 0.15486631710362048 0.4
300 2491.480566740036 0.136419637726421 0.4
300 2493.4839787483215 0.13788968105065666 0.4
300 2495.4878866672516 0.1566180548628429 0.4
300 2497.4910712242126 0.1339012 0.4
300 2499.4942865371704 0.1331918 0.4
300 2501.4980907440186 0.13349740000000002 0.4
300 2503.5018062591553 0.13298756554307115 0.4
300 2505.505307197571 0.13580647904940588 0.4
300 2507.509260416031 0.13061 0.4
300 2509.5138127803802 0.13387295880149813 0.4
300 2511.51677441597 0.1331486462882096 0.4
300 2513.5206804275513 0.13604402751719824 0.4
300 2515.5236983299255 0.14399759699624531 0.4
300 2517.5269100666046 0.13323465667915105 0.4
300 2519.5302596092224 0.13477366645846348 0.4
300 2521.534198999405 0.1314896 0.4
300 2523.5373249053955 0.14117250155957578 0.4
300 2525.5409049987793 0.18385983719474014 0.4
300 2527.544943332672 0.1624643391521197 0.4
300 2529.5486845970154 0.18431680798004987 0.4
300 2531.5533332824707 0.15952808988764045 0.4
300 2533.5565435886383 0.16303051777916405 0.4
300 2535.560487985611 0.16585357545397622 0.4
300 2537.5642743110657 0.15554871794871794 0.4
300 2539.5680828094482 0.1575110555902561 0.4
300 2541.5731213092804 0.1333549063670412 0.4
300 2543.577303171158 0.19112516770186336 0.4
300 2545.5806369781494 0.1881529353233831 0.4
300 2547.585242986679 0.23270336239103362 0.4
300 2549.5890607833862 0.18141428392745465 0.4
300 2551.593989133835 0.16154616822429907 0.4
300 2553.5980608463287 0.16019709136109386 0.4
300 2555.6018261909485 0.1573014463840399 0.4
300 2557.605887413025 0.1539176044915783 0.4
300 2559.60986661911 0.16806461922596755 0.4
300 2561.6139833927155 0.16851673112913287 0.4
300 2563.617801427841 0.18353570981863665 0.4
300 2565.622504711151 0.10582554096310193 0.4
300 2567.626511335373 0.1603216 0.4
300 2569.630599498749 0.16425610000000002 0.4
300 2571.6342260837555 0.11097484072454715 0.4
300 2573.638839483261 0.16321879428216282 0.4
300 2575.6465640068054 0.16200139476961395 0.4
300 2577.6505103111267 0.15811787632729543 0.4
300 2579.654670238495 0.16308262008733623 0.4
300 2581.659175634384 0.16007473945409428 0.4
300 2583.6635291576385 0.20177259212991883 0.4
300 2585.667021036148 0.13846347934918649 0.4
300 2587.6712577342987 0.14689320825515947 0.4
300 2589.6746892929077 0.14555251095804633 0.4
300 2591.6776423454285 0.13360219862585884 0.4
300 2593.68132519722 0.1459398123827392 0.4
300 2595.6846210956573 0.14341843652282676 0.4
300 2597.688486099243 0.14130600000000001 0.4
300 2599.692577123642 0.15643687304565354 0.4
300 2601.6958758831024 0.1446766228893058 0.4
300 2603.700145959854 0.15829363352095058 0.4
300 2605.7037239074707 0.15618033813400126 0.4
300 2607.7069132328033 0.140081349156777 0.4
300 2609.7123250961304 0.18919984990619138 0.4
300 2611.7160365581512 0.1800939762053851 0.4
300 2613.719813346863 0.1421930293566521 0.4
300 2615.7231335639954 0.1357143214509068 0.4
300 2617.7273209095 0.1412779 0.4
300 2619.730959892273 0.14166501872659176 0.4
300 2621.734545469284 0.15372468827930175 0.4
300 2623.73841881752 0.145702336039975 0.4
300 2625.742193698883 0.1464096 0.4
300 2627.7458939552307 0.13897538077403246 0.4
300 2629.749724149704 0.15217258426966293 0.4
300 2631.753252506256 0.14402018738288572 0.4
300 2633.7571573257446 0.1506005 0.4
300 2635.7601914405823 0.1388562297128589 0.4
300 2637.763824939728 0.1362306441525954 0.4
300 2639.7682144641876 0.1557271 0.4
300 2641.7720041275024 0.1566033771106942 0.4
300 2643.7765707969666 0.1449257 0.4
300 2645.779937505722 0.13878312109862673 0.4
300 2647.7832794189453 0.15755268870867126 0.4
300 2649.7868671417236 0.1351551280449719 0.4
300 2651.790271997452 0.13623144465290807 0.4
300 2653.794165611267 0.14201662077596997 0.4
300 2655.7980120182037 0.139208 0.4
300 2657.8014738559723 0.13919569731081924 0.4
300 2659.8059298992157 0.14078042446941322 0.4
300 2661.809681892395 0.14135330000000002 0.4
300 2663.812730073929 0.1395576529338327 0.4
300 2665.816432952881 0.14232054897067997 0.4
300 2667.819867372513 0.1415418636647905 0.4
300 2669.8236565589905 0.14198329999999998 0.4
300 2671.826804637909 0.1487577736085053 0.4
300 2673.8305542469025 0.13627049282595136 0.4
300 2675.8335423469543 0.1353754903185509 0.4
300 2677.8381032943726 0.1428218636647905 0.4
300 2679.8414149284363 0.157990855715178 0.4
300 2681.8452472686768 0.14658297128589262 0.4
300 2683.8485770225525 0.14739442151344592 0.4
300 2685.8523211479187 0.14482218613366646 0.4
300 2687.8557543754578 0.1447674 0.4
300 2689.85906291008 0.1370019 0.4
300 2691.8624720573425 0.13947664580725908 0.4
300 2693.8662054538727 0.14806136164896938 0.4
300 2695.869583129883 0.13456249532127262 0.4
300 2697.873717546463 0.13320448877805485 0.4
300 2699.8773670196533 0.13941050000000002 0.4
300 2701.8808238506317 0.142878 0.4
300 2703.885125875473 0.13837960000000002 0.4
300 2705.888393163681 0.1341052157598499 0.4
300 2707.8923559188843 0.1410364956195244 0.4
300 2709.8953051567078 0.1336787 0.4
300 2711.8995232582092 0.13632859462835728 0.4
300 2713.90314745903 0.14270680000000002 0.4
300 2715.906574487686 0.13212379999999999 0.4
300 2717.9105291366577 0.1350924 0.4
300 2719.9143102169037 0.13601666874610105 0.4
300 2721.917742729187 0.1313093316677077 0.4
300 2723.9209287166595 0.1409123 0.4
300 2725.9247221946716 0.1409815 0.4
300 2727.928033351898 0.13533889999999998 0.4
300 2729.931530714035 0.13860157401623985 0.4
300 2731.935393333435 0.15581001873828856 0.4
300 2733.939362049103 0.1585701253132832 0.4
300 2735.9432339668274 0.15586072590738423 0.4
300 2737.94669008255 0.1364367270455965 0.4
300 2739.950883626938 0.1373235 0.4
300 2741.955609560013 0.17879765439800374 0.4
300 2743.9597482681274 0.1599196497811132 0.4
300 2745.9643602371216 0.13228762023735166 0.4
300 2747.967853307724 0.1341949281698938 0.4
300 2749.9711470603943 0.13408979387882575 0.4
300 2751.974344968796 0.13333896314803248 0.4
300 2753.9779374599457 0.1378015 0.4
300 2755.9821858406067 0.16787962476547844 0.4
300 2757.9862048625946 0.13890606741573033 0.4
300 2759.989807844162 0.1542176419213974 0.4
300 2761.993367433548 0.14412032479700188 0.4
300 2763.9968190193176 0.1403132 0.4
300 2766.0002427101135 0.1385588 0.4
300 2768.0035831928253 0.13597411617738914 0.4
300 2770.0066990852356 0.13465249999999998 0.4
300 2772.0104870796204 0.1394365521549032 0.4
300 2774.0142998695374 0.1404645 0.4
300 2776.0177414417267 0.13580124843945068 0.4
300 2778.0212676525116 0.13884524344569288 0.4
300 2780.025805234909 0.1359061519302615 0.4
300 2782.0289442539215 0.13546666666666665 0.4
300 2784.0331060886383 0.1351441349156777 0.4
300 2786.0365929603577 0.14168454148471615 0.4
300 2788.040728330612 0.14153514053716426 0.4
300 2790.0445473194122 0.13597054477144646 0.4
300 2792.048386335373 0.1496858 0.4
300 2794.05198097229 0.15596187617260787 0.4
300 2796.055021047592 0.13220685857321654 0.4
300 2798.059148311615 0.15005213483146065 0.4
300 2800.0625035762787 0.13540913857677903 0.4
300 2802.0656480789185 0.13091173967459324 0.4
300 2804.069188117981 0.13658593379138037 0.4
300 2806.0728347301483 0.15802563204005005 0.4
300 2808.075863838196 0.13202332916145182 0.4
300 2810.0794756412506 0.13323207004377738 0.4
300 2812.0827975273132 0.1344169211514393 0.4
300 2814.087164402008 0.13243823052959502 0.4
300 2816.0905480384827 0.144014 0.4
300 2818.094289779663 0.14650380000000002 0.4
300 2820.0981822013855 0.1410876404494382 0.4
300 2822.1020267009735 0.15303745159275453 0.4
300 2824.1057510375977 0.14014629143214508 0.4
300 2826.109357357025 0.1382534 0.4
300 2828.1129899024963 0.13650311444652907 0.4
300 2830.1168506145477 0.1398053783614759 0.4
300 2832.120567560196 0.13742862133499686 0.4
300 2834.1243953704834 0.13723815230961298 0.4
300 2836.1282596588135 0.1373861672908864 0.4
300 2838.13187456131 0.14504508728179552 0.4
300 2840.1355471611023 0.15257626016260162 0.4
300 2842.1395473480225 0.1484170786516854 0.4
300 2844.143177509308 0.1381892 0.4
300 2846.1468052864075 0.1548021972534332 0.4
300 2848.150799512863 0.14520595372107567 0.4
300 2850.1545145511627 0.1499887570268582 0.4
300 2852.1580471992493 0.1521032645403377 0.4
300 2854.1618115901947 0.16010243597751406 0.4
300 2856.166098833084 0.13462360124610592 0.4
300 2858.1693980693817 0.13665646912039925 0.4
300 2860.1730530261993 0.1362585152838428 0.4
300 2862.176446199417 0.139626 0.4
300 2864.1797659397125 0.1361403 0.4
300 2866.1831674575806 0.13717493433395872 0.4
300 2868.1867690086365 0.15300958594730238 0.4
300 2870.190474510193 0.1327681 0.4
300 2872.194789171219 0.13747008119925047 0.4
300 2874.198110103607 0.1399533291692692 0.4
300 2876.201664209366 0.13588062383031815 0.4
300 2878.2053010463715 0.1332558302122347 0.4
300 2880.2085466384888 0.13572986883198002 0.4
300 2882.2128052711487 0.1473934418022528 0.4
300 2884.216493368149 0.1360043945068664 0.4
300 2886.2198338508606 0.13452920000000002 0.4
300 2888.2232830524445 0.14217826141338336 0.4
300 2890.2271592617035 0.15959275452841973 0.4
300 2892.23082447052 0.09903800124921923 0.4
300 2894.234352350235 0.13584980000000002 0.4
300 2896.2382097244263 0.16821553058676655 0.4
300 2898.2421369552612 0.16059322160148976 0.4
300 2900.2460923194885 0.1000747 0.4
300 2902.2497465610504 0.1627563 0.4
300 2904.2537248134613 0.16088663755458515 0.4
300 2906.258004426956 0.18436890829694322 0.4
300 2908.262006521225 0.16458494088363412 0.4
300 2910.2656903266907 0.15913498127340825 0.4
300 2912.2700848579407 0.1656211339563863 0.4
300 2914.2739470005035 0.16173265127885217 0.4
300 2916.279040813446 0.18920760720944685 0.4
300 2918.2830798625946 0.16128508728179553 0.4
300 2920.2870349884033 0.1796075077688005 0.4
300 2922.2909965515137 0.10949406620861962 0.4
300 2924.2946951389313 0.13779660847880298 0.4
300 2926.2988352775574 0.1380969 0.4
300 2928.303061246872 0.1563143 0.4
300 2930.306752681732 0.1391386150966937 0.4
300 2932.3106434345245 0.15943620474406991 0.4
300 2934.3143463134766 0.173078574108818 0.4
300 2936.3179852962494 0.15130117353308364 0.4
300 2938.3218910694122 0.15133093632958802 0.4
300 2940.325278520584 0.1481289388264669 0.4
300 2942.3292655944824 0.14734038774233896 0.4
300 2944.3324604034424 0.13623156581409857 0.4
300 2946.3363988399506 0.1472037905236908 0.4
300 2948.341177225113 0.1497665876481597 0.4
