0 1.0176525115966797 22.210249888751544 0.3
1 3.0213515758514404 0.1834349 0.3
2 5.02528715133667 23.759685778331257 0.3
3 7.029036283493042 23.85468606965174 0.3
4 9.032567024230957 23.111220565805656 0.3
6 11.035658836364746 24.236147425742573 0.3
7 13.04002857208252 23.274943492063493 0.3
9 15.044088125228882 23.794824142593733 0.3
10 17.047024965286255 23.800366375384616 0.3
12 19.051220178604126 23.191824855562384 0.3
13 21.055379629135132 23.59822261728395 0.3
15 23.06019687652588 22.251953608883404 0.3
16 25.063430309295654 24.746711950920243 0.3
17 27.068076848983765 22.585002998171845 0.3
19 29.07172155380249 24.142662711246203 0.3
20 31.075803518295288 23.609348343711083 0.3
21 33.07966613769531 23.457584259028643 0.3
23 35.08285474777222 23.403345463596764 0.3
24 37.087297677993774 23.530326761258483 0.3
25 39.09070062637329 21.25013860407659 0.3
27 41.09480571746826 23.04405362962963 0.3
28 43.09816598892212 23.24959442883323 0.3
30 45.10235238075256 22.60989900846433 0.3
31 47.10629487037659 23.202864409257003 0.3
32 49.10977077484131 23.111101749235473 0.3
34 51.11396384239197 23.401641236093944 0.3
35 53.1173460483551 23.10474337408313 0.3
37 55.12166237831116 22.163023715511958 0.3
38 57.12586712837219 22.71628506082725 0.3
39 59.128684520721436 22.838411589932477 0.3
41 61.13316559791565 22.910304808877928 0.3
42 63.13789463043213 22.345465972738538 0.3
44 65.14134669303894 22.809665217925108 0.3
45 67.14527988433838 21.791531331719128 0.3
46 69.15013575553894 22.759773415536376 0.3
48 71.15354228019714 21.846329865689864 0.3
49 73.15622735023499 23.01320617647059 0.3
51 75.1610586643219 22.440758039215687 0.3
52 77.16385865211487 22.4624672293578 0.3
53 79.16920638084412 21.64647804400978 0.3
55 81.17221117019653 20.79669126691267 0.3
56 83.17563152313232 19.810789642416772 0.3
57 85.17965459823608 22.660539251992642 0.3
59 87.18293237686157 21.982785916870416 0.3
60 89.18761777877808 21.6424716934487 0.3
61 91.19104290008545 21.972221478313987 0.3
63 93.19451856613159 22.68976370957901 0.3
64 95.20137810707092 22.965908690842042 0.3
66 97.204430103302 22.265462311926605 0.3
67 99.20770716667175 22.336063015384617 0.3
68 101.21257400512695 21.196478250303766 0.3
70 103.21463537216187 21.737390829748 0.3
71 105.21888041496277 21.31851196102314 0.3
72 107.22255539894104 22.198945824647456 0.3
74 109.22881031036377 19.894274642201832 0.3
75 111.23000478744507 19.431962538508934 0.3
77 113.23498892784119 21.73327251231527 0.3
78 115.23769068717957 22.761480272783633 0.3
79 117.24054884910583 22.07144856269113 0.3
81 119.24615454673767 22.039574907749078 0.3
82 121.2474913597107 21.890580613496933 0.3
83 123.25156474113464 22.559750036630035 0.3
85 125.2561297416687 21.49878042918455 0.3
86 127.26397633552551 21.402451756007395 0.3
87 129.2642629146576 20.058636764156816 0.3
89 131.26687788963318 20.599005536933582 0.3
90 133.27236366271973 23.1737721016739 0.3
91 135.27503371238708 22.16114570719603 0.3
92 137.27880477905273 20.027567700000002 0.3
94 139.28206753730774 19.57492371747212 0.3
95 141.28539085388184 19.289957834474176 0.3
96 143.28955149650574 19.69710527363184 0.3
97 145.29262518882751 19.06594861788618 0.3
98 147.2971067428589 18.941914809731752 0.3
100 149.30036425590515 20.714876223602484 0.3
101 151.3026852607727 18.838061626319057 0.3
102 153.3057188987732 18.994455591531757 0.3
103 155.30974769592285 22.080639302615193 0.3
105 157.31632924079895 22.467615980148885 0.3
106 159.3194591999054 22.481024733581165 0.3
108 161.32315373420715 21.47991891223733 0.3
109 163.325040102005 21.754531485148515 0.3
110 165.33050346374512 21.83916068796069 0.3
112 167.3337893486023 22.541388701538462 0.3
113 169.34025192260742 21.326109792429794 0.3
114 171.34246230125427 21.662746930693068 0.3
116 173.34563326835632 22.062378975940778 0.3
117 175.35011053085327 21.93504149068323 0.3
118 177.35306859016418 21.52397139007961 0.3
120 179.35730481147766 21.943214036809817 0.3
121 181.3630871772766 18.84250798029557 0.3
122 183.3676197528839 17.93524406364749 0.3
123 185.36814284324646 19.165097747692307 0.3
125 187.3734803199768 18.712012414649287 0.3
126 189.37657713890076 18.296155334987592 0.3
127 191.38219237327576 18.8391205918619 0.3
128 193.38283610343933 19.16639347342398 0.3
129 195.3871030807495 18.294754825260576 0.3
130 197.39103651046753 0.16933669369931378 0.4
131 199.39519882202148 25.627036258461537 0.4
132 201.40033626556396 20.60874514851485 0.4
133 203.40760898590088 18.79824437267081 0.4
134 205.40903449058533 18.02823483076923 0.4
136 207.4140808582306 17.79506884923077 0.4
137 209.41683053970337 18.082210655021836 0.4
138 211.41785740852356 5.549945732165207 0.5
138 213.42173528671265 19.033071939924906 0.5
139 215.42615270614624 23.574496635630044 0.5
141 217.42988061904907 18.543261667696108 0.5
142 219.43686246871948 19.65077562189055 0.5
143 221.437805891037 17.96663520599251 0.5
144 223.4419825077057 20.19630508135169 0.5
145 225.44551062583923 18.942492037151702 0.5
146 227.44944763183594 17.992471243781093 0.5
148 229.45372343063354 18.991867363184078 0.5
149 231.4580271244049 18.781413184910328 0.5
150 233.4601821899414 4.6697312179887565 0.6
150 235.46350073814392 19.727538242990654 0.6
151 237.46850299835205 21.616283008079552 0.6
153 239.47257256507874 17.690485870646768 0.6
154 241.4773771762848 17.3548131 0.6
155 243.47773814201355 19.16344 0.6
156 245.48217248916626 17.022274 0.6
157 247.48530888557434 18.889207072100316 0.6
158 249.48873949050903 18.00763952529669 0.6
159 251.49186396598816 18.717194 0.6
160 253.4943721294403 17.87734802755166 0.6
162 255.4976305961609 17.694383337515685 0.6
163 257.5018391609192 19.037558213399503 0.6
164 259.5051386356354 18.180772382739214 0.6
165 261.5090892314911 17.03373185829708 0.6
166 263.51253962516785 23.783077847309137 0.7
167 265.5158519744873 0.1631571 0.7
168 267.5193371772766 24.045802063393413 0.7
169 269.5226035118103 17.96959542573027 0.7
170 271.52593207359314 6.942418066126013 0.8
170 273.52918219566345 17.46560508411215 0.8
171 275.53413462638855 22.43352422622747 0.8
173 277.5371985435486 18.12735001871491 0.8
174 279.54131031036377 18.369279601246106 0.8
175 281.54499673843384 18.399317433021807 0.8
176 283.5481641292572 18.23997015595758 0.8
177 285.55057525634766 18.196894017521902 0.8
178 287.5555491447449 17.78815440699126 0.8
179 289.55733585357666 16.442763199999998 0.8
180 291.5610213279724 18.3580543358396 0.8
181 293.5659716129303 17.737529132875856 0.8
182 295.57015085220337 17.736144200000002 0.8
184 297.5746304988861 18.72922216385241 0.8
185 299.57514929771423 17.518100436137072 0.8
186 301.5802433490753 18.242769192235443 0.8
187 303.58209562301636 17.746518828660438 0.8
188 305.58588552474976 17.471240449438202 0.8
189 307.58929896354675 16.363957593984964 0.8
190 309.5933961868286 16.8720736 0.8
191 311.59545969963074 18.296453651791325 0.8
192 313.60071063041687 16.359133658536585 0.8
193 315.6023225784302 18.99949908692933 0.8
194 317.60584115982056 0.16727145534041224 0.9
195 319.60964584350586 24.14743850374065 0.9
196 321.61396980285645 18.9757867 0.9
197 323.61834192276 18.530467673112913 0.9
198 325.6208527088165 16.943351343283584 0.9
199 327.6279709339142 16.40270103555833 0.9
200 329.62773084640503 16.719086273525722 0.9
201 331.63183188438416 18.29416314803248 0.9
202 333.6340308189392 15.875933400000001 0.9
204 335.64283299446106 16.445526276463262 0.9
205 337.6403965950012 16.459944491844418 0.9
206 339.6479640007019 15.913649693174703 0.9
207 341.64831495285034 16.972181968652038 0.9
208 343.64953088760376 16.788235128688008 0.9
209 345.65609431266785 17.006316595744682 0.9
210 347.65737438201904 16.542477293233084 0.9
211 349.66011595726013 17.76287879548306 0.9
212 351.66388750076294 18.622259064254525 0.9
213 353.6682085990906 17.308331093066833 0.9
214 355.6707727909088 17.716540375469336 0.9
215 357.6729712486267 17.124540947630923 0.9
216 359.6817548274994 16.76008758104738 0.9
217 361.68365240097046 16.920668945726764 0.9
218 363.6872477531433 18.56263845866998 0.9
219 365.69291162490845 17.378062613065325 0.9
220 367.69570302963257 17.66420325141777 0.9
222 369.69804763793945 17.17380734082397 0.9
223 371.7020511627197 16.504586062893082 0.9
224 373.7054977416992 18.352449442705073 0.9
225 375.7078597545624 16.19123166148102 0.9
226 377.7126863002777 17.62223919899875 0.9
227 379.71422266960144 16.47337107075767 0.9
228 381.71980476379395 16.910833984962405 0.9
229 383.72279381752014 23.135652200000003 1.0
230 385.7251784801483 0.16663539424280352 1.0
230 387.7284438610077 24.241632457996264 1.0
232 389.73285245895386 17.06213512437811 1.0
233 391.7399158477783 22.18203287671233 1.0
234 393.74275302886963 22.7992855721393 1.0
235 395.7511854171753 20.937921185185186 1.0
237 397.74912190437317 21.85082067859346 1.0
238 399.75355982780457 20.91436615573268 1.0
239 401.7593421936035 19.277884148148146 1.0
241 403.76156783103943 21.464832039555006 1.0
242 405.76553320884705 21.868682475247525 1.0
243 407.7703309059143 21.358070752019888 1.0
245 409.7705841064453 22.964427029030265 1.0
246 411.7824695110321 21.487867012987014 1.0
247 413.7799572944641 20.42103172413793 1.0
249 415.7859480381012 20.979818712446352 1.0
250 417.78702902793884 21.46204911764706 1.0
251 419.79558515548706 21.55643291795188 1.0
253 421.79941725730896 21.012244169221336 1.0
254 423.8007712364197 22.428774830351635 1.0
255 425.80393958091736 17.27883830845771 1.0
256 427.80877017974854 17.170360522063394 1.0
257 429.8135576248169 16.204666716510904 1.0
258 431.8209822177887 15.295334700432367 1.0
259 433.82374262809753 16.45811142680667 1.0
260 435.82572746276855 16.894890480349346 1.0
261 437.82660579681396 16.548748972431078 1.0
262 439.83283519744873 17.389014169278997 1.0
263 441.83394479751587 16.353806638089406 1.0
265 443.83809638023376 16.70701045539613 1.0
266 445.8415813446045 16.268697014925372 1.0
267 447.8455696105957 15.249401151439299 1.0
268 449.85218930244446 16.428607500000002 1.0
269 451.85645818710327 15.448365171767644 1.0
270 453.8577513694763 17.04777811603244 1.0
271 455.86062502861023 15.934889405878675 1.0
272 457.8639214038849 15.291559800498753 1.0
273 459.8675112724304 16.167352647058824 1.0
274 461.87280893325806 16.474152009987517 1.0
275 463.8772039413452 16.8797889 1.0
276 465.8788380622864 16.453009299999998 1.0
277 467.88312792778015 16.6958946898263 1.0
278 469.8874547481537 16.991932925764193 1.0
279 471.8913722038269 16.004885003095975 1.0
280 473.8952889442444 15.689197299999998 1.0
281 475.89899945259094 15.374327425742573 1.0
282 477.90773725509644 16.72664164691204 1.0
283 479.9074890613556 14.62180498434565 1.0
284 481.91506004333496 16.68997133208255 1.0
285 483.92186188697815 15.787372215269086 1.0
286 485.91959738731384 15.281139047619046 1.0
287 487.9214997291565 15.988308700000001 1.0
288 489.92498087882996 15.103841703193488 1.0
289 491.92859506607056 16.617954562383613 1.0
290 493.93542313575745 15.581672456575681 1.0
291 495.9378197193146 15.352954736188703 1.0
292 497.9411208629608 14.706937341614907 1.0
293 499.9445388317108 15.628654393099199 1.0
294 501.9525337219238 15.14295093399751 1.0
294 503.95476841926575 14.830661945137159 1.0
295 505.9572637081146 16.8739776119403 1.0
296 507.96147418022156 15.562082899999998 1.0
297 509.96633315086365 15.7764288639201 1.0
298 511.9672966003418 16.182728916718848 1.0
299 513.9696083068848 17.2072479 1.0
300 515.9718732833862 0.16284356830941982 1.0
300 517.9748055934906 0.160908535669587 1.0
300 519.9778580665588 0.15971684605757197 1.0
300 521.9810328483582 0.16274468457214242 1.0
300 523.984691619873 0.16002838226108682 1.0
300 525.9880211353302 0.1367732167395378 1.0
300 527.9923260211945 0.1623776419213974 1.0
300 529.9959623813629 0.143329662077597 1.0
300 531.9993965625763 0.13904060037523452 1.0
300 534.0029191970825 0.13797263420724093 1.0
300 536.0059158802032 0.13698658338538414 1.0
300 538.009516954422 0.13914386491557224 1.0
300 540.0130269527435 0.13829639999999999 1.0
300 542.0162434577942 0.1430025766103815 1.0
300 544.0193004608154 0.1366443 1.0
300 546.0230896472931 0.13968449157829071 1.0
300 548.026682138443 0.13704744534665833 1.0
300 550.0303785800934 0.13802506566604128 1.0
300 552.0339353084564 0.1446836272670419 1.0
300 554.0373547077179 0.141868 1.0
300 556.0414080619812 0.14040770963704632 1.0
300 558.0449748039246 0.14008215134459037 1.0
300 560.0488812923431 0.14149516552154903 1.0
300 562.0525279045105 0.1692776044915783 1.0
300 564.0578505992889 0.15228467792370232 1.0
300 566.061229467392 0.13725967459324154 1.0
300 568.0651426315308 0.16101684210526315 1.0
300 570.0680332183838 0.1523458484658735 1.0
